id_campana,cliente,plataforma,objetivo,segmento_edad,fecha,impresiones,clics,conversiones,gasto_mxn,ingresos_mxn
CMP-4152,Banco Azteca,Facebook Ads,Leads,,09/06/25,283174,10355,320,73862.81,154672.81
CMP-1683,Banco Azteca,Instagram Ads,Tráfico,55+,08/01/25,327008,9489,439,20405.55,171573.88
CMP-6631,Banco Azteca,TikTok Ads,Reconocimiento,55+,28/07/25,321271,3159,416,56073.02,186542.26
CMP-2884,Aeroméxico,Facebook Ads,Leads,18-24,14/10/25,309118,10706,501,44018.84,118541.89
CMP-1376,Banco Azteca,YouTube Ads,Conversión,45-54,04/09/25,197731,1783,642,16612.94,114082.96
CMP-10487, Liverpool  ,TikTok Ads,Reconocimiento,55+,02/03/25,110429,5218,9,76272.17,19356.27
CMP-8643,Bimbo,YouTube Ads,Reconocimiento,25-34,29/05/25,366451,13281,714,48279.39,165762.59
CMP-6262,OnStar,GOOGLE ADS,Conversión,45-54,24/09/25,172434,10989,339,67767.67,29974.96
CMP-2062,Aeroméxico,Facebook Ads,Reconocimiento,45-54,18/09/25,26309,8745,177,41354.13,
CMP-10717,Cerveza Modelo,LinkedIn Ads,Leads,25-34,30/03/25,182835,4550,415,26681.16,103163.39
CMP-2804,GM Financial,FACEBOOK ADS,Leads,18-24,19/01/25,416029,13841,173,40864.36,
CMP-4724,Cerveza Modelo,Instagram Ads,Alcance,55+,14/05/25,495653,9654,268,78155.09,183891.49
CMP-1109, GM Financial  ,Instagram Ads,Leads,45-54,11/02/25,221682,14160,795,14952.26,66960.32
CMP-1790,Bimbo,TikTok Ads,Leads,25-34,04/09/25,494546,4666,445,64222.19,217917.99
CMP-1884,Aeroméxico,Facebook Ads,Leads,55+,28/06/25,96985,8065,773,51955.65,83794.52
CMP-10679,Telcel,TikTok Ads,Leads,25-34,12/09/25,406052,12481,407,19532.4,86528.63
CMP-3155,Aeroméxico,YouTube Ads,Alcance,18-24,26/08/25,26707,4859,589,,
CMP-3036,GM Financial,,Reconocimiento,18-24,09/06/25,131026,12358,547,44914.28,134930.53
CMP-10422,Liverpool,YouTube Ads,Tráfico,45-54,18/02/25,129119,2520,652,84226.03,83976.45
CMP-10889,Cerveza Modelo,YouTube Ads,Tráfico,18-24,29/03/25,295682,3646,770,24609.66,112408.08
CMP-6494,Banco Azteca,YouTube Ads,Conversión,55+,15/07/25,270314,7691,370,27840.66,96537.46
CMP-9435,GM Financial,YouTube Ads,Tráfico,,20/03/25,265119,9203,743,43658.55,25558.5
CMP-10046,Cerveza Modelo,YouTube Ads,Alcance,35-44,24/01/25,285322,3327,144,15798.73,50646.29
CMP-1203,GM Financial,Instagram Ads,Leads,35-44,08/05/25,56218,2666,451,83044.45,198349.47
CMP-1472,Banco Azteca,Instagram Ads,Tráfico,45-54,11/10/25,432087,8587,678,2608.76,192445.45
CMP-4276, Aeroméxico  ,Facebook Ads,Reconocimiento,18-24,12/09/25,119100,8331,331,,203633.46
CMP-6602,Liverpool,YouTube Ads,Alcance,55+,04/02/25,407678,11714,755,66913.78,66433.8
CMP-10895,GM Financial,YOUTUBE ADS,Leads,18-24,11/08/25,247953,7515,279,76218.52,23187.72
CMP-2060,Telcel,FACEBOOK ADS,Alcance,18-24,29/04/25,93764,1292,787,76444.97,21566.54
CMP-9849, Cerveza Modelo  ,Instagram Ads,Conversión,25-34,09/03/25,292065,4621,343,52091.15,98748.61
CMP-3292,Aeroméxico,YouTube Ads,Alcance,55+,16/09/25,472433,12868,313,,140472.27
CMP-4540,Bimbo,TikTok Ads,Leads,35-44,03/06/25,423613,11491,366,39017.81,168642.39
CMP-6727, OnStar  ,Google Ads,Reconocimiento,25-34,09/05/25,344181,2223,610,34299.18,77384.71
CMP-5869,Bimbo,TIKTOK ADS,Leads,55+,18/08/25,224426,11727,312,10786.48,172687
CMP-3098,Cerveza Modelo,TIKTOK ADS,Alcance,45-54,28/01/25,304580,10835,736,53502.51,177506.76
CMP-3253,Cerveza Modelo,LinkedIn Ads,Alcance,55+,23/03/25,189517,474,382,14353.21,162651.79
CMP-8717,GM Financial,YouTube Ads,Alcance,45-54,03/07/25,149889,3675,696,55750.08,186357.35
CMP-6922,OnStar,YouTube Ads,Leads,35-44,03/09/25,488130,3206,566,73282.33,208158.07
CMP-8883,Cerveza Modelo,Facebook Ads,Tráfico,25-34,28/01/25,485616,11953,429,59274.17,129150.73
CMP-2731,Aeroméxico,YouTube Ads,Tráfico,55+,09/08/25,301956,3234,440,56779.61,45247.97
CMP-5404,Telcel,,Alcance,18-24,10/07/25,49665,5041,74,75303.17,109998.41
CMP-7790,Cerveza Modelo,Google Ads,Conversión,18-24,23/07/25,420659,12182,557,65552.77,177431.86
CMP-1821,Liverpool,Instagram Ads,conversión,55+,22/05/25,223915,4664,702,54862.92,80121.06
CMP-3694,Liverpool,LinkedIn Ads,Alcance,25-34,08/01/25,315753,13983,355,39050.15,106259
CMP-8556,Bimbo,TikTok Ads,Conversión,55+,26/04/25,282812,14426,320,33839.93,165536.63
CMP-7184,GM Financial,YouTube Ads,Alcance,25-34,21/08/25,170941,771,565,76634.75,10611.69
CMP-5737,Bimbo,Google Ads,Conversión,45-54,12/01/25,329771,2610,141,81723.91,23654.64
CMP-10743,GM Financial,Facebook Ads,Alcance,25-34,31/01/25,282031,4889,559,81861.87,75866.51
CMP-9318,OnStar,Google Ads,Leads,55+,26/02/25,416000,14697,41,84339.33,88267.1
CMP-3939,Banco Azteca,LinkedIn Ads,Tráfico,35-44,10/07/25,66913,983,435,80772.54,
CMP-2065,Banco Azteca,LinkedIn Ads,Leads,35-44,10/08/25,199704,3934,754,50951.58,102837.61
CMP-5388,GM Financial,GOOGLE ADS,Reconocimiento,35-44,08/08/25,447544,11495,707,30743.72,154435.14
CMP-7813, Aeroméxico  ,Google Ads,Reconocimiento,25-34,03/08/25,175783,14809,33,52899.58,52505.8
CMP-5496,Banco Azteca,Facebook Ads,Tráfico,45-54,02/05/25,38828,11388,660,59259.56,125544.59
CMP-7345,Bimbo,FACEBOOK ADS,Conversión,45-54,19/09/25,7947,7947,449,6874.88,172804.18
CMP-1495, Banco Azteca  ,Facebook Ads,Reconocimiento,55+,23/08/25,58424,8070,441,69221.21,182111.73
CMP-5454, GM Financial  ,Facebook Ads,Reconocimiento,18-24,02/05/25,217024,4556,45,1986.16,187177.69
CMP-2064,Telcel,YouTube Ads,Conversión,35-44,13/09/25,306639,13669,675,73949.56,200072.14
CMP-6402, Aeroméxico  ,Instagram Ads,Tráfico,25-34,19/02/25,453186,12136,120,75184.93,88138.55
CMP-4627,Liverpool,Facebook Ads,Leads,18-24,01/04/25,335622,13695,554,74984.56,180623.58
CMP-1190,Liverpool,Google Ads,Leads,35-44,17/07/25,168655,1779,112,4968.27,47135.07
CMP-5439,Banco Azteca,LinkedIn Ads,Conversión,18-24,20/01/25,202708,321,321,58046.86,200767.03
CMP-1531,Bimbo,LinkedIn Ads,leads,25-34,30/08/25,261496,6945,609,77158.29,46896
CMP-2846,Telcel,Instagram Ads,Reconocimiento,55+,16/06/25,382773,2168,187,23863.25,168378.07
CMP-5272,Bimbo,Facebook Ads,Alcance,35-44,05/06/25,398549,3587,271,60532.35,44792.39
CMP-6778,OnStar,Instagram Ads,Alcance,18-24,23/10/25,157818,9499,366,50875.7,89562.22
CMP-8598,Telcel,TikTok Ads,Leads,55+,02/03/25,227479,12230,223,40644.46,139307.36
CMP-1588,Bimbo,LinkedIn Ads,Reconocimiento,55+,23/03/25,171225,12531,309,43516.67,42440.95
CMP-4408, OnStar  ,YouTube Ads,Tráfico,25-34,19/05/25,157885,5277,650,45732.82,151508.99
CMP-9303,Telcel,Google Ads,Reconocimiento,45-54,01/08/25,356716,6784,664,62747.76,187832.42
CMP-8486,Telcel,LinkedIn Ads,Reconocimiento,55+,13/05/25,154848,10841,605,57352.94,85664.84
CMP-9401,GM Financial,Instagram Ads,reconocimiento,55+,15/07/25,416053,4535,19,47267.18,129121.13
CMP-9604,Liverpool,Google Ads,Leads,25-34,30/05/25,355171,999,416,49981.19,82508.82
CMP-10386,Telcel,Google Ads,Alcance,25-34,25/05/25,291908,1303,413,56857.04,75572.8
CMP-5455,GM Financial,Instagram Ads,Tráfico,45-54,13/02/25,422763,4376,117,37718.92,40752.36
CMP-5559,Liverpool,YouTube Ads,Reconocimiento,55+,02/08/25,434233,10335,449,65746.53,168523.2
CMP-2766,GM Financial,LinkedIn Ads,Leads,55+,18/03/25,47823,13063,612,15417.15,62610.66
CMP-6445, GM Financial  ,Google Ads,Tráfico,55+,15/04/25,83660,14606,148,69200.92,18800.71
CMP-8716,Cerveza Modelo,Facebook Ads,Reconocimiento,25-34,26/05/25,459173,5538,65,83842.31,
CMP-8263, Aeroméxico  ,YouTube Ads,leads,35-44,08/10/25,396311,11117,717,17554.3,168494.61
CMP-4506,OnStar,Facebook Ads,Tráfico,25-34,01/07/25,163965,2365,197,67598.71,25054.27
CMP-2510,OnStar,LINKEDIN ADS,Tráfico,25-34,19/09/25,148686,4188,627,46100.72,7291.46
CMP-3081,Cerveza Modelo,Facebook Ads,Alcance,35-44,10/03/25,493036,1743,233,74413.08,196939.7
CMP-9115,Telcel,FACEBOOK ADS,Conversión,25-34,15/01/25,461696,9866,585,62251.71,
CMP-5922, Bimbo  ,LinkedIn Ads,Leads,45-54,05/10/25,38131,12551,753,61866.73,130650.02
CMP-9690,Telcel,LinkedIn Ads,Tráfico,55+,05/07/25,211230,10540,153,23020.45,136269.43
CMP-5547,Bimbo,TikTok Ads,Reconocimiento,55+,15/03/25,279679,2174,369,36848.15,48716.18
CMP-8276,Telcel,TikTok Ads,Conversión,18-24,28/08/25,339921,11772,566,40289.99,190052.49
CMP-1549,Liverpool,Google Ads,Alcance,45-54,22/07/25,375855,11959,490,57085.73,63729.24
CMP-4715,Aeroméxico,Instagram Ads,Conversión,45-54,28/03/25,89033,4248,523,29361.77,57111.23
CMP-2495,Telcel,LinkedIn Ads,Leads,45-54,16/10/25,391748,10987,575,83747.82,96904.42
CMP-3475,Banco Azteca,TikTok Ads,Tráfico,18-24,12/04/25,345602,13388,591,33119.72,47173.76
CMP-4857,Telcel,Facebook Ads,Leads,25-34,22/09/25,213921,10289,,44825.11,154427.4
CMP-1739, OnStar  ,YouTube Ads,Reconocimiento,25-34,26/08/25,79627,7594,627,68801.07,78405.67
CMP-10592,Bimbo,Instagram Ads,Conversión,45-54,27/08/25,493684,68,68,26013.05,194395.83
CMP-10241, Aeroméxico  ,LINKEDIN ADS,Tráfico,55+,19/05/25,410081,11514,,26005.65,219422.22
CMP-3578,Telcel,Google Ads,Alcance,55+,13/06/25,296519,5346,9,20531.99,169230.86
CMP-7805,Aeroméxico,YouTube Ads,Conversión,45-54,08/04/25,15127,6521,210,49084.7,162568.84
CMP-9220,GM Financial,TikTok Ads,Tráfico,18-24,26/06/25,260586,7078,772,61600.05,101761.99
CMP-4612,OnStar,INSTAGRAM ADS,Conversión,35-44,26/10/25,378091,4908,741,76193.37,110964.47
CMP-6990,Liverpool,TikTok Ads,Alcance,18-24,16/08/25,29052,13911,189,35733.13,194813.11
CMP-1056,Bimbo,YouTube Ads,Leads,25-34,21/07/25,407967,11659,241,50348.3,131808.91
CMP-7520,Banco Azteca,Google Ads,Alcance,18-24,05/07/25,297419,14487,465,,177420.4
CMP-8612,Telcel,Instagram Ads,Conversión,35-44,13/08/25,370234,1396,555,16838.08,106302.11
CMP-6041,Aeroméxico,LinkedIn Ads,Tráfico,25-34,28/09/25,64427,12607,252,40103.57,55490.77
CMP-5674,OnStar,FACEBOOK ADS,Leads,45-54,04/01/25,191539,12176,661,,20403.5
CMP-5977,Aeroméxico,Facebook Ads,Reconocimiento,18-24,25/08/25,159812,2926,607,,190371.17
CMP-5138,Liverpool,Google Ads,Leads,18-24,27/07/25,194793,7886,245,66675.84,96638.29
CMP-1298,Bimbo,Google Ads,Conversión,55+,24/04/25,436085,11765,333,83051.68,47148.01
CMP-2307,OnStar,YouTube Ads,Tráfico,18-24,14/08/25,248701,12428,496,26992.54,29957.91
CMP-5451,Cerveza Modelo,LinkedIn Ads,Conversión,,27/08/25,109200,2428,,74464.99,1182.81
CMP-1175,Telcel,Google Ads,leads,35-44,06/05/25,493599,13184,799,35631.86,8869.67
CMP-4670,Telcel,LinkedIn Ads,Alcance,45-54,12/04/25,249014,11719,458,30281.39,135065.9
CMP-3148,Bimbo,Google Ads,Conversión,18-24,08/02/25,224366,11818,152,74911.48,184643.07
CMP-3616,Liverpool,Instagram Ads,Reconocimiento,25-34,17/03/25,455906,13214,484,16314.41,190496.16
CMP-3899, Cerveza Modelo  ,TIKTOK ADS,Alcance,25-34,02/08/25,26157,537,37,23277.21,198263.88
CMP-1094, Telcel  ,TikTok Ads,Reconocimiento,55+,20/10/25,269827,2293,456,8310.17,175793.95
CMP-1830,Liverpool,LINKEDIN ADS,Reconocimiento,45-54,18/05/25,494263,14555,527,25958.39,210657.08
CMP-2992,GM Financial,Facebook Ads,leads,18-24,29/05/25,29126,5668,427,17275.59,52142.87
CMP-9023,Liverpool,YouTube Ads,Alcance,45-54,18/06/25,321562,6085,391,24060.06,65871.41
CMP-10447, OnStar  ,TikTok Ads,tráfico,25-34,05/04/25,169153,13261,474,69774.57,74928.95
CMP-10702, OnStar  ,LinkedIn Ads,Alcance,45-54,27/10/25,131041,9576,445,73051.67,158145.66
CMP-7278, Banco Azteca  ,Google Ads,Reconocimiento,45-54,30/05/25,73172,8131,580,70030.32,120879.47
CMP-3412,GM Financial,LinkedIn Ads,Alcance,25-34,02/08/25,113028,573,438,73227.11,193964.53
CMP-7223,Liverpool,TikTok Ads,Alcance,55+,01/06/25,127107,11551,368,22027.54,149486.16
CMP-9492,Telcel,Facebook Ads,Alcance,35-44,17/07/25,475482,8413,647,56880.85,145355.71
CMP-3099,Banco Azteca,Instagram Ads,reconocimiento,18-24,20/02/25,445601,2566,166,43621.87,129797.23
CMP-5572,Liverpool,YouTube Ads,Alcance,35-44,24/05/25,30967,12538,761,32614.13,31261.68
CMP-10133, Liverpool  ,Facebook Ads,Conversión,55+,31/01/25,246530,9649,217,76951.59,113944.12
CMP-2314,Telcel,LinkedIn Ads,Alcance,45-54,04/05/25,393931,11373,438,2580.89,153043.83
CMP-6693,Bimbo,Google Ads,Alcance,25-34,12/05/25,462586,228,228,5547.85,168341.51
CMP-6022, Cerveza Modelo  ,Google Ads,Tráfico,18-24,25/01/25,354884,8020,377,59492,165449.21
CMP-9803,Bimbo,YouTube Ads,Conversión,45-54,22/07/25,299217,6544,672,75194.46,7149.98
CMP-6810, OnStar  ,LinkedIn Ads,Reconocimiento,25-34,30/06/25,114170,11945,1,28219.78,123205.11
CMP-6843,OnStar,Facebook Ads,Alcance,35-44,16/07/25,218134,567,567,57498.23,217414.22
CMP-2673,Bimbo,TikTok Ads,Tráfico,18-24,24/06/25,118224,14394,733,67465.77,6264.85
CMP-2070,Telcel,TIKTOK ADS,Leads,45-54,21/07/25,389319,9003,154,42640.81,74416.6
CMP-7457,Banco Azteca,INSTAGRAM ADS,Tráfico,35-44,05/03/25,146429,5954,264,16763.37,127447.47
CMP-4233,Cerveza Modelo,Facebook Ads,Conversión,35-44,05/06/25,7924,974,408,32303.81,156238.4
CMP-10283,OnStar,YouTube Ads,Alcance,55+,15/09/25,390035,7358,456,54462.62,112508.31
CMP-10263,Liverpool,Google Ads,Conversión,25-34,16/07/25,420726,4219,544,38429.02,157690.15
CMP-2562,Liverpool,INSTAGRAM ADS,Conversión,45-54,01/06/25,350792,12131,138,23794.7,129876.88
CMP-3039,Liverpool,TIKTOK ADS,Alcance,55+,10/07/25,126315,11417,427,46650.07,50218.88
CMP-1225,GM Financial,LinkedIn Ads,Tráfico,55+,11/05/25,226906,2006,269,22060.94,208506.08
CMP-6038,OnStar,YouTube Ads,Leads,55+,22/02/25,385160,6469,53,46782.04,7482.47
CMP-5925,Bimbo,Google Ads,Alcance,35-44,18/05/25,137746,9417,,57369.62,193270.34
CMP-8739, Bimbo  ,,Alcance,45-54,12/03/25,119401,10401,144,61881.53,143762.29
CMP-7420,Bimbo,LinkedIn Ads,Alcance,55+,03/05/25,28793,8369,139,,41595.31
CMP-10613,Telcel,Facebook Ads,Alcance,55+,03/04/25,423569,6909,678,18569.32,183778.67
CMP-4608, Bimbo  ,Facebook Ads,Alcance,35-44,16/02/25,152899,3324,155,,8613.92
CMP-6908,Liverpool,TikTok Ads,Leads,18-24,29/06/25,278189,7396,540,19455.39,84503.84
CMP-10393,Liverpool,LinkedIn Ads,Leads,35-44,03/03/25,208892,11720,486,33770.06,157169.14
CMP-4298,Bimbo,Google Ads,Tráfico,55+,03/04/25,256798,7817,277,29727.83,84571.48
CMP-7214,GM Financial,INSTAGRAM ADS,Leads,18-24,08/02/25,378456,7352,288,8453.61,104273.79
CMP-2306,OnStar,LinkedIn Ads,Alcance,55+,14/07/25,99239,13,13,72887.29,43034.81
CMP-4773, Liverpool  ,GOOGLE ADS,Alcance,25-34,13/04/25,72650,14644,532,19300.7,
CMP-4667,Aeroméxico,Google Ads,Leads,55+,03/01/25,228389,4402,755,53332.49,45556.86
CMP-6747,OnStar,LinkedIn Ads,alcance,25-34,04/03/25,455974,4083,,53444.27,118197.92
CMP-2129,Bimbo,TikTok Ads,Tráfico,18-24,23/10/25,252473,4887,656,33317.45,50785.89
CMP-6628,GM Financial,LinkedIn Ads,Conversión,35-44,07/06/25,119457,5197,150,41706.05,194351.08
CMP-10287,Banco Azteca,LinkedIn Ads,Alcance,55+,07/02/25,27499,2206,442,42549.06,
CMP-7870,Aeroméxico,Instagram Ads,Leads,18-24,26/01/25,94545,11869,184,45440.43,516.39
CMP-6522,OnStar,Google Ads,Tráfico,35-44,13/10/25,436571,4765,713,36799.4,65637.87
CMP-8405,OnStar,TikTok Ads,Tráfico,55+,03/04/25,390968,7599,291,,133324.72
CMP-4778,Telcel,Google Ads,Alcance,55+,20/06/25,402162,6393,555,,194733.2
CMP-4878,Aeroméxico,Facebook Ads,Reconocimiento,45-54,18/05/25,370022,2009,535,44495.73,181537.77
CMP-3356,Bimbo,Google Ads,Alcance,55+,14/06/25,4316,4316,797,57245.61,9729.69
CMP-2168,Aeroméxico,TikTok Ads,Tráfico,55+,12/04/25,88117,13695,663,16434.46,80612.21
CMP-8268,OnStar,LinkedIn Ads,reconocimiento,35-44,15/03/25,140247,8034,774,24112.43,62192.77
CMP-9107,Liverpool,LinkedIn Ads,Tráfico,55+,16/01/25,109172,11085,711,18369.94,129427.95
CMP-6443,GM Financial,TikTok Ads,Alcance,,28/05/25,455100,10919,789,41898.86,193526.18
CMP-9723,Aeroméxico,LINKEDIN ADS,Tráfico,55+,23/06/25,455006,11520,94,15751.58,150092.5
CMP-9316,Cerveza Modelo,Facebook Ads,Reconocimiento,,16/01/25,206425,477,222,,189616.09
CMP-1058,OnStar,Instagram Ads,Leads,25-34,28/09/25,164519,13937,283,2144.87,34949.63
CMP-1586, Liverpool  ,LinkedIn Ads,Tráfico,,04/02/25,329648,14813,711,20968.97,207930.03
CMP-3383,Banco Azteca,Google Ads,Reconocimiento,18-24,05/01/25,302492,13692,689,26779.35,68111.55
CMP-9904,Bimbo,TikTok Ads,Tráfico,18-24,02/08/25,35471,8934,511,14983.15,70418.17
CMP-7308,Liverpool,TikTok Ads,Alcance,35-44,28/09/25,137127,6578,750,76205.96,
CMP-6461,Banco Azteca,LinkedIn Ads,Alcance,35-44,04/08/25,420816,10790,97,12400.55,14387.21
CMP-9694,Aeroméxico,YouTube Ads,Conversión,55+,08/03/25,58012,14620,571,58048.81,24701.24
CMP-7246,GM Financial,LinkedIn Ads,Conversión,35-44,28/05/25,191516,2904,782,75603.79,170031
CMP-10151,Aeroméxico,YouTube Ads,Leads,55+,25/03/25,312033,11789,281,83518.68,172682.83
CMP-6777,Bimbo,YouTube Ads,Leads,55+,25/09/25,435872,13346,563,73088.32,116102.02
CMP-6474,Telcel,Google Ads,Alcance,18-24,16/08/25,77850,10903,764,43437.04,86069.15
CMP-2526,Liverpool,TikTok Ads,Tráfico,35-44,24/10/25,435216,8651,532,50987.56,62953.5
CMP-3311,GM Financial,GOOGLE ADS,Conversión,45-54,22/10/25,187418,3967,,53832.64,36806.75
CMP-6857,Cerveza Modelo,Instagram Ads,Reconocimiento,18-24,16/08/25,174828,379,367,55639.3,86056.35
CMP-8896,Bimbo,,Conversión,35-44,22/10/25,179150,3412,248,76039.69,156133.7
CMP-2556,Telcel,Google Ads,Leads,35-44,08/06/25,155783,2828,378,41205.94,129810.6
CMP-5298,GM Financial,Instagram Ads,Reconocimiento,25-34,09/09/25,109124,3360,301,21313.88,39514.57
CMP-9037,Aeroméxico,Facebook Ads,tráfico,45-54,19/01/25,200627,13991,198,25046.76,147809.73
CMP-4176,Banco Azteca,,Leads,45-54,15/10/25,248947,4930,505,18431.33,122430.43
CMP-2619, Aeroméxico  ,TikTok Ads,tráfico,45-54,20/06/25,30384,2457,109,58557.26,97787.17
CMP-3327,GM Financial,Facebook Ads,Tráfico,55+,12/06/25,396728,13834,413,21823.17,195556.14
CMP-8197, GM Financial  ,LinkedIn Ads,Conversión,55+,17/08/25,386391,1292,212,17835.7,116938.05
CMP-7254,OnStar,LinkedIn Ads,Tráfico,45-54,26/05/25,106593,4039,378,83937.58,195230.06
CMP-5261,Telcel,Instagram Ads,Alcance,25-34,25/02/25,428546,268,268,64007.21,214047.33
CMP-3874,OnStar,GOOGLE ADS,Reconocimiento,35-44,04/08/25,488516,1273,500,30497.95,22432.78
CMP-7141,Banco Azteca,Facebook Ads,Leads,55+,22/09/25,370411,4993,121,49868.88,
CMP-10630, GM Financial  ,Google Ads,Tráfico,,18/10/25,35008,880,268,24475.92,3941.81
CMP-1381,OnStar,TikTok Ads,Alcance,45-54,04/07/25,347107,11126,446,54763.26,109401.14
CMP-4996,Cerveza Modelo,YouTube Ads,Tráfico,55+,28/02/25,245941,7639,45,11461.79,199989.97
CMP-8299,Bimbo,LINKEDIN ADS,Leads,45-54,06/01/25,243628,6833,119,73408.98,26201.41
CMP-3980,Banco Azteca,TikTok Ads,Alcance,18-24,22/02/25,461011,6116,733,62739.78,208364.3
CMP-5109,OnStar,YouTube Ads,Reconocimiento,55+,09/07/25,441499,11637,170,80502.56,192024.18
CMP-3708,Liverpool,Facebook Ads,Tráfico,18-24,23/04/25,388987,631,328,31817.05,98526.42
CMP-9462, Banco Azteca  ,LinkedIn Ads,Tráfico,55+,18/07/25,6679,3421,350,63854.68,42717.63
CMP-2066,GM Financial,LinkedIn Ads,Alcance,25-34,14/08/25,386833,1392,164,70333.42,121107.22
CMP-4302,Aeroméxico,YouTube Ads,Alcance,25-34,12/06/25,139784,5025,273,4286.24,27239.46
CMP-4015, Telcel  ,Instagram Ads,Conversión,25-34,01/10/25,477227,9679,410,71613.57,166864.96
CMP-7752,Liverpool,Instagram Ads,Conversión,55+,03/03/25,240679,372,168,40727.99,44092.76
CMP-3626,GM Financial,YouTube Ads,Leads,35-44,03/10/25,384511,8051,762,76181.64,1421.05
CMP-1445,Liverpool,Google Ads,Conversión,18-24,15/08/25,103400,9072,390,42845.05,56873.74
CMP-8160,OnStar,YOUTUBE ADS,Leads,45-54,21/01/25,243708,973,195,33196.09,
CMP-2851,Telcel,TIKTOK ADS,Leads,35-44,13/06/25,324596,10116,500,31359.22,142943.08
CMP-1022,OnStar,Instagram Ads,Alcance,25-34,18/02/25,88343,7199,781,37205.68,184090.54
CMP-4581,Bimbo,YouTube Ads,Leads,25-34,15/02/25,111758,11040,133,14546.52,82963.63
CMP-7891,GM Financial,FACEBOOK ADS,Conversión,55+,18/10/25,251516,14589,217,84625.23,161168.24
CMP-10076,OnStar,Instagram Ads,Leads,35-44,07/07/25,98856,4414,421,50865.61,161978.29
CMP-4607,Cerveza Modelo,Instagram Ads,Leads,45-54,21/04/25,363908,5519,,65288.38,192487.03
CMP-10763,Aeroméxico,YouTube Ads,Conversión,35-44,11/07/25,367000,1704,32,41642.89,47379.97
CMP-8391,Liverpool,Facebook Ads,Tráfico,45-54,07/01/25,430561,7263,232,65794.76,86364.26
CMP-7786,Aeroméxico,Google Ads,Alcance,55+,26/10/25,275763,642,555,67187.66,105010.9
CMP-10475,Telcel,GOOGLE ADS,Tráfico,45-54,07/03/25,277145,6189,532,10947.77,77369.96
CMP-3250,Banco Azteca,YouTube Ads,Tráfico,35-44,24/01/25,445914,8232,670,25421.46,30405.47
CMP-8340,OnStar,LINKEDIN ADS,Leads,45-54,24/08/25,342540,13365,716,7982.22,219423.91
CMP-1899,OnStar,Google Ads,Alcance,55+,05/01/25,23206,14749,616,56515.5,124813.64
CMP-3590,Bimbo,Facebook Ads,Tráfico,45-54,21/09/25,94556,42,42,3827.79,152016.69
CMP-3836,Cerveza Modelo,Instagram Ads,tráfico,35-44,01/06/25,296740,7812,68,9808.08,191527.03
CMP-7130,Bimbo,TikTok Ads,Reconocimiento,25-34,10/01/25,388671,2198,,47516.96,122926.36
CMP-9603,GM Financial,TikTok Ads,Reconocimiento,35-44,03/06/25,408217,235,235,77700.96,43033.41
CMP-6181,Bimbo,YouTube Ads,Tráfico,55+,27/04/25,9037,7536,291,39647.93,100487.18
CMP-6046,Aeroméxico,TikTok Ads,Leads,25-34,06/01/25,185369,8564,228,49017.11,109810.7
CMP-7249,Liverpool,LINKEDIN ADS,Leads,35-44,09/05/25,215978,13601,588,,153706.62
CMP-4039,Bimbo,Instagram Ads,Reconocimiento,25-34,05/07/25,165944,7442,609,722.57,177146.6
CMP-7991,Banco Azteca,TikTok Ads,Reconocimiento,45-54,18/09/25,342611,2796,284,27993.29,27646.44
CMP-2529,Aeroméxico,TikTok Ads,Leads,35-44,12/01/25,106825,3251,428,60496.46,47605.95
CMP-7542,Bimbo,Instagram Ads,Conversión,35-44,19/10/25,73042,3861,194,24602.41,18133
CMP-6282,Bimbo,YouTube Ads,Alcance,35-44,16/07/25,53979,6890,524,44642.12,119052.98
CMP-10125,Bimbo,YouTube Ads,Tráfico,35-44,13/10/25,237796,2022,734,55260.48,185088.86
CMP-9735,Liverpool,YouTube Ads,Tráfico,35-44,22/04/25,430778,216,216,,115389.16
CMP-8633,OnStar,Instagram Ads,Leads,25-34,29/05/25,385558,11719,144,29543.91,188024.77
CMP-1903,OnStar,Facebook Ads,Alcance,55+,08/06/25,290172,8579,204,5805.47,100196.38
CMP-1810, GM Financial  ,TikTok Ads,reconocimiento,35-44,13/05/25,276433,3140,279,6009.99,
CMP-4182,Banco Azteca,Google Ads,Leads,35-44,31/03/25,226960,11713,591,54548.55,2461.11
CMP-4978,Bimbo,Google Ads,Reconocimiento,25-34,29/05/25,195373,7393,760,11875.3,91637.37
CMP-10928,Liverpool,YOUTUBE ADS,Conversión,45-54,14/09/25,189137,2405,192,76458.16,112263.17
CMP-1210,Banco Azteca,Instagram Ads,Tráfico,45-54,20/09/25,441698,7749,514,35276.52,18164.71
CMP-4234,Aeroméxico,Instagram Ads,Reconocimiento,55+,11/03/25,255601,1638,519,13172.73,89532.17
CMP-6418,Liverpool,LinkedIn Ads,leads,55+,08/04/25,349654,14963,99,4370.55,48752.27
CMP-2451, Telcel  ,LinkedIn Ads,Conversión,18-24,24/01/25,69633,9390,677,3319.07,144063.68
CMP-9210,Telcel,Google Ads,Conversión,25-34,04/03/25,87485,5479,706,44996.38,76738.26
CMP-4459,Banco Azteca,TikTok Ads,Conversión,18-24,04/09/25,130270,2132,603,47928.87,117742.36
CMP-7418,Banco Azteca,Google Ads,Conversión,18-24,20/03/25,259165,1930,649,73510.84,165200.54
CMP-4640,GM Financial,YouTube Ads,Reconocimiento,35-44,06/07/25,209657,10823,575,38712.87,104672.65
CMP-7079,Liverpool,YouTube Ads,tráfico,18-24,28/02/25,164656,1096,639,64183.37,64112.82
CMP-1519,Bimbo,YouTube Ads,Alcance,18-24,11/03/25,47058,3628,74,50375.26,97037.41
CMP-4682,Telcel,YouTube Ads,Tráfico,25-34,15/07/25,392243,11981,381,50472.21,
CMP-6704,Liverpool,Facebook Ads,Conversión,45-54,26/01/25,473882,12072,51,50791.86,
CMP-3162,GM Financial,LinkedIn Ads,Conversión,35-44,27/03/25,440060,3738,183,25958.91,176010.65
CMP-3917, Telcel  ,LinkedIn Ads,Alcance,45-54,09/10/25,352869,4135,152,29352.66,149258.19
CMP-10377,Aeroméxico,INSTAGRAM ADS,Tráfico,45-54,12/03/25,468826,12304,701,52701.95,114532.81
CMP-6938,Telcel,GOOGLE ADS,Reconocimiento,25-34,30/03/25,181654,13068,690,59340.09,
CMP-4973,GM Financial,TikTok Ads,Conversión,55+,02/07/25,207304,14969,778,40384.85,120389.83
CMP-1730,Telcel,LinkedIn Ads,Tráfico,55+,28/01/25,235952,5402,147,65523.48,
CMP-6493, Liverpool  ,Google Ads,Tráfico,25-34,07/09/25,12208,330,330,26429.75,55190.17
CMP-5516,Cerveza Modelo,Instagram Ads,Conversión,35-44,02/08/25,327878,10607,653,5268.08,169018.52
CMP-4340, Aeroméxico  ,LinkedIn Ads,Reconocimiento,35-44,13/05/25,417176,13874,317,79704.94,12203.31
CMP-2248,Liverpool,Instagram Ads,Conversión,55+,07/06/25,260499,5824,636,55221.53,67339.07
CMP-1751,Liverpool,TikTok Ads,Conversión,55+,19/08/25,121284,5321,260,37696.76,82499.03
CMP-8082, Bimbo  ,Google Ads,Reconocimiento,35-44,15/10/25,71158,8225,96,46836.62,167294.46
CMP-8603,GM Financial,Facebook Ads,Leads,18-24,13/07/25,135917,14967,564,10633.07,95728.59
CMP-7016,Cerveza Modelo,Google Ads,Conversión,45-54,01/07/25,478783,14547,419,56455.32,184571.38
CMP-7309,GM Financial,YOUTUBE ADS,leads,18-24,19/03/25,264536,12959,315,63203.81,45973.27
CMP-4280,Cerveza Modelo,Facebook Ads,Reconocimiento,45-54,09/09/25,21179,6965,713,62736.51,219170.06
CMP-5067,Aeroméxico,Google Ads,Leads,45-54,11/01/25,338912,14872,633,62280.22,
CMP-1568,Liverpool,LinkedIn Ads,Leads,18-24,08/01/25,82182,8899,568,12119.16,
CMP-9292,GM Financial,YouTube Ads,Alcance,25-34,23/09/25,69844,4859,706,38911.72,212020.5
CMP-3864,OnStar,Facebook Ads,alcance,35-44,27/05/25,452675,2612,92,4420.84,179815.99
CMP-10128,GM Financial,TikTok Ads,Reconocimiento,45-54,04/06/25,436743,1917,84,61435.06,111755.19
CMP-7654,Bimbo,LinkedIn Ads,Alcance,55+,19/10/25,380932,1501,293,38891.61,151200.17
CMP-3103,Telcel,YouTube Ads,Leads,18-24,18/05/25,139167,6766,216,33375.75,39521.04
CMP-7669,OnStar,Facebook Ads,Tráfico,45-54,30/09/25,5536,5242,76,34818.25,130155.82
CMP-1393,Liverpool,Google Ads,Alcance,25-34,11/09/25,247637,14631,226,16261.22,47902.26
CMP-6412,Bimbo,Google Ads,Conversión,18-24,29/08/25,140307,11125,400,1752.92,59647.67
CMP-9381,Banco Azteca,Instagram Ads,Conversión,18-24,30/09/25,81353,3905,351,13388.68,57515.53
CMP-10851,Cerveza Modelo,Facebook Ads,leads,25-34,14/09/25,38784,959,555,74808.8,47692.15
CMP-8404,Banco Azteca,Instagram Ads,Conversión,55+,21/05/25,235691,13224,597,13955.81,161297.68
CMP-9311,Aeroméxico,Instagram Ads,Tráfico,,17/06/25,382624,4765,761,80702.81,125583.43
CMP-6345,Cerveza Modelo,INSTAGRAM ADS,Leads,55+,19/03/25,14964,931,409,51382.48,122525.91
CMP-7109,Liverpool,Instagram Ads,Tráfico,25-34,05/06/25,15523,7418,623,49128.04,188621.22
CMP-2156, GM Financial  ,YOUTUBE ADS,Reconocimiento,18-24,09/05/25,239137,2849,313,75428.49,116350.85
CMP-1840,Bimbo,Instagram Ads,Tráfico,25-34,04/04/25,461079,7092,269,35524.66,127540.39
CMP-9354,Banco Azteca,LinkedIn Ads,leads,55+,26/01/25,62902,6701,628,5183.22,101332.23
CMP-7528,Banco Azteca,,Tráfico,25-34,19/07/25,361052,12441,236,36147.05,62002.55
CMP-4293,Banco Azteca,Facebook Ads,Alcance,45-54,04/06/25,115697,12308,51,81630,102244.35
CMP-6231,Liverpool,Instagram Ads,Reconocimiento,25-34,10/07/25,478256,11017,598,68310.3,15514.19
CMP-8324,Liverpool,TikTok Ads,Alcance,35-44,09/07/25,289464,6214,175,55453.89,180923.06
CMP-3881,Aeroméxico,Facebook Ads,Alcance,35-44,23/03/25,23067,4262,663,62650.87,79603.81
CMP-6267,Bimbo,LinkedIn Ads,Leads,35-44,25/09/25,96115,2734,85,68951.86,19971.48
CMP-4659, Aeroméxico  ,TikTok Ads,Alcance,25-34,17/09/25,335531,6879,742,25492.63,160123.19
CMP-9963,Banco Azteca,Google Ads,Reconocimiento,18-24,20/10/25,453001,2889,457,73554.58,125123.84
CMP-5248,Bimbo,Facebook Ads,Leads,25-34,04/06/25,193042,14446,546,54567.22,214687.48
CMP-1482,Aeroméxico,Facebook Ads,Reconocimiento,18-24,24/05/25,98759,7911,75,,109007.04
CMP-8500,Banco Azteca,Instagram Ads,Leads,25-34,11/06/25,289689,5965,741,84047.82,191380.03
CMP-5423,Telcel,Instagram Ads,alcance,45-54,14/01/25,297319,14853,314,64185.67,123376.26
CMP-9111,Banco Azteca,LinkedIn Ads,Alcance,45-54,18/02/25,360153,8853,11,26817.55,208921.49
CMP-1470,Telcel,Instagram Ads,Reconocimiento,35-44,17/03/25,62763,14326,635,4269.67,171218.24
CMP-3995,GM Financial,Google Ads,alcance,18-24,27/06/25,45453,10363,13,21868.72,85168.36
CMP-6506,Bimbo,FACEBOOK ADS,Tráfico,25-34,09/01/25,261801,9097,232,5222.5,52524.09
CMP-7981,GM Financial,Instagram Ads,Leads,35-44,20/01/25,441572,9905,684,83021.64,174998.96
CMP-2893,Liverpool,FACEBOOK ADS,Leads,18-24,03/01/25,391011,8878,397,67369.43,8237.5
CMP-3780,Banco Azteca,GOOGLE ADS,Tráfico,55+,26/04/25,311652,1675,323,57926.25,99900.51
CMP-6230,GM Financial,LinkedIn Ads,Alcance,45-54,04/01/25,253564,10913,274,68052.82,125245.39
CMP-2467,Bimbo,Google Ads,Reconocimiento,25-34,28/07/25,39560,11958,12,11587.37,67561.46
CMP-2486,Bimbo,TikTok Ads,Reconocimiento,25-34,21/03/25,91024,10180,771,32674.81,199998.73
CMP-7377,Bimbo,YouTube Ads,Conversión,25-34,11/01/25,107935,7572,206,20360.86,77799
CMP-1993,Bimbo,Facebook Ads,Reconocimiento,25-34,12/08/25,27968,3489,268,36874.32,
CMP-2458,Banco Azteca,INSTAGRAM ADS,Reconocimiento,25-34,24/08/25,65795,10552,265,7444.94,5780.4
CMP-10464,GM Financial,LINKEDIN ADS,Alcance,35-44,23/08/25,220700,2317,737,8999.91,133158.29
CMP-10806,Aeroméxico,TikTok Ads,Conversión,25-34,22/09/25,312075,7408,93,59980.37,209801.88
CMP-5743,Banco Azteca,Facebook Ads,Leads,45-54,26/05/25,299061,13008,297,35436.88,24505.6
CMP-6416,Cerveza Modelo,Google Ads,Alcance,55+,20/03/25,479950,4392,601,80282.18,39572.13
CMP-4060,Cerveza Modelo,YouTube Ads,Tráfico,25-34,11/04/25,262401,2897,798,14222.56,26451.52
CMP-7110,OnStar,YouTube Ads,Tráfico,18-24,16/01/25,282463,747,352,49596.29,19698.8
CMP-2349,Bimbo,TikTok Ads,Alcance,35-44,13/05/25,64907,9063,772,7639.05,175896.21
CMP-3577,OnStar,Instagram Ads,Reconocimiento,45-54,30/04/25,425795,3920,31,3083.93,108318.73
CMP-3778,Liverpool,Google Ads,Alcance,55+,05/03/25,379429,14244,154,84178.82,95291.72
CMP-10252,Aeroméxico,LinkedIn Ads,Alcance,18-24,01/09/25,211369,4446,215,8979.45,148021.99
CMP-6751,OnStar,Google Ads,Reconocimiento,35-44,18/04/25,276278,6833,181,60682.35,46553.7
CMP-10941,Cerveza Modelo,GOOGLE ADS,Tráfico,25-34,30/09/25,83040,6177,114,61220.3,97845.62
CMP-2096,OnStar,Instagram Ads,Tráfico,25-34,16/03/25,74415,3115,630,67195.34,54274.99
CMP-8159,Aeroméxico,Instagram Ads,Alcance,35-44,08/10/25,484854,5137,164,12307.73,28930.86
CMP-10211,OnStar,LinkedIn Ads,Alcance,25-34,15/06/25,244865,2900,511,18484.35,21409.41
CMP-9607,Aeroméxico,YouTube Ads,Conversión,35-44,05/06/25,183927,4044,617,20544.67,88198.45
CMP-7972,Cerveza Modelo,TikTok Ads,Alcance,55+,10/05/25,276538,9998,128,50112.07,150982.7
CMP-4241,Liverpool,YouTube Ads,Reconocimiento,,06/07/25,24278,11002,566,79924.35,121271.22
CMP-5461,GM Financial,LinkedIn Ads,Reconocimiento,,21/05/25,437795,9839,446,29006.47,188443.62
CMP-5871,OnStar,TikTok Ads,Conversión,25-34,06/03/25,173166,681,,29214.86,69719.81
CMP-5181, Cerveza Modelo  ,LinkedIn Ads,Conversión,25-34,06/07/25,228868,1786,255,43510.55,91783.09
CMP-1041,OnStar,TikTok Ads,Leads,45-54,22/02/25,372054,12088,633,,70726.24
CMP-9153,Aeroméxico,LinkedIn Ads,Tráfico,35-44,30/05/25,241254,8868,539,31334.18,105385.06
CMP-10478, Bimbo  ,TikTok Ads,Alcance,18-24,22/04/25,307576,5299,89,25607.17,51811.9
CMP-9575,Aeroméxico,Facebook Ads,Conversión,25-34,25/08/25,451620,2270,701,63855.4,105113.55
CMP-3887,GM Financial,Instagram Ads,Tráfico,,17/02/25,140430,11259,584,7603.01,136148.27
CMP-10896,GM Financial,Instagram Ads,Reconocimiento,45-54,09/02/25,369984,453,91,29649.56,16862.53
CMP-6316,OnStar,Facebook Ads,Tráfico,45-54,20/08/25,492657,8205,129,37623.63,
CMP-10184,Bimbo,Google Ads,Leads,45-54,02/07/25,227358,661,548,51791.61,138621.57
CMP-9098,OnStar,YouTube Ads,Tráfico,18-24,28/07/25,304536,8089,733,31234.72,12128.2
CMP-1344,Aeroméxico,Facebook Ads,Reconocimiento,55+,24/05/25,380193,835,593,7402.32,159273.41
CMP-5744,Aeroméxico,Instagram Ads,Reconocimiento,18-24,04/08/25,356372,5106,160,74988.17,182731.88
CMP-6732,GM Financial,Facebook Ads,Reconocimiento,35-44,24/05/25,303051,11436,624,80188.9,114559.8
CMP-8479,Cerveza Modelo,TikTok Ads,Conversión,25-34,06/04/25,43390,3959,731,78745.83,209150.2
CMP-6179,Cerveza Modelo,Facebook Ads,Conversión,35-44,11/04/25,23694,4877,731,8973.04,21626.33
CMP-10356,OnStar,INSTAGRAM ADS,Alcance,18-24,19/03/25,336494,13064,86,5010.4,30074.87
CMP-1631,Bimbo,LinkedIn Ads,Alcance,35-44,05/04/25,365291,4582,715,45186.9,208327.47
CMP-4306,Liverpool,TikTok Ads,Reconocimiento,45-54,25/07/25,374757,9634,738,74163.82,6241.09
CMP-7034,Cerveza Modelo,Google Ads,Reconocimiento,55+,13/09/25,127350,5371,488,24838.42,90936.7
CMP-3819,GM Financial,TikTok Ads,Tráfico,25-34,19/04/25,420287,4308,200,60031.48,97993.18
CMP-9552,Banco Azteca,Instagram Ads,leads,18-24,21/03/25,313973,12715,739,28126.13,197210.37
CMP-8407,Bimbo,TikTok Ads,Alcance,35-44,11/10/25,7653,7653,440,69020.05,87297.1
CMP-2595,OnStar,YouTube Ads,Tráfico,18-24,14/01/25,189483,25,3,39475.88,25030.78
CMP-8525,Telcel,LinkedIn Ads,Tráfico,25-34,16/08/25,144814,2101,772,24207.98,161129.88
CMP-3154,Cerveza Modelo,Google Ads,conversión,18-24,06/05/25,201335,7927,310,55755.54,171497.87
CMP-3582,GM Financial,TIKTOK ADS,Reconocimiento,55+,30/03/25,486029,5870,348,82537.21,166891.08
CMP-2124,GM Financial,Instagram Ads,Alcance,45-54,19/10/25,74590,11252,701,54025.3,179278.56
CMP-6174,Telcel,LINKEDIN ADS,Conversión,35-44,23/10/25,70754,7427,195,,16345.51
CMP-2089,Bimbo,Facebook Ads,Leads,45-54,04/01/25,422948,134,,,121582.93
CMP-2088,Cerveza Modelo,LinkedIn Ads,Alcance,25-34,23/08/25,146872,8291,445,,82329.14
CMP-6665,Aeroméxico,LinkedIn Ads,Alcance,18-24,10/02/25,375924,11108,559,23130.81,9729.06
CMP-10174,Liverpool,Instagram Ads,Tráfico,18-24,18/06/25,328235,4935,213,59788.75,143155.19
CMP-1262,GM Financial,TikTok Ads,Leads,45-54,04/10/25,439658,12226,477,4344.18,70354.47
CMP-10363,OnStar,LinkedIn Ads,Leads,35-44,08/05/25,367336,2102,445,53527.84,132577.71
CMP-7244,GM Financial,TikTok Ads,Reconocimiento,25-34,30/07/25,284261,3837,24,56783.9,182469.64
CMP-4805,Aeroméxico,Google Ads,Leads,45-54,17/02/25,4296,3144,188,33590.64,181502.62
CMP-2622,Telcel,Google Ads,Reconocimiento,35-44,11/10/25,459820,12164,730,14551.98,104514.03
CMP-10811,Aeroméxico,TIKTOK ADS,Conversión,35-44,09/08/25,409001,11612,433,50423.67,51075.69
CMP-8141,Telcel,Instagram Ads,Reconocimiento,45-54,15/06/25,425351,14239,70,59291.49,
CMP-2913,Aeroméxico,Google Ads,Reconocimiento,18-24,22/05/25,466666,1438,271,40634.7,17039.91
CMP-8348,Banco Azteca,Instagram Ads,Conversión,35-44,24/07/25,307659,199,199,35041.35,162632.79
CMP-3552,Aeroméxico,LinkedIn Ads,Alcance,35-44,10/04/25,200383,8542,349,23529,31212.41
CMP-9846,Banco Azteca,Google Ads,Alcance,35-44,21/03/25,391182,14095,661,22991.98,135335.3
CMP-4369,Cerveza Modelo,FACEBOOK ADS,Alcance,18-24,11/09/25,319129,6294,535,20780.13,189659.59
CMP-7125, OnStar  ,LinkedIn Ads,Tráfico,18-24,24/02/25,50473,1120,365,,
CMP-1756,Telcel,Facebook Ads,Conversión,45-54,25/05/25,272557,237,237,27078.38,131207.45
CMP-6330,Liverpool,INSTAGRAM ADS,Tráfico,45-54,03/02/25,211955,6487,,44487.16,196706.61
CMP-8090,Telcel,Facebook Ads,Conversión,55+,16/09/25,382467,14977,605,40625.35,20820.57
CMP-4988,Liverpool,TikTok Ads,Leads,18-24,08/07/25,401923,2056,430,43415.27,60440.98
CMP-7721,Bimbo,FACEBOOK ADS,Alcance,45-54,03/03/25,2198,2198,537,11551.78,
CMP-6397,OnStar,FACEBOOK ADS,Reconocimiento,55+,25/07/25,140259,14882,84,4678.56,97436.13
CMP-5984,GM Financial,LinkedIn Ads,Tráfico,18-24,11/04/25,456574,8317,674,42728.72,185520.5
CMP-10595,Liverpool,LinkedIn Ads,Tráfico,18-24,27/02/25,429016,3837,603,21997.62,141024.76
CMP-5926,Bimbo,Facebook Ads,Alcance,45-54,18/08/25,84564,9824,449,53733.28,190688.87
CMP-5943,Banco Azteca,Instagram Ads,Alcance,18-24,01/09/25,220138,6877,683,82215.25,162004.24
CMP-6439,Banco Azteca,Instagram Ads,Tráfico,45-54,12/05/25,152165,7556,1,75509.56,194977.16
CMP-8658,Banco Azteca,Instagram Ads,Leads,35-44,15/02/25,426950,2502,83,,
CMP-8464, Cerveza Modelo  ,YouTube Ads,alcance,25-34,25/06/25,321533,4352,56,34300.41,197347.22
CMP-1929,Banco Azteca,YOUTUBE ADS,Reconocimiento,55+,23/01/25,245721,731,573,21127.6,
CMP-10087,Banco Azteca,Instagram Ads,Reconocimiento,35-44,17/02/25,9606,9606,376,37175.75,147929.88
CMP-1329,Banco Azteca,YouTube Ads,Conversión,25-34,27/02/25,73627,3261,252,26526.87,200245.32
CMP-5247,Aeroméxico,YOUTUBE ADS,Alcance,55+,13/03/25,218316,13223,544,53839.46,169854.42
CMP-4140,Liverpool,Facebook Ads,Tráfico,35-44,02/02/25,471633,6229,441,38434.95,17280.64
CMP-3030, Bimbo  ,TikTok Ads,Leads,35-44,13/01/25,229630,13496,638,63120.55,219723.33
CMP-9861,Banco Azteca,Facebook Ads,Alcance,45-54,27/07/25,139879,10019,198,24186.03,
CMP-4739,Bimbo,LinkedIn Ads,Leads,,22/08/25,206632,4973,213,,210580.62
CMP-2079,Telcel,Instagram Ads,Reconocimiento,35-44,28/07/25,445897,3993,350,39839.58,112226.02
CMP-7909,GM Financial,LinkedIn Ads,Alcance,25-34,12/01/25,484228,2655,224,34840.21,12599
CMP-6454,GM Financial,,Tráfico,45-54,11/06/25,484544,7369,457,6895.77,156191.58
CMP-1931,Cerveza Modelo,YOUTUBE ADS,Alcance,18-24,21/05/25,416507,7410,162,47615.35,204693.04
CMP-2410,Bimbo,TIKTOK ADS,Conversión,35-44,08/02/25,418397,12835,267,47265.96,190896.28
CMP-4726,Liverpool,YouTube Ads,Reconocimiento,45-54,18/01/25,491994,10401,556,,103499.29
CMP-1853,Banco Azteca,Facebook Ads,Tráfico,35-44,13/10/25,364657,1655,697,16316.58,10985.96
CMP-6606,GM Financial,GOOGLE ADS,Tráfico,25-34,07/04/25,385515,7571,418,78568.18,155796.35
CMP-4559,Banco Azteca,LinkedIn Ads,Tráfico,35-44,28/02/25,402507,2033,133,56166.74,27062.52
CMP-6819,GM Financial,Instagram Ads,conversión,,16/04/25,228281,523,429,17721.14,137716.37
CMP-5671,Telcel,,reconocimiento,55+,17/04/25,383553,3823,188,45041.2,113666.94
CMP-6619, OnStar  ,YouTube Ads,Leads,45-54,27/09/25,194155,3470,719,8980.4,69723.5
CMP-9346,Cerveza Modelo,Instagram Ads,Reconocimiento,25-34,11/07/25,25863,12827,660,28344.17,174844.36
CMP-1465,Telcel,Facebook Ads,Conversión,45-54,06/07/25,151921,2400,383,43470.92,24259.54
CMP-9195, Banco Azteca  ,Facebook Ads,tráfico,55+,19/04/25,63682,602,517,15469.59,146483.44
CMP-10633,GM Financial,Facebook Ads,Reconocimiento,25-34,01/10/25,380524,2293,,2311.83,25432.16
CMP-8021,Bimbo,Google Ads,Alcance,35-44,19/10/25,255872,4208,257,54128.16,119105.62
CMP-10684,Bimbo,Facebook Ads,Tráfico,55+,02/04/25,55346,9711,263,38486,
CMP-2449,Liverpool,YouTube Ads,Conversión,25-34,18/07/25,17604,8428,660,40081.91,218148.3
CMP-7446,OnStar,FACEBOOK ADS,Reconocimiento,,12/08/25,44862,10618,765,43709.7,98237.11
CMP-8355,Banco Azteca,LinkedIn Ads,Reconocimiento,35-44,01/05/25,101622,14187,415,77509.71,207078.72
CMP-1542,OnStar,LinkedIn Ads,Alcance,45-54,13/02/25,121704,484,484,72784.9,171359.61
CMP-6241, OnStar  ,LinkedIn Ads,Reconocimiento,,10/03/25,343258,10011,54,70102.8,128420.46
CMP-6373,Aeroméxico,Facebook Ads,Leads,35-44,28/03/25,43470,2976,590,48088.6,161628.79
CMP-2087,Bimbo,Facebook Ads,Reconocimiento,18-24,05/10/25,378608,14661,93,59293.38,
CMP-9595,Liverpool,Facebook Ads,Conversión,55+,23/04/25,446912,11774,584,4043.49,126735.23
CMP-2537,Cerveza Modelo,FACEBOOK ADS,Alcance,18-24,26/08/25,455778,5628,576,,200597.25
CMP-4219,GM Financial,Instagram Ads,Conversión,35-44,21/07/25,394948,12706,582,43651.51,65710.69
CMP-7500,Banco Azteca,Instagram Ads,leads,35-44,12/09/25,383745,4691,112,82502.52,17216.84
CMP-7379,Bimbo,LinkedIn Ads,Reconocimiento,25-34,03/07/25,310308,963,214,60129.97,85337.55
CMP-3064,GM Financial,Instagram Ads,Conversión,18-24,01/03/25,462411,14201,484,56948.64,49241.82
CMP-8076,OnStar,INSTAGRAM ADS,Leads,35-44,18/10/25,380824,1423,658,53188.93,71142.38
CMP-9947,Telcel,YouTube Ads,Reconocimiento,45-54,05/04/25,250424,9206,108,49672.75,204227.62
CMP-1253,GM Financial,YouTube Ads,Leads,18-24,26/08/25,330653,12997,408,31422.73,178597.2
CMP-8503, GM Financial  ,LinkedIn Ads,Conversión,25-34,14/10/25,332563,6348,152,37003.22,113034.68
CMP-4954,Banco Azteca,,Tráfico,18-24,03/01/25,189949,1241,25,-69813.89,
CMP-4090,OnStar,YouTube Ads,Leads,18-24,21/01/25,264978,2625,470,54895.44,84655.25
CMP-2108,Bimbo,Facebook Ads,Leads,55+,27/01/25,119281,5335,431,83569.86,42644.4
CMP-2428,Bimbo,TikTok Ads,Reconocimiento,,14/09/25,168452,4776,92,78126.89,
CMP-5087,OnStar,YouTube Ads,Leads,35-44,11/07/25,219400,10286,248,67105.46,50484.82
CMP-9404,Aeroméxico,YouTube Ads,Conversión,25-34,28/09/25,469917,3926,521,63526.7,210117.18
CMP-5288,OnStar,Google Ads,Conversión,55+,27/02/25,228876,8020,117,48409.54,158321.33
CMP-8912, Bimbo  ,LinkedIn Ads,Reconocimiento,35-44,21/03/25,74429,9256,481,52661.12,38043.39
CMP-8303,OnStar,Google Ads,alcance,55+,25/08/25,207366,105,105,59379.92,152144.37
CMP-4985,Liverpool,YouTube Ads,Leads,45-54,14/01/25,87142,8375,769,43731.64,197258.37
CMP-7327,Banco Azteca,Google Ads,Reconocimiento,18-24,14/05/25,358994,8812,365,40273.54,33474.61
CMP-6245,Bimbo,FACEBOOK ADS,reconocimiento,35-44,20/03/25,439747,10628,138,17189.97,47256.96
CMP-6782,Aeroméxico,Facebook Ads,Leads,35-44,11/06/25,437816,11496,697,58004.57,103320.64
CMP-9186,OnStar,LinkedIn Ads,Reconocimiento,35-44,21/02/25,450942,6419,409,21421.22,70748.15
CMP-2521,Aeroméxico,Facebook Ads,Tráfico,45-54,25/03/25,300669,3897,782,70389.79,81161.02
CMP-8601,Telcel,Instagram Ads,Alcance,55+,13/04/25,490664,7102,53,23810.85,129117.2
CMP-8737,Banco Azteca,INSTAGRAM ADS,Alcance,25-34,26/02/25,136340,14781,550,66487.27,135042.7
CMP-4903,Bimbo,INSTAGRAM ADS,Reconocimiento,18-24,06/10/25,46765,10257,107,50598.63,146693.22
CMP-3249, Liverpool  ,YouTube Ads,Reconocimiento,45-54,11/09/25,216067,10239,581,35486.75,123616.73
CMP-4554,Bimbo,GOOGLE ADS,Leads,25-34,23/09/25,240352,8692,788,65042.76,143366.54
CMP-7704,Banco Azteca,LinkedIn Ads,reconocimiento,55+,03/03/25,324742,5098,583,66936.34,53301.94
CMP-3318,Banco Azteca,Google Ads,Tráfico,45-54,07/07/25,398900,11742,56,1737.8,56575.46
CMP-6104,Telcel,TikTok Ads,Alcance,25-34,07/03/25,23554,11639,,6353.45,57262.41
CMP-6312,Bimbo,TikTok Ads,Reconocimiento,25-34,07/01/25,267599,2081,157,71728.59,210388.64
CMP-3091, Bimbo  ,Facebook Ads,Reconocimiento,55+,13/05/25,118980,5155,638,16756.7,56966.47
CMP-5525,Banco Azteca,YOUTUBE ADS,Leads,35-44,17/03/25,409830,13275,10,83471.35,184737.92
CMP-5065,Banco Azteca,Instagram Ads,Conversión,18-24,05/03/25,318579,1373,666,42927.4,2507.67
CMP-1848,Telcel,LinkedIn Ads,Alcance,18-24,23/10/25,417972,5243,645,78093.94,2407.76
CMP-7399,Bimbo,GOOGLE ADS,Conversión,35-44,15/06/25,234175,3976,545,64651.53,193650.85
CMP-5900,Cerveza Modelo,YOUTUBE ADS,Conversión,35-44,29/01/25,1647,1647,435,32709.3,186741.62
CMP-7301,OnStar,TIKTOK ADS,Alcance,25-34,09/09/25,318216,8314,714,43372.8,44529.02
CMP-8795,Banco Azteca,LinkedIn Ads,leads,45-54,07/06/25,487827,11852,79,19080.16,56529.31
CMP-7682,GM Financial,Google Ads,Reconocimiento,25-34,02/01/25,351597,662,662,40097.82,844.36
CMP-8136,Liverpool,LinkedIn Ads,Reconocimiento,25-34,10/05/25,297840,9908,210,18939.65,162496.63
CMP-6729,Cerveza Modelo,LinkedIn Ads,Conversión,18-24,25/01/25,415836,14674,375,81311.95,77595.66
CMP-5816,GM Financial,TIKTOK ADS,Conversión,25-34,12/07/25,309639,11683,567,55092.98,96381.56
CMP-10295,Cerveza Modelo,LinkedIn Ads,Tráfico,35-44,18/07/25,116836,13988,525,23066.69,103213.51
CMP-1258,Liverpool,YouTube Ads,Leads,25-34,21/09/25,172068,2184,757,1321.71,56317.74
CMP-4756,Telcel,Instagram Ads,Leads,45-54,14/07/25,450400,6077,341,60417.15,172019.91
CMP-4799,Liverpool,Facebook Ads,Alcance,18-24,19/05/25,191778,10388,763,36531.04,5155.76
CMP-2639,Cerveza Modelo,LinkedIn Ads,Reconocimiento,45-54,01/01/25,149816,11734,694,67281.79,63896.05
CMP-5433,Telcel,Facebook Ads,Alcance,35-44,06/01/25,195073,12219,352,65444.61,102451.48
CMP-1574,GM Financial,FACEBOOK ADS,Leads,45-54,27/06/25,307382,10157,293,48614.16,177914.89
CMP-1160,Bimbo,Google Ads,Conversión,45-54,21/02/25,266593,4760,232,28599.94,
CMP-4639,Banco Azteca,Facebook Ads,Leads,55+,25/02/25,378710,13791,529,12777.72,165561.19
CMP-8770, OnStar  ,TikTok Ads,Reconocimiento,45-54,01/06/25,123407,4046,548,10694.32,21051.26
CMP-10343, Banco Azteca  ,YouTube Ads,Leads,45-54,02/06/25,405140,7120,599,5518.02,191194.86
CMP-4458,Bimbo,Google Ads,Tráfico,45-54,08/07/25,33379,14321,587,68650.73,169910.64
CMP-10597,Aeroméxico,YouTube Ads,Conversión,18-24,20/09/25,331898,7612,421,83368.64,71389.9
CMP-4991,Cerveza Modelo,LinkedIn Ads,Conversión,45-54,01/07/25,400419,14284,186,21092.32,111584.91
CMP-1458,Cerveza Modelo,Facebook Ads,Alcance,55+,06/10/25,282706,12526,307,43405.13,142146.25
CMP-9238,Liverpool,Google Ads,Leads,55+,27/09/25,8633,5293,493,65261.62,169915.4
CMP-5524,GM Financial,YouTube Ads,Alcance,45-54,03/01/25,467070,2939,134,53524.85,204322.52
CMP-8609,Banco Azteca,Instagram Ads,Alcance,45-54,02/04/25,169069,6094,427,12606.08,61911.89
CMP-9883,OnStar,Google Ads,Reconocimiento,55+,29/09/25,223906,5728,374,63223.94,27387.03
CMP-3604, Aeroméxico  ,Google Ads,Conversión,25-34,24/09/25,8394,4303,516,,97822.9
CMP-3478,OnStar,LinkedIn Ads,Alcance,55+,04/09/25,215279,11647,416,10291.03,73041.55
CMP-1260,Aeroméxico,LINKEDIN ADS,Leads,35-44,27/01/25,77220,1317,479,67126.38,55891.68
CMP-7976,Banco Azteca,Facebook Ads,Leads,45-54,02/01/25,167614,11836,782,33013.94,124831.59
CMP-5860,OnStar,Instagram Ads,Reconocimiento,35-44,25/09/25,436665,72,72,40655.72,213913.4
CMP-2991,Liverpool,LinkedIn Ads,Conversión,18-24,09/04/25,470339,8527,34,39194.17,96514.02
CMP-3258,Liverpool,YouTube Ads,Alcance,35-44,01/06/25,380056,5963,541,82242.43,96542.13
CMP-1398,Telcel,YouTube Ads,Reconocimiento,45-54,03/09/25,194673,11681,723,46788.05,
CMP-1773,Aeroméxico,YouTube Ads,leads,45-54,11/02/25,370188,9960,410,58737.99,171135.22
CMP-7649,Banco Azteca,Instagram Ads,Leads,55+,17/04/25,171491,7729,,74476.01,136510.1
CMP-10412,Bimbo,Instagram Ads,Reconocimiento,45-54,06/10/25,488279,4564,446,4931.58,5822.86
CMP-4123,Banco Azteca,INSTAGRAM ADS,Leads,45-54,05/06/25,392141,10658,554,42171.72,3309.29
CMP-1510,Liverpool,Instagram Ads,Leads,25-34,13/07/25,424494,10516,482,7366.19,127485.35
CMP-4007,Bimbo,Google Ads,Tráfico,18-24,05/09/25,216670,14448,253,83510.25,202054.11
CMP-6604,Bimbo,FACEBOOK ADS,Reconocimiento,45-54,08/03/25,495856,10058,684,13490.31,11585.41
CMP-10966,GM Financial,TikTok Ads,Tráfico,55+,25/01/25,296439,4485,465,6503.09,25781.52
CMP-2442,Liverpool,Instagram Ads,Alcance,35-44,25/05/25,200423,215,215,73090.54,192844.32
CMP-10568,OnStar,LinkedIn Ads,Conversión,25-34,21/03/25,221906,13465,765,43547.68,157255.52
CMP-7803,Banco Azteca,TikTok Ads,Tráfico,45-54,30/01/25,138482,9850,44,73654.07,217308.16
CMP-10521,GM Financial,TikTok Ads,Conversión,18-24,29/09/25,52379,13334,303,51063.04,190293.8
CMP-5653, Cerveza Modelo  ,Instagram Ads,Conversión,35-44,05/04/25,202168,7450,74,44104.13,218618.05
CMP-5907,Liverpool,Google Ads,Reconocimiento,18-24,26/08/25,397751,4332,312,64596.1,64915.84
CMP-3330,Aeroméxico,LinkedIn Ads,Reconocimiento,18-24,30/04/25,285649,3784,703,28548.56,26948.83
CMP-2704,OnStar,LinkedIn Ads,Tráfico,45-54,08/06/25,138642,5001,203,62243.76,
CMP-2698,Aeroméxico,Google Ads,Reconocimiento,35-44,30/03/25,228393,10877,615,42264.94,130194.49
CMP-6477, OnStar  ,YOUTUBE ADS,conversión,35-44,17/10/25,338284,14758,124,13097.94,2946.56
CMP-2196, GM Financial  ,Instagram Ads,Tráfico,25-34,27/03/25,320854,3841,108,74803.87,43043.68
CMP-2490,Telcel,YouTube Ads,Leads,35-44,10/06/25,325899,2288,123,3383.98,140978.59
CMP-7296,Banco Azteca,LinkedIn Ads,Tráfico,55+,18/04/25,133534,11906,201,33306.77,31146.42
CMP-9760,GM Financial,TikTok Ads,Leads,45-54,23/04/25,139464,10333,424,26309.38,120584.18
CMP-7701,Telcel,LinkedIn Ads,Leads,18-24,10/04/25,100698,10209,67,50366.23,63743.34
CMP-5092,Bimbo,Facebook Ads,Leads,35-44,08/02/25,420544,13160,29,61434.59,
CMP-8727,Aeroméxico,TikTok Ads,Alcance,45-54,16/09/25,257487,12582,306,38644.47,106183.87
CMP-8270,OnStar,,Alcance,25-34,27/05/25,349247,12521,612,24185.44,115294.16
CMP-3353,Cerveza Modelo,YouTube Ads,Conversión,55+,18/07/25,434010,3120,628,59569.55,119791.22
CMP-2501, Bimbo  ,Instagram Ads,Reconocimiento,55+,13/07/25,229130,13742,,8904.64,
CMP-7299,Telcel,TikTok Ads,Tráfico,25-34,15/07/25,357333,9,9,64255.54,185083.42
CMP-7304,Banco Azteca,YouTube Ads,alcance,35-44,17/07/25,223846,13630,178,48088.39,
CMP-10885, Telcel  ,YouTube Ads,Reconocimiento,55+,21/05/25,186598,13328,524,,213853.95
CMP-8645,GM Financial,LINKEDIN ADS,Alcance,18-24,24/05/25,368553,12454,573,32533.93,102123.02
CMP-8892, Liverpool  ,TikTok Ads,Leads,,10/01/25,159998,9544,650,21485.79,53061.42
CMP-9792,Cerveza Modelo,TikTok Ads,Reconocimiento,35-44,16/01/25,54569,4125,724,74300.22,152649.63
CMP-3326,Aeroméxico,YouTube Ads,Tráfico,25-34,08/08/25,140731,13510,438,68876.19,168467.3
CMP-6589,Bimbo,TikTok Ads,Alcance,55+,24/02/25,159784,5761,266,22859.96,72975
CMP-8074,Cerveza Modelo,TikTok Ads,Reconocimiento,45-54,16/01/25,190257,10594,426,40355.8,135427.44
CMP-1836,Banco Azteca,YouTube Ads,Reconocimiento,55+,11/04/25,404575,13909,796,22721.19,206789.63
CMP-7599,Cerveza Modelo,Instagram Ads,Tráfico,55+,04/02/25,154370,6556,629,7378.07,119487.73
CMP-9695,OnStar,TikTok Ads,Conversión,45-54,20/10/25,158929,10721,755,58861.95,50413.04
CMP-1738,Liverpool,LinkedIn Ads,alcance,45-54,21/04/25,217762,12866,609,33609.04,43738.67
CMP-3171, Bimbo  ,Facebook Ads,Alcance,25-34,10/10/25,396112,14299,705,79394.64,97257.75
CMP-7199,Cerveza Modelo,Google Ads,Conversión,55+,10/07/25,106039,11078,635,29390.15,37476.03
CMP-6228,Bimbo,LINKEDIN ADS,Alcance,25-34,01/09/25,214248,2971,747,74848.92,
CMP-7920,GM Financial,YOUTUBE ADS,Leads,35-44,23/05/25,138710,10427,174,27596.77,133397.4
CMP-8940,Bimbo,Instagram Ads,Conversión,25-34,08/10/25,307647,11384,246,45348.49,81332.96
CMP-1952,Banco Azteca,Facebook Ads,Conversión,18-24,01/07/25,166335,7135,138,7897.71,166626.52
CMP-10802,Telcel,TikTok Ads,Conversión,35-44,07/10/25,317535,883,180,15196.98,20374.77
CMP-2650,OnStar,Instagram Ads,Conversión,55+,30/06/25,420669,6017,279,58796.63,171061.92
CMP-4961, Bimbo  ,Google Ads,Reconocimiento,35-44,02/03/25,295293,239,235,40550.86,202701.09
CMP-10189,OnStar,TikTok Ads,Leads,18-24,22/08/25,131569,5019,294,2558.09,33595.28
CMP-8660,Banco Azteca,TikTok Ads,Leads,45-54,01/04/25,473791,5855,662,77932.89,180977.38
CMP-3852,Cerveza Modelo,Instagram Ads,Conversión,25-34,16/02/25,161313,8891,797,23187.48,4886.66
CMP-1610, Liverpool  ,YouTube Ads,alcance,35-44,15/04/25,261183,6553,211,65708.67,147044.94
CMP-9330,Telcel,Google Ads,conversión,35-44,26/09/25,327200,4116,162,39161.95,
CMP-2576, Banco Azteca  ,Facebook Ads,Reconocimiento,35-44,05/05/25,308673,1553,216,41351.56,67391.05
CMP-4596,Liverpool,LinkedIn Ads,Alcance,25-34,14/03/25,168491,10838,689,84058.89,47968.75
CMP-3938,Bimbo,LinkedIn Ads,Reconocimiento,18-24,13/07/25,364189,3557,204,50386.63,125117.6
CMP-5724,Telcel,LinkedIn Ads,Leads,18-24,25/06/25,75724,8636,743,80252.47,201195.86
CMP-3358,Aeroméxico,Google Ads,Conversión,45-54,23/03/25,427844,11672,485,77308.64,217924.3
CMP-9051,Liverpool,Facebook Ads,Tráfico,45-54,18/10/25,391689,1450,546,4788.72,40838.19
CMP-5125,Liverpool,LinkedIn Ads,Tráfico,55+,30/03/25,444012,6370,,32100.63,184065.76
CMP-10908,Aeroméxico,Instagram Ads,Alcance,45-54,12/01/25,109363,2288,373,15875.09,20430.95
CMP-9879,Banco Azteca,Facebook Ads,Tráfico,55+,02/02/25,177964,2974,430,66118.26,7797.6
CMP-9950,OnStar,LinkedIn Ads,Leads,55+,11/09/25,425284,3223,744,70249.1,52620.11
CMP-2244,OnStar,Google Ads,Leads,45-54,06/03/25,10247,10247,368,36967.4,52542.26
CMP-3718,OnStar,YouTube Ads,Conversión,25-34,29/07/25,234567,2665,705,49751.18,69504.73
CMP-7526,Liverpool,TikTok Ads,Reconocimiento,25-34,18/07/25,165594,9269,,26787.5,149138.53
CMP-3530,Telcel,Instagram Ads,Leads,45-54,08/03/25,12020,4037,505,61877.15,121503
CMP-9808,Telcel,FACEBOOK ADS,Leads,45-54,09/01/25,287276,13723,271,66275.05,137964.62
CMP-1761,OnStar,Google Ads,Leads,18-24,08/03/25,219512,4404,439,42426.34,95556.12
CMP-1513,OnStar,Instagram Ads,Conversión,45-54,14/06/25,119288,6806,320,46435.36,113396.75
CMP-8319,GM Financial,GOOGLE ADS,Alcance,25-34,18/07/25,205520,12336,726,41397.75,39290.63
CMP-8014,GM Financial,FACEBOOK ADS,Leads,55+,04/08/25,375497,6086,230,54302.12,21857.44
CMP-3205,OnStar,Facebook Ads,Tráfico,35-44,22/04/25,220965,454,454,32383.58,116740.12
CMP-8843,Bimbo,Google Ads,Alcance,35-44,13/07/25,240558,646,599,4629.41,44162.85
CMP-7028,Telcel,Instagram Ads,Leads,45-54,02/02/25,308347,14723,159,75972.29,188175.93
CMP-6646,OnStar,YouTube Ads,Leads,,28/07/25,189798,1296,178,9834.98,111099.94
CMP-1852,Telcel,YouTube Ads,Reconocimiento,,27/09/25,424233,13830,,34697.55,11220.91
CMP-8859,GM Financial,Facebook Ads,Reconocimiento,55+,12/03/25,53254,5568,242,75474.84,89173.92
CMP-1392,Cerveza Modelo,LinkedIn Ads,Alcance,55+,16/10/25,63977,12337,182,35615.43,68815.1
CMP-2454,Banco Azteca,YouTube Ads,Leads,55+,02/06/25,221128,2572,699,26958.51,131477.57
CMP-3192,Aeroméxico,TikTok Ads,Conversión,55+,16/05/25,166912,8075,235,37335.38,
CMP-3115,Aeroméxico,LinkedIn Ads,Reconocimiento,25-34,05/08/25,299331,8738,153,9887.26,129604.62
CMP-3328,GM Financial,INSTAGRAM ADS,Leads,25-34,08/08/25,281380,1291,132,71605.87,205509.13
CMP-4435,Cerveza Modelo,Instagram Ads,Reconocimiento,35-44,14/03/25,62430,4586,361,13364.26,97034.44
CMP-4183,Aeroméxico,Instagram Ads,Alcance,35-44,18/07/25,59382,12385,,50866.95,62680.03
CMP-1076,Aeroméxico,YouTube Ads,Conversión,25-34,09/05/25,90004,1210,772,48805.92,95539.32
CMP-8724,OnStar,YouTube Ads,Reconocimiento,25-34,07/07/25,431458,6779,757,80497.91,33943.02
CMP-2447,Aeroméxico,LinkedIn Ads,Leads,45-54,23/06/25,290312,11003,201,40842.1,
CMP-7809, OnStar  ,Google Ads,Tráfico,45-54,02/10/25,337594,6512,798,84138.82,163172.77
CMP-6562,Cerveza Modelo,LinkedIn Ads,Tráfico,45-54,25/07/25,368027,1088,151,62235.37,78909.99
CMP-7433,Bimbo,YOUTUBE ADS,Conversión,35-44,30/06/25,359473,3720,44,37687.65,6637.53
CMP-8501,Aeroméxico,FACEBOOK ADS,Conversión,35-44,14/04/25,184759,10937,552,61189.55,141078.1
CMP-7970,Cerveza Modelo,TikTok Ads,Tráfico,45-54,31/01/25,331137,14791,40,26112.6,119831.51
CMP-3124,Aeroméxico,Instagram Ads,Reconocimiento,45-54,26/09/25,214384,14272,741,34204.42,138576.86
CMP-2474,OnStar,TikTok Ads,Alcance,25-34,11/01/25,366694,274,215,77287.08,97978.61
CMP-7069,Bimbo,Google Ads,Reconocimiento,18-24,30/09/25,89323,5059,158,47418.06,58846.65
CMP-6538,Cerveza Modelo,TikTok Ads,Alcance,,25/02/25,206111,413,413,3087.76,33478.74
CMP-8460,Liverpool,Instagram Ads,Reconocimiento,18-24,31/03/25,375086,1384,184,63478.67,107797.82
CMP-1682,Bimbo,Instagram Ads,Leads,25-34,05/04/25,279055,7644,380,83072.68,53507.29
CMP-4518, Banco Azteca  ,Instagram Ads,Tráfico,45-54,03/03/25,65239,7865,748,,
CMP-10679,Telcel,TikTok Ads,Leads,25-34,12/09/25,406052,12481,407,19532.4,86528.63
CMP-6543,Liverpool,Instagram Ads,Reconocimiento,25-34,28/06/25,377822,7904,99,39129.7,31486.78
CMP-3125,Liverpool,YouTube Ads,tráfico,35-44,30/06/25,271463,8576,,4537.34,100587.33
CMP-7965,Telcel,LinkedIn Ads,Conversión,35-44,04/04/25,174920,8685,34,,39182.19
CMP-4557,Liverpool,YouTube Ads,Conversión,18-24,21/08/25,304776,13915,249,68940.62,86358.06
CMP-1196,Telcel,TikTok Ads,Conversión,25-34,06/07/25,327100,367,81,21455.79,134466.2
CMP-7505,Bimbo,Facebook Ads,Leads,55+,11/09/25,374751,1854,350,82018.93,217514.52
CMP-10652,Banco Azteca,Facebook Ads,Tráfico,55+,01/07/25,311151,4590,551,36349.46,140511.45
CMP-9714,Cerveza Modelo,TIKTOK ADS,alcance,25-34,15/08/25,144840,14945,,77783.77,109215.92
CMP-6902,Bimbo,,Alcance,45-54,22/08/25,287260,11336,543,3483.08,51792.87
CMP-7064,Aeroméxico,LinkedIn Ads,Leads,35-44,10/03/25,440805,8443,621,45508.52,123426.84
CMP-9656,GM Financial,TikTok Ads,Conversión,18-24,16/09/25,346672,6823,333,82291.87,172337.84
CMP-2014,Bimbo,Instagram Ads,Conversión,55+,24/02/25,407081,2917,28,45073.46,101055.67
CMP-10526,OnStar,Instagram Ads,Alcance,18-24,05/04/25,63797,10027,261,52465.26,76958.65
CMP-5831,Banco Azteca,,Tráfico,35-44,19/04/25,76752,1843,358,84815.58,117416.8
CMP-7903,Aeroméxico,Facebook Ads,Conversión,55+,09/05/25,215270,12445,,28735.91,62977.95
CMP-5721,Banco Azteca,TikTok Ads,Alcance,55+,20/07/25,403453,9794,649,83794.14,
CMP-10704,Aeroméxico,YouTube Ads,Alcance,35-44,21/10/25,210257,9652,155,61289.33,8504.87
CMP-4768,Telcel,Facebook Ads,Alcance,35-44,17/01/25,450736,12502,225,38496.87,114982.04
CMP-3128,Telcel,LinkedIn Ads,Leads,45-54,15/10/25,63293,5059,411,67765.58,211440.43
CMP-5353, OnStar  ,Google Ads,Tráfico,18-24,11/03/25,67771,5355,696,70467.16,4233.26
CMP-1614,Liverpool,Facebook Ads,Tráfico,18-24,13/05/25,408782,7311,647,76830.66,4380.71
CMP-6574,OnStar,Google Ads,Tráfico,45-54,09/05/25,99152,6585,452,51612.83,148855.64
CMP-8245,Aeroméxico,TikTok Ads,Conversión,45-54,16/07/25,339326,688,162,35275.59,58265.02
CMP-7155,Aeroméxico,Facebook Ads,Reconocimiento,45-54,09/08/25,300351,1010,403,57061.61,175717.4
CMP-9237,Telcel,Instagram Ads,Reconocimiento,35-44,21/06/25,345299,9275,229,5875.03,130422.42
CMP-1891,Bimbo,INSTAGRAM ADS,conversión,55+,06/06/25,39348,12646,,73410.21,181617.49
CMP-6994,Bimbo,LinkedIn Ads,Conversión,55+,18/04/25,352906,2055,407,,52701.8
CMP-6941,Telcel,LinkedIn Ads,Conversión,45-54,17/08/25,144622,2863,332,18258.13,80849.77
CMP-6246,OnStar,TikTok Ads,Conversión,18-24,26/05/25,82440,4493,400,34327.35,216580.97
CMP-2236,GM Financial,TikTok Ads,Alcance,18-24,29/01/25,430016,3154,,61235.03,39219.74
CMP-1841,Telcel,LinkedIn Ads,Reconocimiento,18-24,05/04/25,403743,4058,267,38139.25,176241.64
CMP-2934,Banco Azteca,YouTube Ads,Conversión,25-34,23/03/25,32209,13093,700,56077.01,83276.53
CMP-1334,Banco Azteca,Facebook Ads,Tráfico,45-54,11/04/25,351126,1437,576,36162.91,102913.16
CMP-2709,OnStar,LinkedIn Ads,Alcance,55+,19/01/25,246574,5201,103,64576.46,169607.43
CMP-5919,Telcel,YouTube Ads,Conversión,55+,28/03/25,420720,10447,96,31959.71,101462.85
CMP-10008,Banco Azteca,Instagram Ads,Reconocimiento,35-44,30/07/25,340939,13822,307,42406.03,113904.63
CMP-6361, Telcel  ,Google Ads,Leads,35-44,19/07/25,46101,9269,658,21765.58,175637.17
CMP-8092,Cerveza Modelo,LinkedIn Ads,Alcance,35-44,24/02/25,120187,6423,622,63258.27,67308.2
CMP-9979,Liverpool,Google Ads,Reconocimiento,35-44,16/08/25,329891,7954,264,79122.66,13921.81
CMP-5291,Liverpool,TikTok Ads,Reconocimiento,35-44,15/10/25,158355,7308,217,,16263.17
CMP-2890,Banco Azteca,INSTAGRAM ADS,Reconocimiento,35-44,12/01/25,333053,1616,113,38896.06,128263.49
CMP-5494,GM Financial,YOUTUBE ADS,Conversión,25-34,22/06/25,94167,8252,782,49168.19,203536.34
CMP-9915,Liverpool,Instagram Ads,alcance,25-34,08/03/25,286434,3573,141,30993.29,11688.92
CMP-4006,Banco Azteca,Instagram Ads,alcance,35-44,17/10/25,398859,3521,285,24269.36,160502.61
CMP-6529,Telcel,Google Ads,Alcance,25-34,07/06/25,311802,12275,751,59364.15,203717.09
CMP-6423,Bimbo,TikTok Ads,conversión,25-34,14/01/25,248937,13216,,67369.27,9160.5
CMP-1419,Aeroméxico,Google Ads,Leads,35-44,25/09/25,343300,6416,636,23878.9,54550.8
CMP-2551,Telcel,TikTok Ads,Conversión,25-34,31/08/25,314203,4217,741,28613.58,16164.68
CMP-2439,OnStar,Facebook Ads,Conversión,35-44,27/01/25,37807,14451,666,32277.31,70523.32
CMP-10712,Liverpool,TikTok Ads,reconocimiento,18-24,03/06/25,384808,1169,458,33979.35,151606.87
CMP-6971,Banco Azteca,Instagram Ads,alcance,45-54,23/07/25,473766,12624,254,,77171.73
CMP-6086,Banco Azteca,Google Ads,Leads,,28/06/25,72193,5558,540,26461.37,13688.05
CMP-2951,Cerveza Modelo,,tráfico,55+,25/01/25,313615,8249,372,43252.26,108991.09
CMP-2429,Telcel,LinkedIn Ads,Alcance,45-54,27/02/25,116581,3837,680,,125842.74
CMP-7785,Telcel,INSTAGRAM ADS,Leads,18-24,17/07/25,99570,14651,590,35695.28,171344.49
CMP-9718,Cerveza Modelo,Instagram Ads,Alcance,25-34,29/01/25,70414,14988,642,45009.1,153989.17
CMP-6278, Cerveza Modelo  ,Instagram Ads,Conversión,55+,31/05/25,365318,14640,271,76265.63,195267.8
CMP-6736, OnStar  ,TikTok Ads,Reconocimiento,25-34,28/05/25,159778,5992,597,69569.49,104075.52
CMP-9062,Cerveza Modelo,GOOGLE ADS,Conversión,55+,17/02/25,218710,5515,266,52467.11,26652.06
CMP-4942,Aeroméxico,Facebook Ads,Tráfico,55+,10/09/25,385336,8118,322,19171.04,25712.87
CMP-8358,Liverpool,LinkedIn Ads,Reconocimiento,25-34,03/10/25,181400,13888,283,12072.44,185115.17
CMP-10169,Telcel,TikTok Ads,Reconocimiento,25-34,24/07/25,34924,5879,103,81490.46,97659.12
CMP-7857,Cerveza Modelo,LinkedIn Ads,Alcance,55+,19/02/25,245829,10165,784,5982.93,88992.26
CMP-1429,Liverpool,Facebook Ads,Tráfico,45-54,04/02/25,384095,1888,760,971.76,83638.07
CMP-4143,Telcel,Google Ads,Leads,35-44,01/09/25,83525,9859,769,27275.55,30277.57
CMP-1818,Bimbo,YouTube Ads,Reconocimiento,55+,16/02/25,386821,9473,247,30156.44,
CMP-9625,Cerveza Modelo,YOUTUBE ADS,Alcance,55+,14/04/25,64291,5610,470,10780.89,201816.38
CMP-8091,GM Financial,INSTAGRAM ADS,Conversión,45-54,13/04/25,187097,13394,222,14151.48,185851.17
CMP-7710,Telcel,Facebook Ads,Reconocimiento,25-34,19/06/25,305084,3767,266,27627.41,105185.3
CMP-2472,Bimbo,Google Ads,Reconocimiento,18-24,15/06/25,875,875,508,12846.41,68747.71
CMP-9977,OnStar,TikTok Ads,Conversión,55+,11/05/25,214664,12691,785,2191.07,40382.68
CMP-8602,Telcel,Google Ads,Leads,,06/06/25,411982,1893,35,,164997.91
CMP-7055,Bimbo,TikTok Ads,conversión,25-34,14/08/25,230054,5918,143,28555.26,63618.29
CMP-5629,Bimbo,Instagram Ads,Reconocimiento,18-24,21/05/25,93803,14820,6,73320.3,147384.76
CMP-9011, Cerveza Modelo  ,Instagram Ads,Conversión,45-54,06/04/25,61741,6793,175,59279.5,38457.23
CMP-7186,Liverpool,YouTube Ads,Conversión,55+,02/06/25,184121,3603,77,67884.04,47678
CMP-7939,Bimbo,Google Ads,Tráfico,45-54,21/10/25,401732,3283,626,63921,114714.51
CMP-2042,OnStar,,Alcance,25-34,01/07/25,167200,2485,761,47506.61,15296.73
CMP-10060,Liverpool,INSTAGRAM ADS,Conversión,18-24,17/05/25,99614,10693,357,39666.62,29594.99
CMP-4258,Banco Azteca,Google Ads,leads,45-54,08/01/25,143852,3081,712,1343.24,168481.03
CMP-8292,Telcel,Google Ads,Reconocimiento,55+,21/07/25,371445,586,586,16052.1,46256.53
CMP-7964,GM Financial,TikTok Ads,Leads,45-54,10/06/25,449877,13218,235,9661.52,216242.91
CMP-1975, Liverpool  ,YOUTUBE ADS,Reconocimiento,35-44,29/06/25,162160,136,136,25885.39,143187.43
CMP-2094,GM Financial,FACEBOOK ADS,Leads,55+,03/08/25,455933,10504,60,38467.7,174532.91
CMP-5221,Liverpool,TikTok Ads,Tráfico,45-54,04/04/25,498558,10121,250,20531.58,185530.53
CMP-5097,Bimbo,Google Ads,Leads,55+,05/02/25,227214,8581,713,84671.38,201331.97
CMP-6047,Bimbo,Facebook Ads,Tráfico,45-54,21/04/25,481468,4478,196,15394.14,104111.49
CMP-8145, Liverpool  ,LinkedIn Ads,Conversión,25-34,13/07/25,248375,7007,126,57843.34,117913.87
CMP-4950,Banco Azteca,LinkedIn Ads,Conversión,,02/07/25,197027,4138,516,21055.32,102891.68
CMP-7119,Bimbo,Instagram Ads,reconocimiento,45-54,07/01/25,32735,13835,596,82946.34,46736.86
CMP-1045,GM Financial,INSTAGRAM ADS,Tráfico,45-54,25/07/25,243259,7185,350,57070.63,3896.79
CMP-9191,Banco Azteca,Instagram Ads,Leads,35-44,10/07/25,164579,7600,207,37625.69,109024.38
CMP-6583,Aeroméxico,Google Ads,Reconocimiento,18-24,13/02/25,82631,3432,103,25437.27,70077.2
CMP-9002,Liverpool,YouTube Ads,Tráfico,55+,05/06/25,412910,7536,277,15822.18,187823.72
CMP-4018,Aeroméxico,Facebook Ads,Tráfico,45-54,21/10/25,179111,374,9,15843.72,48995.35
CMP-7615,Cerveza Modelo,LinkedIn Ads,Leads,25-34,13/04/25,457128,3277,17,38628.13,159436.53
CMP-7045,GM Financial,LinkedIn Ads,Conversión,25-34,19/10/25,27043,4613,145,67601.78,
CMP-6949,Aeroméxico,TikTok Ads,Conversión,45-54,18/01/25,358474,2271,466,67250.6,60490.9
CMP-4904,Bimbo,Facebook Ads,Leads,25-34,23/07/25,33467,13270,781,6087.43,52718.24
CMP-9807,Telcel,Facebook Ads,Tráfico,25-34,25/10/25,123309,7674,396,84095.59,115478.03
CMP-9213, Liverpool  ,Facebook Ads,Alcance,35-44,08/10/25,417992,2753,284,8745.54,7724.28
CMP-9092,GM Financial,Instagram Ads,Reconocimiento,18-24,01/06/25,373813,13239,303,78426.31,212898.28
CMP-9847,Bimbo,TikTok Ads,Leads,25-34,11/07/25,215900,10974,278,82260.03,214120.05
CMP-8616,Telcel,LinkedIn Ads,Alcance,35-44,19/09/25,116490,7632,341,84539.89,90754.55
CMP-7587,Bimbo,Instagram Ads,Alcance,25-34,31/07/25,258978,11342,187,80210.7,158122.77
CMP-4057,OnStar,INSTAGRAM ADS,Tráfico,45-54,20/05/25,199926,9726,148,6524.11,32224.23
CMP-6263, GM Financial  ,Facebook Ads,Reconocimiento,55+,09/04/25,485693,13183,111,47104.53,39720.58
CMP-3110,Cerveza Modelo,Google Ads,Leads,35-44,18/02/25,272778,5849,293,70724.65,68412.26
CMP-6295,Liverpool,YouTube Ads,Reconocimiento,35-44,16/04/25,327625,11343,723,51270.7,104954.36
CMP-2147, Banco Azteca  ,Instagram Ads,Reconocimiento,25-34,28/05/25,40115,10613,314,51975.25,62003.61
CMP-10536,Cerveza Modelo,TikTok Ads,Reconocimiento,35-44,01/10/25,337026,5891,495,22270.71,216073.26
CMP-1074,Cerveza Modelo,LinkedIn Ads,Alcance,45-54,06/03/25,30020,5740,489,59701.5,42962.79
CMP-3375,Telcel,Instagram Ads,conversión,25-34,18/06/25,383161,12187,699,8771.99,98312.62
CMP-4235,Bimbo,TikTok Ads,Tráfico,55+,18/06/25,334542,8556,244,31549.56,15128.48
CMP-3841,Bimbo,TikTok Ads,Conversión,18-24,11/10/25,286546,832,373,75832.7,114551.41
CMP-2960,Bimbo,Google Ads,Reconocimiento,45-54,25/01/25,159059,3573,177,34271.68,116158.11
CMP-7683,Cerveza Modelo,YOUTUBE ADS,alcance,35-44,31/08/25,365290,1217,733,29850.82,55315.09
CMP-10690,Bimbo,LinkedIn Ads,Reconocimiento,45-54,20/05/25,179853,5072,153,61705.35,184596.57
CMP-9057,Liverpool,TikTok Ads,Leads,35-44,04/01/25,47494,9245,720,7220.7,103315.42
CMP-6696,Aeroméxico,Facebook Ads,Conversión,45-54,18/04/25,246914,458,252,30686.95,130000.03
CMP-3830,Bimbo,Google Ads,Reconocimiento,25-34,30/09/25,90106,923,710,,27749.63
CMP-9252,Bimbo,LinkedIn Ads,Leads,35-44,13/08/25,234264,6477,288,22338.17,159357.24
CMP-5546,Aeroméxico,LinkedIn Ads,Tráfico,18-24,25/01/25,199374,13381,605,52377.8,87585.35
CMP-1501,GM Financial,TikTok Ads,Tráfico,35-44,10/09/25,45087,7031,134,48937.35,57964.03
CMP-10198,Telcel,YouTube Ads,Conversión,,15/05/25,238307,12652,46,58655.17,101055.45
CMP-1535,Telcel,Google Ads,Alcance,45-54,28/05/25,232407,6269,514,25481.2,105746.38
CMP-8511,Liverpool,LinkedIn Ads,Reconocimiento,18-24,15/05/25,154822,2102,437,,82276.79
CMP-5187,GM Financial,LinkedIn Ads,Leads,25-34,07/05/25,395976,14664,741,21132.16,208274.07
CMP-5751, Telcel  ,LinkedIn Ads,Tráfico,18-24,25/07/25,78647,14095,151,6600.93,168565.35
CMP-8394,Telcel,YouTube Ads,Leads,55+,19/08/25,116357,6789,309,13834.22,201069.28
CMP-5584,GM Financial,Instagram Ads,Alcance,45-54,10/07/25,120924,4042,211,37887.51,
CMP-5706,Liverpool,Google Ads,Leads,35-44,11/02/25,375620,6464,478,5433.61,41953.01
CMP-6800,GM Financial,Google Ads,Reconocimiento,25-34,04/06/25,145982,10160,423,83176.58,18312.81
CMP-10557,Telcel,Instagram Ads,Conversión,45-54,10/01/25,21805,11332,632,55114.05,
CMP-6266,Banco Azteca,Google Ads,leads,45-54,21/05/25,250894,5783,665,28659.48,187328.78
CMP-3678,OnStar,TikTok Ads,reconocimiento,45-54,24/09/25,166825,4993,319,49129.78,
CMP-3425,OnStar,Facebook Ads,Alcance,25-34,11/02/25,217650,11818,600,31951.75,160885.96
CMP-10955,OnStar,YouTube Ads,Alcance,55+,15/01/25,416174,6347,193,33139.8,146645.32
CMP-6576,Cerveza Modelo,YouTube Ads,Tráfico,18-24,27/02/25,326364,10650,569,66197,156664.24
CMP-6209,Cerveza Modelo,TikTok Ads,Conversión,25-34,16/01/25,449415,250,51,13819.39,80885.5
CMP-9534,Banco Azteca,LinkedIn Ads,Alcance,25-34,30/09/25,115443,10638,536,51228.07,57272.79
CMP-9996,Bimbo,Facebook Ads,Reconocimiento,45-54,13/06/25,317886,10612,312,47150.54,199524.35
CMP-1254,Banco Azteca,INSTAGRAM ADS,Leads,55+,07/06/25,99889,8288,362,18043.98,39944.85
CMP-3713,GM Financial,TikTok Ads,Tráfico,35-44,15/09/25,478341,3053,227,43887.71,74805.52
CMP-8048,Bimbo,Google Ads,Conversión,45-54,30/06/25,303820,11061,565,27539.53,178971.77
CMP-3088,Aeroméxico,TikTok Ads,Tráfico,55+,19/04/25,102791,11295,759,72737.61,170884.84
CMP-7443,Bimbo,LinkedIn Ads,Leads,,07/02/25,394008,12932,148,27083.37,149921.63
CMP-5660,GM Financial,TIKTOK ADS,Leads,55+,05/04/25,493770,14254,576,60869.64,113175.06
CMP-2645,Cerveza Modelo,Google Ads,Conversión,55+,10/06/25,462195,2809,416,45779.38,35456.75
CMP-7139,OnStar,Instagram Ads,Alcance,55+,01/08/25,404018,14526,308,72899.74,125292.99
CMP-10656,Banco Azteca,Google Ads,Alcance,35-44,21/07/25,124495,8466,104,62688.39,80926.39
CMP-10232,Liverpool,YouTube Ads,Alcance,55+,07/05/25,236154,14029,792,,192011.2
CMP-6864,Aeroméxico,YOUTUBE ADS,Reconocimiento,35-44,14/01/25,181975,9037,500,50438.5,190087.71
CMP-5882,Liverpool,,Tráfico,25-34,27/07/25,431190,13749,354,42272.29,121174.97
CMP-9347,Bimbo,Facebook Ads,Reconocimiento,45-54,20/03/25,378964,6677,161,43881.79,145436.52
CMP-1665,Liverpool,Google Ads,Leads,35-44,12/10/25,161907,14761,338,31504.76,122893.46
CMP-10751,Aeroméxico,Google Ads,Reconocimiento,45-54,26/04/25,238500,5279,503,68641.83,145808.66
CMP-9369,OnStar,Google Ads,Reconocimiento,,20/02/25,194624,8896,601,2260.86,49236.61
CMP-7474,Banco Azteca,Instagram Ads,Alcance,35-44,18/10/25,305416,14744,610,6356.41,160273.97
CMP-10342,Bimbo,LinkedIn Ads,Conversión,18-24,31/07/25,438534,12855,537,8805.6,81126.45
CMP-3870, Aeroméxico  ,Instagram Ads,Conversión,35-44,07/09/25,278938,445,204,44539.35,82202.63
CMP-8139,Cerveza Modelo,Instagram Ads,Conversión,25-34,01/09/25,314113,8499,9,55370.38,161531.93
CMP-2872,Cerveza Modelo,YouTube Ads,Leads,25-34,03/08/25,452647,11065,511,,45215.01
CMP-7046,Liverpool,Google Ads,Leads,35-44,08/10/25,281432,2685,507,59587.71,100482.68
CMP-3816,Aeroméxico,TikTok Ads,Alcance,25-34,14/06/25,323568,1309,709,67076.15,123845.52
CMP-6157,GM Financial,TikTok Ads,Alcance,25-34,07/06/25,392086,4107,,12574.32,210445.8
CMP-1088,Bimbo,LinkedIn Ads,Tráfico,35-44,20/07/25,293286,10978,244,46810.72,28122.8
CMP-3789,GM Financial,Facebook Ads,Conversión,25-34,04/06/25,250911,14587,432,41515.85,47264.81
CMP-5581,Bimbo,Google Ads,Leads,18-24,20/03/25,43063,8890,443,5561.2,207970.75
CMP-3540,Telcel,Facebook Ads,Reconocimiento,18-24,09/09/25,394006,14952,46,47163.12,191735.08
CMP-7741,Bimbo,Google Ads,Conversión,55+,16/10/25,235734,14280,65,79010.76,100877.28
CMP-8344,Banco Azteca,GOOGLE ADS,Conversión,45-54,09/08/25,318958,8913,403,27563.62,143717.23
CMP-6458,GM Financial,YouTube Ads,Tráfico,55+,18/01/25,327271,3464,359,65764.76,138855.66
CMP-5872,OnStar,Google Ads,Tráfico,18-24,20/08/25,356796,7228,5,84994.9,52408.34
CMP-8035, Banco Azteca  ,Instagram Ads,Conversión,35-44,02/09/25,86138,13690,7,75127.02,63707.43
CMP-8550,Banco Azteca,LinkedIn Ads,Tráfico,18-24,18/05/25,52966,1834,797,2674.42,91182.85
CMP-2705,Liverpool,LinkedIn Ads,Tráfico,55+,08/04/25,465704,4928,154,26598.49,160702.74
CMP-5381,Aeroméxico,TikTok Ads,Alcance,25-34,02/01/25,388290,8020,465,7486.28,33526.27
CMP-6328,GM Financial,INSTAGRAM ADS,Reconocimiento,55+,04/06/25,339914,4487,,26848.44,197634.1
CMP-2550,Aeroméxico,TikTok Ads,Conversión,25-34,21/07/25,401077,11071,506,19871.91,37173.88
CMP-4395,Bimbo,TikTok Ads,Leads,45-54,22/01/25,329366,14189,113,61502.98,117213.9
CMP-5066,Cerveza Modelo,Facebook Ads,tráfico,35-44,25/10/25,279139,8107,255,75271.65,43148.89
CMP-2053,Aeroméxico,Facebook Ads,Conversión,18-24,07/07/25,292132,11426,157,13388.04,150202.6
CMP-4210,Telcel,Google Ads,Reconocimiento,55+,02/03/25,123716,788,,70400.58,122780.3
CMP-8783,Banco Azteca,,Leads,35-44,12/10/25,200211,14782,638,71489.99,31881.9
CMP-3352, Liverpool  ,LinkedIn Ads,Tráfico,35-44,23/05/25,202448,3385,484,32736.08,91877.93
CMP-2061,Cerveza Modelo,Google Ads,conversión,35-44,20/01/25,103697,4855,344,25868.77,100800.82
CMP-4356,Cerveza Modelo,TikTok Ads,Leads,35-44,10/10/25,271003,14531,656,33097.45,23832.02
CMP-5951,Banco Azteca,GOOGLE ADS,Reconocimiento,,16/02/25,480141,10774,232,27970.25,141385.31
CMP-1449,Aeroméxico,LinkedIn Ads,Reconocimiento,25-34,06/04/25,283131,32,32,82767.66,3302.87
CMP-2074,OnStar,Google Ads,Tráfico,25-34,03/08/25,34888,7979,,76164.34,55309.72
CMP-3296,Liverpool,YOUTUBE ADS,Tráfico,35-44,28/04/25,423806,5270,724,8112.74,334.27
CMP-8016, Banco Azteca  ,LinkedIn Ads,Tráfico,25-34,17/05/25,477389,4041,431,62686.74,142310.6
CMP-4879,Liverpool,Facebook Ads,Reconocimiento,35-44,27/10/25,240587,6717,461,1644.08,141149.9
CMP-8796,Liverpool,TikTok Ads,leads,25-34,19/08/25,482323,8379,43,70574.42,212321.63
CMP-4415,Banco Azteca,Google Ads,Conversión,55+,03/05/25,19274,1984,391,63053.94,10013.39
CMP-2713, Telcel  ,Facebook Ads,Reconocimiento,55+,30/03/25,216078,7492,762,24792.8,22240.01
CMP-9675,Banco Azteca,TikTok Ads,Alcance,18-24,28/01/25,123347,3119,2,33196.17,33314.96
CMP-9152, Banco Azteca  ,Instagram Ads,Conversión,18-24,12/07/25,319921,13528,371,,30113.3
CMP-7600,Liverpool,LinkedIn Ads,Leads,35-44,24/01/25,352005,1632,371,47194.02,47986.56
CMP-5417,Aeroméxico,,Reconocimiento,55+,21/05/25,111615,13215,540,77637.07,6459.99
CMP-1732,Liverpool,Facebook Ads,Leads,55+,04/08/25,385089,8077,220,63522.33,157597.07
CMP-7517,OnStar,Google Ads,Conversión,25-34,04/06/25,17843,2001,125,11031.91,71448.43
CMP-1332,Banco Azteca,YouTube Ads,Tráfico,35-44,28/09/25,229611,8169,345,2695.08,107312.74
CMP-3324,Liverpool,TikTok Ads,tráfico,45-54,01/08/25,60745,11589,341,11398.61,28291.47
CMP-8839,Liverpool,Instagram Ads,Leads,18-24,12/05/25,17511,1148,51,60378.9,156549.3
CMP-8508,Liverpool,Google Ads,Conversión,55+,23/04/25,101954,12763,762,24001.54,172743.74
CMP-9744,OnStar,LinkedIn Ads,Conversión,55+,21/02/25,49657,14883,206,61528.75,31899.33
CMP-10338,Cerveza Modelo,LinkedIn Ads,Conversión,18-24,27/06/25,459734,1239,98,1932.62,169671.92
CMP-7577,Bimbo,Google Ads,Conversión,18-24,22/02/25,335189,6595,216,13271.19,122039.21
CMP-8514,Bimbo,Instagram Ads,Conversión,45-54,11/05/25,398021,3871,,40869.22,3023.55
CMP-9038,Cerveza Modelo,YouTube Ads,Conversión,25-34,19/07/25,244219,13473,763,41323.85,46411.62
CMP-10315,Cerveza Modelo,Google Ads,Tráfico,18-24,26/10/25,287424,6407,309,58671.28,
CMP-7083,Aeroméxico,GOOGLE ADS,Tráfico,25-34,20/08/25,170438,9771,675,26273.98,
CMP-8118,Cerveza Modelo,Google Ads,Alcance,45-54,06/02/25,40337,6024,95,24873.75,9556.56
CMP-4071,Cerveza Modelo,Facebook Ads,Conversión,18-24,31/01/25,269637,9496,71,81104.86,40674.32
CMP-7178,Banco Azteca,Facebook Ads,Tráfico,55+,03/04/25,424830,7148,242,45940.37,177637.63
CMP-10525,GM Financial,Google Ads,Tráfico,25-34,14/08/25,212584,14018,117,16763.82,33979.6
CMP-8552,Bimbo,LinkedIn Ads,Reconocimiento,55+,18/02/25,24959,3744,505,15623.58,7294.96
CMP-2858,Bimbo,TikTok Ads,Tráfico,45-54,10/05/25,342575,11486,398,64393.84,87458.91
CMP-8302,Banco Azteca,LinkedIn Ads,Tráfico,18-24,14/04/25,80134,14174,244,,44318.03
CMP-5188,Bimbo,Google Ads,Alcance,45-54,14/10/25,301532,5279,339,21996.9,22613.68
CMP-1551,GM Financial,Facebook Ads,Tráfico,18-24,17/08/25,166049,13654,80,78711.95,42709.53
CMP-7956,Banco Azteca,LinkedIn Ads,Leads,55+,03/08/25,146890,13236,443,50262.04,116069.43
CMP-10947, OnStar  ,TikTok Ads,Reconocimiento,35-44,19/06/25,490861,11781,584,67600.12,198040.94
CMP-2225,Liverpool,INSTAGRAM ADS,Reconocimiento,18-24,15/08/25,155564,2029,746,30829.29,176510.59
CMP-10829,OnStar,TikTok Ads,alcance,45-54,07/08/25,434256,5286,54,44489.05,24231.03
CMP-6017,Aeroméxico,YouTube Ads,Leads,18-24,08/04/25,247546,183,,27231.86,217478.46
CMP-7689,Aeroméxico,Instagram Ads,Conversión,45-54,24/05/25,260887,6907,98,28403.17,81682.11
CMP-1005,Banco Azteca,LinkedIn Ads,Alcance,25-34,21/01/25,240482,4981,463,22558.86,115072.21
CMP-3111,Cerveza Modelo,YouTube Ads,Reconocimiento,55+,19/10/25,9314,9314,279,39990.19,54756.75
CMP-2372,Aeroméxico,LinkedIn Ads,Conversión,45-54,07/07/25,455495,11059,,51287.13,20714.29
CMP-6678,Cerveza Modelo,YouTube Ads,Conversión,35-44,29/05/25,432026,7897,26,,18655.63
CMP-9224, Aeroméxico  ,TikTok Ads,Reconocimiento,55+,08/10/25,385107,8368,576,33990.32,142495.51
CMP-8304,Bimbo,,Conversión,18-24,04/06/25,150957,420,420,42919.08,84893.84
CMP-3521,GM Financial,Google Ads,reconocimiento,25-34,05/06/25,338991,11729,405,30731.51,130983.55
CMP-8339, Telcel  ,Instagram Ads,Alcance,45-54,20/03/25,35548,4708,180,46670.96,73960.91
CMP-9065,Cerveza Modelo,LinkedIn Ads,Reconocimiento,45-54,19/05/25,266246,1169,145,33720.93,
CMP-4870,Aeroméxico,Google Ads,Alcance,35-44,08/01/25,109313,10526,126,38372.91,53645.25
CMP-3837,GM Financial,Facebook Ads,Tráfico,35-44,07/09/25,417296,12372,653,55681.58,46111.86
CMP-8157, Banco Azteca  ,GOOGLE ADS,Tráfico,18-24,16/03/25,106392,13196,568,32764.07,92127.64
CMP-7943,GM Financial,LINKEDIN ADS,Conversión,18-24,10/10/25,44572,11375,107,81391.35,217542.72
CMP-10546,Bimbo,TikTok Ads,Conversión,18-24,11/07/25,171667,9369,547,41034.01,117801.7
CMP-10273,OnStar,TikTok Ads,Leads,35-44,31/05/25,43655,9820,55,,92786.76
CMP-2231,OnStar,Facebook Ads,Conversión,45-54,21/05/25,379208,9491,621,75141.58,62892.19
CMP-9307,Bimbo,LinkedIn Ads,Conversión,18-24,19/08/25,156547,6962,223,,70601.62
CMP-5733,Banco Azteca,LinkedIn Ads,Alcance,18-24,19/03/25,414902,301,301,38697.84,
CMP-7194,GM Financial,Google Ads,Reconocimiento,18-24,28/03/25,64776,1755,79,64377.94,71114.75
CMP-5266,GM Financial,FACEBOOK ADS,Tráfico,18-24,15/08/25,301996,9611,302,69063.83,35112.39
CMP-10979,OnStar,LINKEDIN ADS,Tráfico,25-34,13/10/25,73708,7435,670,54872.79,73462.81
CMP-1715,OnStar,Facebook Ads,Leads,25-34,17/04/25,188939,10394,148,52865.83,14523.7
CMP-1283,OnStar,YouTube Ads,Tráfico,25-34,09/04/25,60649,8295,416,52666.3,82834.14
CMP-5802,Banco Azteca,Instagram Ads,reconocimiento,35-44,30/03/25,167667,12444,35,,142701.97
CMP-3184,Bimbo,Instagram Ads,Conversión,25-34,23/01/25,272189,14847,296,21407.33,98057.02
CMP-10035,Bimbo,LinkedIn Ads,Alcance,35-44,07/07/25,492121,7209,470,27794.81,
CMP-1711,Telcel,Google Ads,Leads,45-54,01/05/25,110917,9165,496,10994.53,13644.05
CMP-6432,Bimbo,TikTok Ads,Conversión,45-54,18/10/25,235276,6908,461,69430.26,171204.16
CMP-2568, OnStar  ,LinkedIn Ads,Alcance,45-54,27/04/25,264249,11680,448,51392.59,73362.81
CMP-2008, Telcel  ,Facebook Ads,conversión,18-24,23/04/25,121610,8572,678,60530.21,
CMP-4405,Aeroméxico,YouTube Ads,Alcance,25-34,12/09/25,274869,12424,642,21684.06,146574.45
CMP-10899,Banco Azteca,YouTube Ads,Alcance,55+,06/07/25,438991,12370,143,40276.89,177042.82
CMP-6823,Cerveza Modelo,Instagram Ads,Tráfico,18-24,14/01/25,295729,6340,13,64766.49,186659.39
CMP-4858,GM Financial,Instagram Ads,Conversión,25-34,08/08/25,142392,1205,70,2803.76,12379.56
CMP-9039,Telcel,YouTube Ads,Alcance,18-24,08/08/25,237663,6124,399,46427.02,28871.36
CMP-4407,Telcel,YouTube Ads,Leads,35-44,09/01/25,133324,2048,754,38201.62,90488.3
CMP-3724,Telcel,YouTube Ads,Conversión,45-54,16/09/25,139633,3738,402,66042.22,88349.28
CMP-9876,Telcel,TIKTOK ADS,Reconocimiento,35-44,17/06/25,292672,14241,50,1991.79,83454.87
CMP-1554, Bimbo  ,Instagram Ads,Alcance,45-54,27/05/25,58313,921,122,4329.37,41619.98
CMP-5299,Cerveza Modelo,Instagram Ads,leads,25-34,26/08/25,151152,10573,98,1061.49,119732.1
CMP-10246,Liverpool,LinkedIn Ads,tráfico,25-34,01/01/25,90038,3898,263,19229.58,22824.07
CMP-5476,Liverpool,YouTube Ads,Leads,25-34,07/10/25,344036,11453,684,40374.85,176759.54
CMP-7483,OnStar,Google Ads,Tráfico,25-34,06/05/25,372431,3438,146,553.21,27520.94
CMP-4851,Aeroméxico,TIKTOK ADS,Conversión,35-44,11/07/25,185313,4444,202,55427.64,112825.46
CMP-5747, Cerveza Modelo  ,TikTok Ads,Reconocimiento,25-34,30/05/25,118797,1532,625,57243.69,135886.3
CMP-7930,Aeroméxico,INSTAGRAM ADS,Conversión,35-44,03/08/25,263838,8180,165,49049.57,108164.75
CMP-3496,Bimbo,TikTok Ads,Conversión,55+,11/05/25,124734,7162,174,5207.96,159528.49
CMP-5026,Liverpool,Instagram Ads,alcance,18-24,19/10/25,60892,13192,649,13187.7,54128.54
CMP-5395,GM Financial,YOUTUBE ADS,Conversión,35-44,04/09/25,166301,10185,390,,212062.26
CMP-5799,GM Financial,Instagram Ads,Alcance,45-54,05/04/25,478153,5349,523,38334.59,108660.37
CMP-2274,Cerveza Modelo,YouTube Ads,Reconocimiento,18-24,06/08/25,107440,9531,272,62287.38,
CMP-5736, Cerveza Modelo  ,Google Ads,Leads,55+,15/01/25,458053,8132,461,33153.04,193453.2
CMP-8624,Aeroméxico,FACEBOOK ADS,Alcance,25-34,14/10/25,350412,10417,625,16070.57,113505.11
CMP-6088,Liverpool,YouTube Ads,Tráfico,55+,04/06/25,379915,12469,86,53354.31,120119.28
CMP-10013,Aeroméxico,LINKEDIN ADS,Reconocimiento,25-34,18/03/25,473957,6249,699,68267.38,47216.74
CMP-3477,Banco Azteca,YouTube Ads,Alcance,45-54,28/02/25,409104,3215,403,,125131.58
CMP-10185,Cerveza Modelo,LinkedIn Ads,Reconocimiento,55+,20/08/25,178975,6434,234,31068.04,72963.47
CMP-4844,Cerveza Modelo,Instagram Ads,Tráfico,18-24,17/02/25,407272,8178,793,68890.16,148779.98
CMP-4983,Bimbo,LINKEDIN ADS,Tráfico,18-24,19/06/25,317260,9165,35,56455.51,189630.83
CMP-10575,Aeroméxico,TikTok Ads,Leads,18-24,21/07/25,440570,10183,257,12842.78,199442.65
CMP-2397,Liverpool,Facebook Ads,Reconocimiento,18-24,08/09/25,312847,2714,790,39276.79,130088.67
CMP-3808,Liverpool,Google Ads,Leads,55+,18/03/25,289757,12917,762,68973.16,182814.4
CMP-3462,OnStar,LinkedIn Ads,Tráfico,25-34,02/10/25,436096,11363,498,25657.36,166789.68
CMP-10818,Telcel,FACEBOOK ADS,Conversión,45-54,14/05/25,462318,10732,220,62190.46,165953.73
CMP-10616,Aeroméxico,YouTube Ads,Reconocimiento,35-44,15/10/25,128705,7752,751,79820,211253.67
CMP-1649, OnStar  ,Google Ads,Conversión,18-24,16/03/25,45233,1614,20,29643.14,83653.71
CMP-9160,Bimbo,YouTube Ads,Leads,,10/01/25,26202,6546,734,58540.53,46319.2
CMP-4997,Liverpool,LinkedIn Ads,Tráfico,18-24,01/07/25,464175,5468,576,58483.33,109861.07
CMP-5928,Banco Azteca,GOOGLE ADS,Reconocimiento,35-44,01/01/25,361652,2385,94,75993.68,196730.79
CMP-5149,Telcel,YouTube Ads,Conversión,25-34,12/08/25,178403,9802,764,22439.42,147255.93
CMP-8495,Cerveza Modelo,YouTube Ads,Leads,18-24,03/10/25,443798,105,105,80906.16,86022.29
CMP-3622, Telcel  ,Instagram Ads,Tráfico,18-24,03/04/25,122214,2467,764,5532.7,203053.35
CMP-7059,Aeroméxico,LinkedIn Ads,Reconocimiento,55+,26/07/25,53835,6747,361,18269.14,186147.72
CMP-2086,Banco Azteca,YouTube Ads,Conversión,45-54,03/09/25,254544,2071,601,64726.32,106491.17
CMP-9888,Banco Azteca,TikTok Ads,Reconocimiento,35-44,07/02/25,189152,7549,375,40569.57,33973.46
CMP-8180,OnStar,Facebook Ads,leads,35-44,05/04/25,227285,12920,69,43207.06,
CMP-6011,Bimbo,YouTube Ads,Tráfico,25-34,05/07/25,182822,2872,571,65044.1,81048.28
CMP-3392,Banco Azteca,YouTube Ads,Tráfico,18-24,16/06/25,313044,4649,791,40779.08,
CMP-5716,GM Financial,Google Ads,Conversión,35-44,09/06/25,346047,886,674,42222.85,16981.31
CMP-8814,Liverpool,Instagram Ads,Conversión,25-34,14/05/25,57162,4718,348,62287.11,53745.58
CMP-1103, OnStar  ,GOOGLE ADS,Conversión,25-34,05/01/25,56052,2369,433,54645.27,62222.73
CMP-1161,Cerveza Modelo,FACEBOOK ADS,Reconocimiento,45-54,25/09/25,95913,12320,195,78580.15,13560.17
CMP-1897,OnStar,TIKTOK ADS,Tráfico,55+,27/03/25,241639,2969,306,33921.7,194304.67
CMP-8108, Bimbo  ,LinkedIn Ads,Leads,25-34,30/09/25,451180,3249,,7118.81,15958.43
CMP-6894,Telcel,TikTok Ads,Conversión,25-34,08/08/25,71149,7226,56,35345.16,112809.1
CMP-8360, OnStar  ,Instagram Ads,Alcance,18-24,10/01/25,403321,5981,196,,165522.84
CMP-5453,Liverpool,Google Ads,Leads,25-34,12/06/25,281227,14048,147,59935.33,40258.42
CMP-6775,Cerveza Modelo,YouTube Ads,Tráfico,55+,15/02/25,432918,3509,630,49258.6,81788.94
CMP-7508,Bimbo,Instagram Ads,Leads,35-44,24/05/25,236615,455,455,9641.98,47104.43
CMP-10980,Cerveza Modelo,YouTube Ads,Leads,45-54,29/03/25,300844,6067,425,16543.53,140899.49
CMP-9221,Telcel,YouTube Ads,Conversión,45-54,14/01/25,234208,9908,222,5682.13,
CMP-1135, Telcel  ,YouTube Ads,Leads,18-24,28/01/25,330366,3571,310,66145.23,110271.64
CMP-9274,OnStar,TikTok Ads,Reconocimiento,18-24,17/01/25,109609,6601,429,34025.45,45307.11
CMP-5989,Aeroméxico,INSTAGRAM ADS,Conversión,55+,02/02/25,108651,3918,174,69031.55,48875.65
CMP-1981,GM Financial,,Tráfico,35-44,30/05/25,289220,1075,502,80038.92,61118.97
CMP-8752,Bimbo,INSTAGRAM ADS,Conversión,,14/09/25,384619,2849,369,55676.61,193112.11
CMP-4968,Banco Azteca,,Tráfico,35-44,03/10/25,26311,4028,550,13113.3,153738.11
CMP-5375,Liverpool,YouTube Ads,Conversión,55+,25/02/25,355607,5937,13,42225.85,37839.9
CMP-7380,Telcel,TikTok Ads,Conversión,45-54,26/04/25,444396,5457,299,63643.67,177111.57
CMP-10694,OnStar,Google Ads,Conversión,35-44,24/10/25,258267,11841,333,65104.39,64662.83
CMP-6575,Cerveza Modelo,Instagram Ads,Leads,18-24,27/08/25,231998,14145,272,22129.99,160796.94
CMP-10296,Banco Azteca,TIKTOK ADS,Alcance,55+,09/08/25,42225,10404,478,70028.05,
CMP-1689, Banco Azteca  ,YOUTUBE ADS,Tráfico,35-44,03/04/25,15883,1913,344,81851.08,164715.14
CMP-10666,Bimbo,YouTube Ads,Reconocimiento,35-44,15/05/25,16515,1656,769,36886.51,213614.78
CMP-2466,Liverpool,Facebook Ads,Tráfico,55+,24/07/25,268887,9028,72,3861.77,205859.61
CMP-2316,Telcel,YouTube Ads,Alcance,45-54,08/09/25,21204,3107,779,52115.73,121612.09
CMP-6935,Liverpool,LinkedIn Ads,Tráfico,55+,10/06/25,131146,3795,432,48551.95,106072.47
CMP-6510,GM Financial,GOOGLE ADS,Alcance,25-34,28/06/25,424264,3374,345,61917.1,78169.69
CMP-7094,Cerveza Modelo,YouTube Ads,Conversión,25-34,04/07/25,335754,11989,607,,109313.45
CMP-7301,OnStar,TIKTOK ADS,Alcance,25-34,09/09/25,318216,8314,714,43372.8,44529.02
CMP-6625,Telcel,Facebook Ads,reconocimiento,25-34,12/03/25,186429,11588,462,59460,24520.17
CMP-7204,Banco Azteca,,Alcance,45-54,10/10/25,417950,5241,69,54294.93,
CMP-9508,Bimbo,YouTube Ads,Reconocimiento,35-44,06/03/25,410271,10823,81,9054.75,192587.11
CMP-1148, OnStar  ,Instagram Ads,Alcance,45-54,17/07/25,361798,4613,,72818.76,59438.49
CMP-5412,Cerveza Modelo,YouTube Ads,Conversión,25-34,09/07/25,158761,1901,,15512.23,141783.99
CMP-8746,GM Financial,TikTok Ads,Alcance,25-34,03/06/25,138173,2585,347,57387.33,178731.31
CMP-4211,Liverpool,LinkedIn Ads,Reconocimiento,25-34,02/05/25,462919,11256,364,10981.3,217359.56
CMP-10551,OnStar,Google Ads,Alcance,45-54,25/09/25,369961,14366,290,9560.9,134748.09
CMP-3269,Bimbo,TikTok Ads,Tráfico,25-34,02/07/25,66529,8060,776,70494.23,162996.34
CMP-9943,Bimbo,Google Ads,Leads,45-54,28/02/25,308570,2348,216,53546.07,57858.65
CMP-5034,Liverpool,Instagram Ads,Reconocimiento,18-24,23/10/25,300589,10697,130,22235.98,22504.18
CMP-3146,Aeroméxico,,Reconocimiento,18-24,10/08/25,272429,8087,525,5846.18,150305.29
CMP-3569, GM Financial  ,Google Ads,Leads,35-44,22/06/25,499224,9563,527,60830.74,28132.03
CMP-9176,Telcel,TIKTOK ADS,Leads,35-44,11/05/25,381192,447,302,69437.76,39959.44
CMP-4159,Liverpool,YouTube Ads,Leads,25-34,12/05/25,149863,11916,119,65979.39,120121.73
CMP-3310,Telcel,YouTube Ads,Conversión,18-24,19/08/25,232576,354,354,76499.78,
CMP-9859,OnStar,FACEBOOK ADS,alcance,18-24,30/09/25,314257,505,264,9356.13,
CMP-7664,Aeroméxico,Instagram Ads,Reconocimiento,55+,16/02/25,426137,7930,497,43342.24,8095.23
CMP-6434,Aeroméxico,Facebook Ads,Conversión,25-34,02/05/25,393250,3256,615,,217339.9
CMP-7590,GM Financial,Google Ads,Leads,18-24,08/09/25,194266,8821,713,53958.42,211400.34
CMP-4831, Liverpool  ,YouTube Ads,Leads,35-44,03/03/25,53617,3206,458,1996.61,146344.81
CMP-7753,Cerveza Modelo,LINKEDIN ADS,Leads,18-24,03/01/25,61537,416,296,66431.32,38899.58
CMP-8066, Liverpool  ,Google Ads,Leads,18-24,11/01/25,495786,7101,781,,1369.68
CMP-5725, GM Financial  ,LinkedIn Ads,Tráfico,25-34,03/10/25,13474,12824,680,38085.81,73149.99
CMP-6311,Telcel,TikTok Ads,Tráfico,55+,10/04/25,141883,373,213,32268.62,200515.1
CMP-4044,GM Financial,LinkedIn Ads,Alcance,45-54,23/01/25,127157,7198,186,80439.64,18303.98
CMP-1527,Liverpool,TikTok Ads,Leads,25-34,08/02/25,22812,14376,31,3911.5,199198.09
CMP-5824,Bimbo,Google Ads,Leads,45-54,10/06/25,153049,13465,368,28336.21,174308.93
CMP-1909,Cerveza Modelo,Google Ads,Reconocimiento,55+,16/05/25,139603,5129,525,56443.08,23770.45
CMP-6084,Liverpool,TikTok Ads,Reconocimiento,45-54,26/05/25,272774,8954,653,74919.51,194735.35
CMP-4024,Cerveza Modelo,Google Ads,Leads,25-34,19/05/25,389573,1790,768,34864.49,37297.7
CMP-3363,Bimbo,Instagram Ads,Tráfico,45-54,10/06/25,154112,2599,213,45422.16,107277.43
CMP-9066,GM Financial,LinkedIn Ads,Tráfico,45-54,24/07/25,350668,12078,15,36660.73,60600.99
CMP-3550,GM Financial,TIKTOK ADS,Tráfico,35-44,07/02/25,282579,3456,143,79993.1,66885.62
CMP-9045,Telcel,Instagram Ads,Tráfico,55+,22/05/25,94479,1486,435,44994.14,9382.54
CMP-7236,Bimbo,YouTube Ads,Leads,55+,09/05/25,191428,2567,700,2234.65,
CMP-1379, Aeroméxico  ,Google Ads,Reconocimiento,45-54,24/05/25,345477,8785,106,48303.27,63281.6
CMP-7886,Bimbo,Facebook Ads,Conversión,18-24,26/09/25,113417,6065,513,51774.86,40857
CMP-4212,Cerveza Modelo,YouTube Ads,Reconocimiento,45-54,04/10/25,109935,2929,195,33039.13,128551.1
CMP-4933,Liverpool,Facebook Ads,Conversión,18-24,27/01/25,22041,4408,394,29672.85,102155.41
CMP-5014,OnStar,Google Ads,Reconocimiento,25-34,28/04/25,117036,12316,275,84724.83,74037.16
CMP-4186,Bimbo,YouTube Ads,alcance,35-44,24/09/25,198232,1191,198,71158.41,166219.61
CMP-5258,OnStar,TikTok Ads,Leads,45-54,30/09/25,279131,11613,16,78198.41,22582.34
CMP-7102,Aeroméxico,YouTube Ads,Alcance,45-54,15/07/25,1709,1709,740,58987.02,154467.09
CMP-9455,OnStar,YouTube Ads,alcance,18-24,01/03/25,461816,4201,,78778.75,205641.43
CMP-8112,OnStar,LinkedIn Ads,tráfico,35-44,19/04/25,498331,1250,352,2727.93,156304.07
CMP-9811,Banco Azteca,TikTok Ads,Alcance,55+,02/10/25,17121,9943,72,,146203.86
CMP-1927,Banco Azteca,YouTube Ads,Alcance,55+,14/05/25,300383,2863,7,34017.68,186647.87
CMP-1493,Telcel,TikTok Ads,Leads,55+,03/08/25,328346,14563,379,43651.59,167820.58
CMP-6261,Bimbo,Facebook Ads,Tráfico,55+,27/04/25,272426,5507,489,35932.9,48988.73
CMP-10421,Liverpool,Facebook Ads,Alcance,35-44,20/09/25,235294,7890,200,60346.14,55572.52
CMP-1016,GM Financial,Instagram Ads,Leads,55+,11/07/25,98518,221,221,67862.85,213570.52
CMP-8416,OnStar,,conversión,55+,23/01/25,13301,571,571,,21254.38
CMP-2792,Banco Azteca,Instagram Ads,Tráfico,25-34,01/05/25,396734,5821,692,30696,
CMP-8580,OnStar,Instagram Ads,Reconocimiento,18-24,31/01/25,194416,3429,507,29696.5,181101.26
CMP-3567,Liverpool,TIKTOK ADS,Conversión,25-34,20/07/25,383296,1811,75,29696.71,21876.17
CMP-3173,GM Financial,Facebook Ads,Conversión,25-34,05/04/25,133662,1324,86,37970.98,95195.62
CMP-5365,Cerveza Modelo,Google Ads,Reconocimiento,35-44,18/05/25,76533,13616,35,65832.59,180535.64
CMP-5367,OnStar,TikTok Ads,Conversión,55+,19/07/25,392530,13729,164,29935.36,89151.08
CMP-2337,Cerveza Modelo,LinkedIn Ads,Leads,18-24,02/04/25,382782,14384,668,11175.24,182025.54
CMP-6024,Telcel,Google Ads,Reconocimiento,45-54,26/03/25,103308,11880,529,83404.24,132299.62
CMP-7414, Telcel  ,,Leads,18-24,15/06/25,166692,6092,418,37325.97,152768.06
CMP-3497,Bimbo,LinkedIn Ads,Alcance,35-44,17/03/25,377604,5879,712,21209.74,
CMP-7827,Bimbo,YouTube Ads,Conversión,25-34,06/10/25,151631,9931,704,4011.59,91552.89
CMP-1469,GM Financial,YouTube Ads,Alcance,25-34,21/08/25,416433,6905,589,,
CMP-2276, Banco Azteca  ,LinkedIn Ads,Reconocimiento,55+,16/09/25,20423,5831,655,821.66,54523.78
CMP-7848,Banco Azteca,Facebook Ads,Leads,18-24,09/10/25,380110,733,599,72311.32,180673.83
CMP-5785,Liverpool,Instagram Ads,reconocimiento,45-54,12/02/25,116941,10308,190,49549.16,205372.55
CMP-1290,OnStar,TikTok Ads,Leads,45-54,08/05/25,389702,6993,689,9440.54,19567.58
CMP-10873, Banco Azteca  ,Google Ads,Alcance,25-34,13/08/25,371733,4679,358,83489.74,192116.89
CMP-10720,GM Financial,YouTube Ads,Leads,35-44,07/10/25,191024,3544,516,83426.4,205873.24
CMP-2666,Aeroméxico,LinkedIn Ads,Tráfico,45-54,22/08/25,295261,9170,759,25700.8,87078.55
CMP-7582,Bimbo,Facebook Ads,Leads,25-34,23/07/25,10012,1710,367,71368.23,67493.31
CMP-7369,Liverpool,Instagram Ads,Alcance,18-24,26/02/25,6476,2041,52,59527.5,107704.96
CMP-5639,Cerveza Modelo,Google Ads,Tráfico,18-24,09/01/25,146623,11240,123,73529.2,67742.66
CMP-10484,OnStar,Instagram Ads,Conversión,25-34,08/10/25,325683,6471,673,33587.88,197591.27
CMP-9536,GM Financial,Instagram Ads,Tráfico,25-34,11/05/25,84420,741,107,55176.67,5109.54
CMP-1121,Liverpool,LinkedIn Ads,Tráfico,25-34,29/01/25,372592,10936,365,83760.09,147945.59
CMP-7739,Bimbo,Facebook Ads,Leads,45-54,22/08/25,178571,4909,703,4367.47,90583.67
CMP-2614,Cerveza Modelo,Google Ads,Alcance,35-44,23/09/25,144433,14429,300,8818.49,56446.94
CMP-5600, Bimbo  ,Facebook Ads,Conversión,45-54,24/06/25,315846,13345,420,70979.36,20797.66
CMP-5408,Telcel,LinkedIn Ads,Conversión,45-54,15/06/25,115933,11731,79,69112.39,37895.88
CMP-4713,Banco Azteca,TikTok Ads,Conversión,45-54,27/08/25,424586,2799,95,22296.81,83690.12
CMP-7955,Cerveza Modelo,TikTok Ads,Conversión,25-34,02/08/25,102784,9255,659,72976.26,15504.63
CMP-2417,Telcel,YouTube Ads,Conversión,18-24,24/06/25,458037,4059,470,67484.34,82028.81
CMP-10951,Aeroméxico,TikTok Ads,Leads,25-34,17/02/25,206860,10942,355,9182.85,162738.14
CMP-4380,Aeroméxico,Instagram Ads,Conversión,,03/01/25,70674,2805,771,14029.43,35634.92
CMP-6460, Bimbo  ,Google Ads,Leads,45-54,01/01/25,248467,2473,440,76854.43,141204.58
CMP-2475,Aeroméxico,YOUTUBE ADS,Conversión,45-54,05/08/25,414977,13370,194,44564.05,122739.4
CMP-8613,Banco Azteca,TikTok Ads,Alcance,25-34,07/05/25,307533,7598,50,64350.31,76508.09
CMP-5934,GM Financial,Google Ads,tráfico,55+,17/09/25,482116,2714,194,70363.01,36703.77
CMP-5689,Banco Azteca,Instagram Ads,Reconocimiento,35-44,14/07/25,461096,1882,539,5339.91,184122.59
CMP-2933,GM Financial,GOOGLE ADS,Leads,18-24,15/06/25,325207,11935,,75954.76,30152.98
CMP-4438,GM Financial,LinkedIn Ads,Leads,25-34,19/09/25,54153,11305,6,16231.17,30788.45
CMP-1022,OnStar,Instagram Ads,Alcance,25-34,18/02/25,88343,7199,781,37205.68,184090.54
CMP-6050,OnStar,Instagram Ads,Leads,35-44,27/05/25,430750,3930,513,73582.91,
CMP-2625,Bimbo,Facebook Ads,Reconocimiento,18-24,24/06/25,297319,11993,213,47438.8,122607.36
CMP-8351, OnStar  ,Facebook Ads,Leads,45-54,23/09/25,233321,4358,417,40867.31,19077.01
CMP-1589,OnStar,FACEBOOK ADS,Alcance,55+,13/09/25,123199,14961,636,38696.15,32887
CMP-4431,OnStar,Facebook Ads,Alcance,55+,06/05/25,295508,12799,304,45401.47,126774.79
CMP-4414,Cerveza Modelo,TikTok Ads,Tráfico,25-34,02/06/25,57234,11567,29,11108.84,2010.36
CMP-1807,Cerveza Modelo,TikTok Ads,Reconocimiento,55+,26/01/25,174409,14060,277,13882.68,61357.65
CMP-3367,Banco Azteca,FACEBOOK ADS,Leads,25-34,27/03/25,191272,8771,180,74306.77,94575.01
CMP-4804,Aeroméxico,GOOGLE ADS,Tráfico,45-54,26/05/25,416810,722,178,27292.85,80632.33
CMP-9450,Banco Azteca,INSTAGRAM ADS,Alcance,45-54,04/05/25,404230,8629,794,77987.58,67800.69
CMP-6405,Telcel,Instagram Ads,Reconocimiento,25-34,21/09/25,199683,11115,8,60854.48,
CMP-3272,Aeroméxico,YouTube Ads,Tráfico,45-54,23/04/25,88120,1583,551,19879.79,82483.7
CMP-7048,Bimbo,Google Ads,Tráfico,45-54,08/04/25,93267,13316,123,83191.02,150590.77
CMP-9610,Cerveza Modelo,TikTok Ads,Reconocimiento,45-54,26/03/25,66607,8986,532,73988.3,169922.45
CMP-6430,Telcel,LinkedIn Ads,Alcance,25-34,02/09/25,321533,1101,737,26335.23,196265.42
CMP-5482,OnStar,Facebook Ads,Reconocimiento,25-34,21/09/25,39662,7840,22,63675.46,65679.37
CMP-10419, GM Financial  ,Google Ads,Alcance,55+,15/04/25,63251,6002,554,19290.76,13521.49
CMP-4052,Liverpool,TikTok Ads,Alcance,45-54,08/10/25,265565,10173,,83465.42,108166.77
CMP-8333,OnStar,Facebook Ads,alcance,55+,18/02/25,431215,11088,638,37260.67,128284.36
CMP-10982,Cerveza Modelo,GOOGLE ADS,Reconocimiento,18-24,20/08/25,312553,862,754,58432.38,30114.64
CMP-5491, Bimbo  ,YouTube Ads,Alcance,35-44,01/03/25,425442,14799,,53887.67,183025.47
CMP-1525,Telcel,LinkedIn Ads,Leads,18-24,21/07/25,29886,5765,394,70911,92941.4
CMP-4617,Banco Azteca,Google Ads,Leads,18-24,10/06/25,447665,6963,371,7836.1,106458.6
CMP-1377,Banco Azteca,Facebook Ads,Conversión,45-54,17/03/25,33812,10216,467,68607,84876.59
CMP-8928,Cerveza Modelo,LinkedIn Ads,Alcance,25-34,10/01/25,416659,5160,783,23801.52,35496.1
CMP-9271,OnStar,TikTok Ads,Leads,45-54,08/05/25,47967,6504,124,60142.23,43831.49
CMP-3342,Banco Azteca,Instagram Ads,Conversión,,21/01/25,96702,9301,,23336.38,
CMP-8095,GM Financial,TIKTOK ADS,Alcance,55+,17/07/25,79614,12373,228,16413.47,46354.89
CMP-5078,Banco Azteca,Google Ads,tráfico,35-44,25/03/25,426553,8479,,82935.99,83420.82
CMP-6255,Cerveza Modelo,Instagram Ads,leads,25-34,15/04/25,198170,210,210,79075.04,145213.06
CMP-4133, Bimbo  ,YouTube Ads,Alcance,55+,24/06/25,292356,9067,32,27487.76,1424.8
CMP-8188,Bimbo,TikTok Ads,Conversión,45-54,25/08/25,149839,6183,141,18349.6,85735.55
CMP-7413,OnStar,LinkedIn Ads,Conversión,25-34,01/10/25,170747,4713,207,11029.08,
CMP-5758,Banco Azteca,INSTAGRAM ADS,Leads,55+,21/10/25,436372,2958,353,41006.33,69570.04
CMP-10995,Aeroméxico,YouTube Ads,Tráfico,35-44,25/10/25,347807,7335,712,72214.01,58614.56
CMP-8458,OnStar,LinkedIn Ads,Leads,25-34,15/04/25,323082,4396,102,37947.07,69794.37
CMP-7330,GM Financial,YouTube Ads,Alcance,35-44,24/07/25,77094,13226,771,18199.3,57891.14
CMP-10452,Liverpool,Instagram Ads,Conversión,18-24,27/07/25,404607,11045,413,51369.37,208682.63
CMP-10265,Cerveza Modelo,Facebook Ads,tráfico,,20/03/25,461071,5858,239,37813.64,88592.37
CMP-3961,Aeroméxico,Google Ads,Tráfico,25-34,07/07/25,299512,6813,79,44768.79,25187.14
CMP-6019,Bimbo,TikTok Ads,Reconocimiento,18-24,22/01/25,26285,1759,781,32036.82,180757.57
CMP-8561,Cerveza Modelo,TIKTOK ADS,Tráfico,25-34,28/07/25,32938,2924,586,4262.89,101616.49
CMP-4641,Cerveza Modelo,LinkedIn Ads,tráfico,25-34,15/09/25,325283,5734,572,,158965.01
CMP-7607,GM Financial,Instagram Ads,Reconocimiento,25-34,06/09/25,145921,8492,723,,172097.67
CMP-2626,Telcel,TikTok Ads,Reconocimiento,18-24,23/07/25,10399,8581,547,22005.85,95110.48
CMP-4121,Aeroméxico,FACEBOOK ADS,Alcance,25-34,18/08/25,381342,2382,508,6586.53,40636.02
CMP-7736,OnStar,Google Ads,conversión,25-34,10/03/25,488792,1254,287,81800.01,211636.92
CMP-4729, GM Financial  ,LINKEDIN ADS,Tráfico,25-34,03/09/25,412577,5579,76,51058.57,186274.92
CMP-2809,Banco Azteca,Instagram Ads,Alcance,55+,26/05/25,128456,10749,4,53547.73,68204.3
CMP-10204,Telcel,YouTube Ads,Tráfico,55+,23/10/25,106374,6630,123,71590.21,121541.42
CMP-6204,Telcel,Facebook Ads,Leads,25-34,06/05/25,206456,14576,462,32889.16,68421.21
CMP-1902,Bimbo,Google Ads,Alcance,25-34,21/10/25,20857,8073,301,26111.13,44355.55
CMP-5252,OnStar,YouTube Ads,conversión,35-44,20/08/25,172671,42,42,27070.18,138768.98
CMP-4243,GM Financial,Facebook Ads,Leads,45-54,19/05/25,491809,13080,654,66933.98,169774.82
CMP-8977,Aeroméxico,YouTube Ads,Tráfico,25-34,31/03/25,74275,14737,208,25117.2,15602.12
CMP-2873, Liverpool  ,YOUTUBE ADS,Tráfico,,21/06/25,210056,10258,344,58325.58,73231.36
CMP-10490, Aeroméxico  ,YouTube Ads,conversión,25-34,15/09/25,112831,14680,314,64516.8,185818.46
CMP-6069,Liverpool,Instagram Ads,Reconocimiento,,27/07/25,426072,14194,415,60320.62,199457.24
CMP-6519,Bimbo,Instagram Ads,Reconocimiento,45-54,04/07/25,29728,11871,619,3298.98,4598.18
CMP-3927,Bimbo,Facebook Ads,Reconocimiento,25-34,06/02/25,190168,10900,518,67924.43,214721.02
CMP-9207,Bimbo,YouTube Ads,Reconocimiento,55+,09/07/25,477811,2313,771,57539.25,89304.37
CMP-8766, GM Financial  ,TikTok Ads,Reconocimiento,55+,24/01/25,153778,9722,636,46356.05,180184.16
CMP-4328,Telcel,Google Ads,Alcance,45-54,16/07/25,84998,3007,540,33048.24,15814.8
CMP-4237,Bimbo,TikTok Ads,Alcance,25-34,09/03/25,409555,923,92,25082.65,108399.85
CMP-8690,GM Financial,LinkedIn Ads,Leads,45-54,14/05/25,203697,7460,528,77256.94,46363.42
CMP-3220,Banco Azteca,Facebook Ads,Reconocimiento,25-34,30/07/25,181167,13739,178,42814.92,40073.64
CMP-8767,Banco Azteca,TikTok Ads,Alcance,25-34,27/07/25,424166,13565,,34001.44,156819.84
CMP-1063,Cerveza Modelo,Google Ads,Leads,35-44,01/08/25,17260,9712,524,44760.56,130219.71
CMP-2057,Liverpool,Instagram Ads,Leads,25-34,11/01/25,203683,12847,310,17007.03,210229.73
CMP-5738,GM Financial,INSTAGRAM ADS,Leads,18-24,11/04/25,81494,6482,115,3916.82,201796.82
CMP-1596,Bimbo,TikTok Ads,Alcance,25-34,29/04/25,157091,2174,144,1542.98,98335.25
CMP-2162,GM Financial,TikTok Ads,reconocimiento,45-54,08/02/25,400461,4083,,61670.98,134234.23
CMP-10770,Liverpool,YouTube Ads,Leads,35-44,02/08/25,469000,1456,795,10949.71,89978.33
CMP-9658,Bimbo,YouTube Ads,leads,25-34,02/07/25,493224,13911,443,10580.91,195494.08
CMP-1483,Aeroméxico,Google Ads,Leads,55+,26/02/25,382926,13444,406,19323.95,54176.62
CMP-1558,Aeroméxico,Google Ads,Leads,25-34,14/01/25,148711,6195,509,41173.27,66912.39
CMP-6112,OnStar,FACEBOOK ADS,Reconocimiento,25-34,04/02/25,86841,14163,68,2974.29,211572.08
CMP-3845,Telcel,LinkedIn Ads,Conversión,45-54,13/06/25,444399,13360,267,4266.15,43742.35
CMP-1304,GM Financial,YouTube Ads,Leads,,14/04/25,121711,4729,663,47593.56,33087.63
CMP-8000,GM Financial,Instagram Ads,Leads,25-34,24/06/25,450315,2007,791,45713.26,216423.7
CMP-6965,OnStar,,Alcance,18-24,23/03/25,321154,333,333,36947.2,147549.2
CMP-2004,Bimbo,YouTube Ads,Tráfico,55+,14/09/25,138030,1424,204,47801.08,98520.24
CMP-2617,GM Financial,Instagram Ads,Leads,25-34,03/10/25,128949,11953,622,10827.74,38076.08
CMP-8256,Aeroméxico,YouTube Ads,leads,45-54,29/07/25,91368,1035,99,25593.03,107147.13
CMP-10564,Cerveza Modelo,Instagram Ads,Tráfico,25-34,19/07/25,344637,4826,743,72202.31,212201.17
CMP-2885,Cerveza Modelo,,Alcance,,27/07/25,156466,11122,424,54350.1,204859.67
CMP-6566,Telcel,TikTok Ads,Tráfico,18-24,27/05/25,346237,1754,101,26587.63,
CMP-10465,Cerveza Modelo,Instagram Ads,tráfico,18-24,05/06/25,487533,6663,47,47474.19,46265.02
CMP-10121,Bimbo,YouTube Ads,Tráfico,35-44,24/01/25,49630,5895,325,44687.25,5125.29
CMP-1166,Aeroméxico,Facebook Ads,Conversión,25-34,22/03/25,36674,10739,40,45330.09,142736.68
CMP-9135, Bimbo  ,INSTAGRAM ADS,Leads,25-34,29/03/25,232265,11038,315,66157.39,214990.94
CMP-8697,GM Financial,Google Ads,Reconocimiento,55+,04/08/25,254630,6453,271,7108.9,126005.36
CMP-1324,OnStar,GOOGLE ADS,Tráfico,45-54,05/07/25,421307,9631,329,76242.33,57903.9
CMP-1712, Telcel  ,GOOGLE ADS,Reconocimiento,18-24,02/08/25,343892,466,466,52681.99,148340.66
CMP-10847,Cerveza Modelo,Instagram Ads,Leads,45-54,05/01/25,481325,10495,288,57400.03,68058.41
CMP-3180,Bimbo,Google Ads,Tráfico,25-34,03/01/25,171299,2630,430,34797.52,52027.93
CMP-9868,Liverpool,Google Ads,Alcance,45-54,24/10/25,345913,2160,71,83061.26,
CMP-9323,Banco Azteca,Google Ads,Leads,45-54,30/01/25,274335,14942,108,74593.48,43426.78
CMP-4313,Liverpool,Google Ads,Leads,35-44,23/03/25,120971,1313,754,24901.51,11813.24
CMP-8212,Aeroméxico,Instagram Ads,Leads,55+,12/06/25,132386,1096,206,,97690.12
CMP-7564,Telcel,TikTok Ads,Conversión,35-44,13/06/25,110758,819,,60557.12,83277.86
CMP-8835,OnStar,TikTok Ads,Reconocimiento,25-34,23/03/25,32209,14240,788,61713.42,107984.42
CMP-5638,Banco Azteca,Google Ads,Reconocimiento,25-34,28/05/25,13208,12506,76,84913.47,65315.09
CMP-4712,Telcel,YouTube Ads,alcance,45-54,12/10/25,359373,14466,42,14984.03,
CMP-1186,Cerveza Modelo,Instagram Ads,Tráfico,,12/09/25,54226,3132,233,62562.71,38547.58
CMP-10238,Cerveza Modelo,Instagram Ads,Leads,18-24,23/08/25,330807,10183,655,28868.45,
CMP-5642,Banco Azteca,TIKTOK ADS,tráfico,55+,05/01/25,249385,11245,481,84248.73,29556.86
CMP-8526,Bimbo,INSTAGRAM ADS,Conversión,25-34,10/07/25,296984,323,323,611.85,87580.85
CMP-10527,Cerveza Modelo,Instagram Ads,Alcance,25-34,24/10/25,338030,6980,79,38218.5,179832.56
CMP-2313,Cerveza Modelo,Facebook Ads,Alcance,55+,14/08/25,225790,2095,95,74285.59,9370.23
CMP-7318,GM Financial,Google Ads,Leads,25-34,25/05/25,95789,10905,348,19025.31,128320.67
CMP-5577,Bimbo,TikTok Ads,Tráfico,45-54,07/07/25,132490,14692,245,51253.79,86758.42
CMP-9520,OnStar,YouTube Ads,Reconocimiento,25-34,25/09/25,124072,8384,191,78520.54,205607.88
CMP-4594,Cerveza Modelo,LinkedIn Ads,Leads,55+,12/05/25,285546,11778,725,82290.78,193195.55
CMP-2381,Liverpool,LinkedIn Ads,Tráfico,25-34,15/07/25,391585,9415,230,18912.98,
CMP-7722,GM Financial,FACEBOOK ADS,leads,45-54,12/04/25,385269,14207,277,60429.23,135218.37
CMP-3333, Aeroméxico  ,GOOGLE ADS,Reconocimiento,45-54,05/08/25,32654,11565,267,52499.98,77775.4
CMP-8547,Bimbo,Instagram Ads,Leads,35-44,22/10/25,127711,12549,776,50091.86,6590.8
CMP-9579,Bimbo,Facebook Ads,Alcance,25-34,21/03/25,499746,8378,58,,65944.94
CMP-7793,Cerveza Modelo,Instagram Ads,Conversión,45-54,26/03/25,457001,14696,578,15633.08,212459.48
CMP-1212,Telcel,TikTok Ads,Conversión,45-54,24/05/25,71867,9930,29,70444.77,168910.71
CMP-9385,OnStar,Facebook Ads,Alcance,25-34,03/05/25,267803,1792,29,64094.54,47606.02
CMP-8545,OnStar,TikTok Ads,Alcance,,29/06/25,305768,286,89,20609.93,125356.05
CMP-4910,OnStar,Facebook Ads,Conversión,25-34,22/01/25,256776,1242,604,75367.89,74008.21
CMP-4801,Aeroméxico,FACEBOOK ADS,Leads,18-24,30/01/25,21385,5304,279,56643.9,62985.55
CMP-3446,Banco Azteca,LinkedIn Ads,Conversión,,11/02/25,376747,13337,701,71809.75,88933.6
CMP-4468,Aeroméxico,Google Ads,Tráfico,25-34,21/03/25,39989,4431,521,3595.64,219404.33
CMP-4856,GM Financial,Instagram Ads,alcance,18-24,02/04/25,431410,11523,109,40897.75,37205.89
CMP-4513, Telcel  ,Facebook Ads,Leads,18-24,29/01/25,16602,14822,719,52703.53,59694.83
CMP-9804, Telcel  ,GOOGLE ADS,Alcance,45-54,26/03/25,395930,3996,498,5003.3,
CMP-7855,Bimbo,YOUTUBE ADS,Reconocimiento,25-34,14/05/25,353415,11088,288,28580.03,70848.33
CMP-4113,GM Financial,Instagram Ads,Leads,18-24,17/01/25,343738,10731,146,49748.11,6845.89
CMP-7100,Cerveza Modelo,YouTube Ads,Reconocimiento,25-34,04/05/25,471462,5847,548,35762.64,27780.3
CMP-6567,Banco Azteca,TikTok Ads,Reconocimiento,18-24,02/01/25,162908,3171,382,21065.72,202189.36
CMP-10364,OnStar,Instagram Ads,Alcance,55+,19/07/25,9235,9235,268,637.05,125660.34
CMP-6220,Telcel,FACEBOOK ADS,Leads,25-34,17/02/25,441120,2337,637,59702.02,60206.35
CMP-10801,OnStar,YouTube Ads,Reconocimiento,45-54,15/05/25,272010,8655,583,4533.87,53212.32
CMP-3643,Liverpool,TikTok Ads,Conversión,45-54,02/03/25,437973,10160,428,71974.22,4231.77
CMP-10071,Cerveza Modelo,Google Ads,Leads,55+,15/01/25,251691,14948,119,6406.15,105094.87
CMP-1835,Banco Azteca,LinkedIn Ads,Tráfico,45-54,25/03/25,446425,14361,62,22702.58,178108.09
CMP-1156,Cerveza Modelo,Google Ads,Leads,18-24,06/04/25,20033,6060,795,,58600.51
CMP-4218,OnStar,LinkedIn Ads,Reconocimiento,45-54,19/03/25,249177,13792,593,69719.52,75495.78
CMP-2661,GM Financial,YouTube Ads,Leads,45-54,03/07/25,30176,5786,170,7880.54,57654.06
CMP-4936,Cerveza Modelo,TikTok Ads,Tráfico,18-24,26/10/25,282067,6572,209,64810.92,131911.47
CMP-8682,GM Financial,TIKTOK ADS,Alcance,25-34,04/08/25,180360,13459,51,7545.22,25582.6
CMP-7267, Aeroméxico  ,YOUTUBE ADS,Leads,45-54,28/06/25,162661,10617,508,6667.12,34975.07
CMP-9728,Liverpool,Instagram Ads,Reconocimiento,45-54,24/02/25,426614,13122,455,26222.27,94417.73
CMP-10220,Banco Azteca,GOOGLE ADS,alcance,25-34,26/05/25,481306,9675,558,72433.49,182854.96
CMP-2252,GM Financial,Facebook Ads,Leads,45-54,12/07/25,369652,12157,297,17267.38,63002.95
CMP-3325,Aeroméxico,Facebook Ads,reconocimiento,18-24,16/04/25,305091,13306,422,45174.94,156291.52
CMP-10137,Bimbo,YouTube Ads,Reconocimiento,18-24,10/07/25,372666,1433,95,77139.84,20369.14
CMP-1697,Aeroméxico,LinkedIn Ads,Tráfico,35-44,19/06/25,131271,14097,379,56597.95,138179.22
CMP-3479,Aeroméxico,LinkedIn Ads,Leads,25-34,08/05/25,277139,1669,682,3757.26,86417.7
CMP-3109,Bimbo,TikTok Ads,alcance,35-44,13/09/25,71888,2705,329,52163.71,1365.75
CMP-7960,Telcel,LinkedIn Ads,Leads,25-34,24/09/25,45278,6555,665,45519.95,194174.15
CMP-2786,Telcel,Facebook Ads,Conversión,,02/08/25,45594,4106,75,83421.35,205053.15
CMP-5986,Aeroméxico,TikTok Ads,tráfico,55+,11/09/25,479441,10246,135,80325.02,198104.68
CMP-8202,GM Financial,YouTube Ads,Leads,35-44,22/07/25,404980,10079,219,74275.61,80012.74
CMP-6276,Banco Azteca,TikTok Ads,Leads,55+,13/04/25,493673,4100,282,45630.39,50254.26
CMP-6823,Cerveza Modelo,Instagram Ads,Tráfico,18-24,14/01/25,295729,6340,13,64766.49,186659.39
CMP-3640,OnStar,YOUTUBE ADS,Tráfico,45-54,02/08/25,208665,10175,207,40291.17,94409.88
CMP-3506,Liverpool,TikTok Ads,Alcance,55+,03/02/25,286163,8145,742,7934.98,5829.5
CMP-2735,Banco Azteca,LINKEDIN ADS,reconocimiento,55+,13/05/25,278092,5234,648,84173.86,107956.53
CMP-3349,Telcel,LinkedIn Ads,Conversión,18-24,05/09/25,337944,2673,520,77986.42,159754.44
CMP-3695,Cerveza Modelo,Google Ads,Conversión,55+,02/06/25,355373,858,322,37131.22,88965.29
CMP-3025,OnStar,TikTok Ads,Leads,25-34,18/08/25,338295,742,381,67393.86,18263.51
CMP-3793,Telcel,TIKTOK ADS,Tráfico,45-54,05/05/25,277640,4392,61,,143090.55
CMP-5311,OnStar,TIKTOK ADS,Alcance,35-44,25/08/25,203445,5930,441,61366.61,190275.36
CMP-3120,OnStar,Instagram Ads,Tráfico,55+,29/05/25,171566,551,,13258.08,
CMP-1892,GM Financial,Instagram Ads,Alcance,45-54,07/02/25,373182,9075,204,54551.07,121248.77
CMP-10585,GM Financial,YOUTUBE ADS,Alcance,55+,14/06/25,245146,8005,482,44209.3,4806
CMP-6569,Telcel,LinkedIn Ads,Tráfico,35-44,05/05/25,110964,3551,764,68869.76,64533.25
CMP-5909,OnStar,Facebook Ads,Reconocimiento,25-34,22/06/25,27358,800,659,44408.03,66398.93
CMP-7087,OnStar,TikTok Ads,reconocimiento,55+,17/02/25,422608,10296,179,3545.91,28024.87
CMP-1082,Cerveza Modelo,INSTAGRAM ADS,Tráfico,18-24,16/10/25,431220,5777,552,73503.71,53310.96
CMP-2560, GM Financial  ,LinkedIn Ads,Alcance,45-54,08/08/25,105642,11582,206,21909.32,24846.97
CMP-6139,Banco Azteca,Facebook Ads,Tráfico,45-54,21/10/25,65150,2607,164,40883.1,184733.44
CMP-4035, Bimbo  ,TikTok Ads,Conversión,35-44,17/07/25,343205,2577,726,81339.77,177542.33
CMP-9753,Banco Azteca,LinkedIn Ads,Conversión,18-24,10/07/25,235684,13544,41,27548.08,202584.34
CMP-4710,Banco Azteca,Instagram Ads,Reconocimiento,45-54,17/03/25,268801,2161,545,1465.22,170181.38
CMP-9130, Cerveza Modelo  ,Google Ads,Alcance,45-54,16/03/25,484596,10397,375,70847.09,105731.76
CMP-9529,Liverpool,YouTube Ads,Alcance,45-54,18/02/25,289140,383,275,53950.17,63319.23
CMP-6803,OnStar,Facebook Ads,Leads,,15/05/25,16851,4803,276,41450.87,9697.67
CMP-4123,Banco Azteca,INSTAGRAM ADS,Leads,45-54,05/06/25,392141,10658,554,42171.72,3309.29
CMP-6901,Cerveza Modelo,Instagram Ads,Tráfico,55+,01/02/25,198256,9521,565,42140.53,187791.66
CMP-4476,Banco Azteca,TIKTOK ADS,leads,18-24,07/01/25,276650,9245,466,1848.77,206604.31
CMP-2778, GM Financial  ,Google Ads,Reconocimiento,45-54,25/03/25,159885,8905,282,31856.51,211140.61
CMP-1011,Banco Azteca,Instagram Ads,Tráfico,35-44,01/06/25,279417,8284,757,51850.25,168367.66
CMP-3211,Telcel,LinkedIn Ads,Reconocimiento,35-44,12/01/25,276052,7929,72,61420.63,78852.04
CMP-5696,Banco Azteca,Google Ads,Conversión,18-24,30/01/25,271050,2919,552,40018.16,102350.28
CMP-5606,OnStar,,Tráfico,35-44,29/06/25,448287,4065,673,41597.79,96009.16
CMP-6913,Liverpool,TikTok Ads,Reconocimiento,25-34,16/10/25,194098,10285,308,34282.8,173003.77
CMP-5086, GM Financial  ,YouTube Ads,alcance,25-34,20/04/25,246361,11050,691,54225.61,110553.53
CMP-8781, Telcel  ,INSTAGRAM ADS,Reconocimiento,55+,22/10/25,353683,8065,429,84617.55,119817.23
CMP-9853,Bimbo,LinkedIn Ads,Leads,45-54,02/10/25,493417,7819,163,13371.56,104927.81
CMP-8062, Liverpool  ,LinkedIn Ads,Tráfico,55+,03/02/25,324367,13491,342,56434.1,74273.54
CMP-1573,Banco Azteca,TikTok Ads,Conversión,45-54,05/07/25,319358,4672,454,28626.99,37826.89
CMP-7768,OnStar,LinkedIn Ads,Leads,25-34,10/05/25,68041,7612,608,51183.19,41580.81
CMP-2685, Cerveza Modelo  ,FACEBOOK ADS,Leads,35-44,01/01/25,149017,2277,252,84728.81,
CMP-3038,OnStar,TikTok Ads,Conversión,35-44,07/07/25,166424,453,453,12438.11,
CMP-6713,Aeroméxico,YouTube Ads,Alcance,55+,02/10/25,191178,2473,332,29138.66,71719.06
CMP-3649, Liverpool  ,FACEBOOK ADS,Alcance,45-54,03/04/25,36450,11456,161,52675.09,120710.13
CMP-5440,Aeroméxico,Google Ads,Tráfico,18-24,17/07/25,182890,12015,93,19675.25,204565.45
CMP-10431,Bimbo,Instagram Ads,Conversión,35-44,28/03/25,376849,7015,726,44509.52,44406.31
CMP-10819,Banco Azteca,Instagram Ads,Tráfico,25-34,06/02/25,274546,4914,617,13437.61,213145.58
CMP-8555,OnStar,LinkedIn Ads,Alcance,25-34,20/10/25,430529,5621,510,13090.18,121357.22
CMP-4177,GM Financial,LinkedIn Ads,Conversión,45-54,28/01/25,365210,13105,565,5420.91,50848.3
CMP-2217,Cerveza Modelo,LINKEDIN ADS,Alcance,55+,02/07/25,105510,12972,314,15750.17,212980.82
CMP-9368, Aeroméxico  ,LinkedIn Ads,Alcance,35-44,17/03/25,21081,2409,211,5109.46,74145.5
CMP-3459,Telcel,YOUTUBE ADS,reconocimiento,25-34,11/04/25,402968,8418,323,34245.11,162820.04
CMP-10771,Liverpool,YouTube Ads,Reconocimiento,55+,06/03/25,40411,7433,757,47642.47,214276.29
CMP-2686,Cerveza Modelo,Instagram Ads,Conversión,25-34,27/05/25,367658,12906,,30868.74,31838.16
CMP-1604,Bimbo,LinkedIn Ads,Leads,45-54,09/10/25,240756,3965,680,,146209.1
CMP-2106,Aeroméxico,Instagram Ads,Alcance,35-44,28/03/25,247540,7358,116,46280.32,188228.57
CMP-2917,Aeroméxico,GOOGLE ADS,Tráfico,18-24,25/08/25,261695,527,527,59794.21,117066.01
CMP-4279, Cerveza Modelo  ,Instagram Ads,Leads,55+,19/06/25,378071,10442,232,57048.85,150932.5
CMP-6944,Banco Azteca,Google Ads,Tráfico,25-34,08/09/25,248081,12018,320,58827.75,169566.93
CMP-7203,Banco Azteca,LINKEDIN ADS,Reconocimiento,35-44,17/01/25,64814,8701,222,26645.69,145805.39
CMP-10554,GM Financial,TikTok Ads,Alcance,18-24,17/01/25,247424,9704,686,6834.27,
CMP-5735,GM Financial,Google Ads,Reconocimiento,45-54,12/10/25,158263,2953,541,61576.92,138251.23
CMP-8538,Telcel,YouTube Ads,Reconocimiento,55+,23/03/25,92715,10762,68,27848.06,62377.64
CMP-9676,GM Financial,INSTAGRAM ADS,Alcance,45-54,26/04/25,376738,8589,404,64709.47,177962.24
CMP-1279,Telcel,Google Ads,Conversión,35-44,06/02/25,486508,14876,659,37391.52,123332.35
CMP-10479, Telcel  ,,Tráfico,18-24,01/10/25,310592,437,437,53742.9,28928.97
CMP-9035,Cerveza Modelo,Google Ads,Reconocimiento,35-44,08/10/25,51578,14219,157,4038.43,79294.45
CMP-6633,Banco Azteca,Facebook Ads,Tráfico,25-34,15/03/25,416316,9086,236,,153891.86
CMP-8930,Aeroméxico,LINKEDIN ADS,Alcance,18-24,24/07/25,83792,6022,563,18536.04,
CMP-9596,Bimbo,Instagram Ads,Tráfico,25-34,04/02/25,1045,1045,96,80241.79,146744.68
CMP-10443,Liverpool,LinkedIn Ads,Leads,35-44,19/10/25,270768,3668,569,34017.33,174402.73
CMP-7634, Banco Azteca  ,,Reconocimiento,25-34,28/01/25,294627,2677,314,66342.54,50833.47
CMP-7477,Cerveza Modelo,,Tráfico,18-24,08/10/25,115415,10004,628,65227.1,176928.16
CMP-8425,GM Financial,TikTok Ads,Alcance,45-54,21/05/25,322110,14976,292,55050.61,43845.9
CMP-9083,OnStar,YouTube Ads,Conversión,18-24,23/09/25,261355,6993,218,52341.24,166015
CMP-4551,Cerveza Modelo,Facebook Ads,Alcance,35-44,14/05/25,38417,4226,602,80221.65,120770.86
CMP-4884,OnStar,Google Ads,Alcance,35-44,27/06/25,388370,3783,52,8955.62,2314.56
CMP-6165, Liverpool  ,YouTube Ads,Alcance,25-34,15/05/25,78041,433,433,51413.21,12655.15
CMP-9600,Cerveza Modelo,LinkedIn Ads,Conversión,55+,02/05/25,61986,4862,,75778.62,80667.05
CMP-3583, Banco Azteca  ,Instagram Ads,Conversión,35-44,22/05/25,387364,802,588,84738.47,94595.65
CMP-4854,Cerveza Modelo,GOOGLE ADS,Leads,55+,28/02/25,101482,3995,237,56375.33,95498.58
CMP-10617,Telcel,Instagram Ads,Conversión,25-34,28/02/25,44873,12845,690,77161.98,56333.55
CMP-1370,GM Financial,YouTube Ads,Leads,35-44,25/08/25,476019,11869,,23480.09,80102.94
CMP-4284,Cerveza Modelo,Google Ads,Leads,35-44,11/04/25,251299,11398,,58308.29,21659.55
CMP-2806, Aeroméxico  ,INSTAGRAM ADS,Reconocimiento,18-24,01/03/25,111958,4542,102,55438.51,113711.55
CMP-7061,Cerveza Modelo,YouTube Ads,alcance,25-34,19/06/25,480576,13778,795,63092.27,97045.63
CMP-6937,Cerveza Modelo,YOUTUBE ADS,Conversión,45-54,23/10/25,276342,4103,653,28397.47,114719.85
CMP-3218,Cerveza Modelo,Facebook Ads,Alcance,25-34,11/08/25,267770,12692,147,64341.95,42373.4
CMP-5283,Banco Azteca,LinkedIn Ads,Tráfico,18-24,02/08/25,247186,3108,759,11687.81,144982.56
CMP-10316,Banco Azteca,LinkedIn Ads,Tráfico,45-54,20/09/25,453319,9476,39,51011.92,115211.86
CMP-1706,Telcel,Facebook Ads,Reconocimiento,55+,06/08/25,175972,1028,687,77529.44,57744.5
CMP-3985,Aeroméxico,FACEBOOK ADS,Conversión,45-54,02/07/25,474441,4014,512,14202.96,74532.91
CMP-3932,GM Financial,INSTAGRAM ADS,Alcance,45-54,08/05/25,134240,5500,336,63747.49,79947.1
CMP-1557,Aeroméxico,Facebook Ads,Alcance,25-34,21/08/25,467222,4902,469,45984.53,178155.82
CMP-7804,Cerveza Modelo,Google Ads,Conversión,45-54,21/09/25,4371,3242,367,72784.79,182939.29
CMP-4054,Liverpool,Facebook Ads,Tráfico,18-24,20/07/25,94880,13407,306,66419.38,64361.67
CMP-10962,GM Financial,LinkedIn Ads,Leads,18-24,08/01/25,62488,14471,98,66502.32,1839.05
CMP-5521,Telcel,LINKEDIN ADS,Tráfico,45-54,04/09/25,74809,3393,36,51007.22,190727.2
CMP-10312,Liverpool,TikTok Ads,Leads,55+,16/09/25,473679,12921,315,57400.32,124139.93
CMP-9537,Liverpool,FACEBOOK ADS,Conversión,18-24,12/02/25,392071,3352,62,13442.22,42537.5
CMP-5213,Cerveza Modelo,Facebook Ads,Leads,55+,02/01/25,284177,6799,272,11155.72,
CMP-7448,Banco Azteca,Google Ads,Leads,45-54,17/02/25,367226,4837,619,15229.47,163747.47
CMP-6236,Bimbo,YouTube Ads,Conversión,55+,03/06/25,340938,9250,591,17456.45,73979.19
CMP-6234,Banco Azteca,TikTok Ads,Leads,45-54,19/04/25,117617,4007,154,58981.95,119897.95
CMP-4285,Cerveza Modelo,Instagram Ads,Conversión,18-24,04/06/25,491345,8931,602,1629.32,112595.79
CMP-4736,Banco Azteca,YouTube Ads,Tráfico,,25/04/25,1100,1100,3,45210.6,149947.44
CMP-4636,Liverpool,Facebook Ads,leads,18-24,01/07/25,341364,12359,7,23616.62,98103.27
CMP-5650,Telcel,Instagram Ads,Leads,35-44,25/10/25,172716,14998,67,27716.26,98475.5
CMP-6133,Cerveza Modelo,TikTok Ads,Conversión,,06/02/25,281667,9414,749,69885.99,112196.52
CMP-9028,Telcel,GOOGLE ADS,Conversión,55+,27/09/25,174072,12388,5,74009.57,37244.12
CMP-5286,GM Financial,Google Ads,Alcance,55+,26/10/25,125105,12461,352,1513.11,124141.88
CMP-8640,OnStar,YouTube Ads,Alcance,25-34,27/09/25,119863,5506,57,59251.13,22203.88
CMP-2565,Telcel,LinkedIn Ads,Alcance,18-24,06/04/25,419866,3939,,71229.41,43134.22
CMP-2649,Bimbo,Facebook Ads,Leads,45-54,03/10/25,260069,9350,204,60011.37,129760.84
CMP-7430,Telcel,Google Ads,Tráfico,55+,02/01/25,18322,14533,486,3824.58,134946.08
CMP-1218,Bimbo,YOUTUBE ADS,Reconocimiento,35-44,06/02/25,486530,4622,26,53225.97,27766.5
CMP-1606,GM Financial,Google Ads,Leads,35-44,05/08/25,291671,3546,347,56940.19,211668.81
CMP-9095,Cerveza Modelo,YouTube Ads,Reconocimiento,35-44,08/09/25,283885,7889,302,12467.78,150813.22
CMP-4709, OnStar  ,GOOGLE ADS,tráfico,25-34,28/03/25,226360,13486,260,12291.28,42133.11
CMP-6503,Bimbo,GOOGLE ADS,Tráfico,55+,09/03/25,419281,661,299,45200.61,47205.28
CMP-8262,Bimbo,GOOGLE ADS,Conversión,25-34,18/04/25,96677,8430,,32671.89,113833.2
CMP-2013,Telcel,Facebook Ads,Leads,18-24,21/09/25,122210,239,239,51645.62,65728.93
CMP-1252,Liverpool,LinkedIn Ads,Leads,55+,22/01/25,91568,2403,118,13648.87,97751.37
CMP-7662,GM Financial,YOUTUBE ADS,Tráfico,18-24,27/10/25,315603,4283,726,14980.65,51664.12
CMP-4888,OnStar,TikTok Ads,Conversión,55+,03/03/25,142018,9926,418,10838,163249.7
CMP-10942,Banco Azteca,YouTube Ads,Conversión,55+,01/03/25,184189,13031,309,69663.53,157922.14
CMP-6141, Liverpool  ,Google Ads,Leads,25-34,30/05/25,3887,3887,529,5674.82,185251.13
CMP-8315,Liverpool,LINKEDIN ADS,Leads,45-54,08/04/25,88362,7662,274,61595.36,205783.39
CMP-9406,Cerveza Modelo,Google Ads,Leads,55+,07/02/25,201412,11274,574,84366.63,158795.22
CMP-7895,OnStar,LinkedIn Ads,Leads,45-54,04/09/25,253303,9582,660,5601.79,62964.34
CMP-1081,OnStar,LinkedIn Ads,Tráfico,18-24,12/06/25,494840,6678,366,54962.43,10168.3
CMP-3420,Banco Azteca,TikTok Ads,Alcance,18-24,07/03/25,491033,7968,584,41746.51,182528.36
CMP-7837,OnStar,TikTok Ads,Alcance,45-54,13/05/25,461887,13294,133,75223.4,16360.59
CMP-3526,GM Financial,Google Ads,Conversión,18-24,01/01/25,420173,8718,527,7837.59,159866.73
CMP-6002,Telcel,Google Ads,Reconocimiento,35-44,15/09/25,418896,5143,598,71826.77,96605.18
CMP-2409,GM Financial,Google Ads,Reconocimiento,18-24,09/04/25,498035,573,128,70537.84,57859.84
CMP-7181,GM Financial,Google Ads,Leads,25-34,25/08/25,466488,12329,480,76347.56,171998.36
CMP-2848,GM Financial,TikTok Ads,Tráfico,45-54,05/02/25,280674,3465,492,7423.18,176133.39
CMP-4025,Aeroméxico,Facebook Ads,conversión,,01/05/25,355123,579,471,39178.69,11971.87
CMP-5607,Banco Azteca,Google Ads,Alcance,25-34,04/05/25,325735,14738,668,31603.72,
CMP-6690,Liverpool,YouTube Ads,Leads,35-44,14/01/25,318689,9332,219,24132.21,211191.38
CMP-4295,Telcel,TikTok Ads,Alcance,35-44,09/05/25,427498,7096,8,54911.01,
CMP-2034,Bimbo,TikTok Ads,Alcance,35-44,21/09/25,372968,9706,510,16730.43,
CMP-8768,Bimbo,Facebook Ads,Alcance,25-34,07/10/25,78617,9892,116,,187170.29
CMP-5198,GM Financial,TikTok Ads,Tráfico,45-54,24/07/25,419191,10686,736,57878.14,8702.44
CMP-4972,OnStar,Google Ads,Conversión,35-44,20/04/25,41208,10536,467,61258.61,124502.38
CMP-4929,Banco Azteca,Facebook Ads,Alcance,18-24,01/07/25,119089,2625,399,10173.31,196136.37
CMP-2481,Banco Azteca,Google Ads,Tráfico,35-44,29/03/25,437355,7905,541,38125.19,157146.42
CMP-3188,Liverpool,Facebook Ads,Alcance,35-44,08/10/25,422363,7141,421,27964.87,112250.82
CMP-8084,Aeroméxico,Google Ads,Reconocimiento,55+,14/05/25,30842,7648,335,13164.66,161465.91
CMP-1036,Cerveza Modelo,Google Ads,Leads,55+,01/10/25,352453,604,505,69166.77,191440.7
CMP-9790,Banco Azteca,YouTube Ads,Conversión,45-54,16/04/25,352042,13214,341,65844.06,198420.42
CMP-2110,Cerveza Modelo,Google Ads,Reconocimiento,45-54,14/05/25,132912,3109,702,10064.37,111174.56
CMP-5128,Telcel,Facebook Ads,Alcance,35-44,16/04/25,459745,5212,545,40007.39,85494.79
CMP-5666,Liverpool,Google Ads,Reconocimiento,55+,13/07/25,282305,8353,119,68443.43,187292.19
CMP-5446,Telcel,Facebook Ads,tráfico,55+,14/01/25,364829,5320,60,41947.86,42989
CMP-5376, Banco Azteca  ,TikTok Ads,Leads,55+,25/08/25,263968,14030,,36501.77,154651.15
CMP-1052,OnStar,YouTube Ads,Reconocimiento,18-24,10/07/25,65679,13339,365,66511.32,169414.28
CMP-4283,GM Financial,TikTok Ads,Conversión,55+,05/10/25,436693,13161,191,33506.7,18587.34
CMP-2030, Liverpool  ,Instagram Ads,leads,35-44,08/03/25,161352,7280,396,45441.49,190373.7
CMP-7693,Cerveza Modelo,TikTok Ads,Alcance,25-34,04/09/25,191114,14378,,20510.14,74984.24
CMP-6342,Bimbo,YouTube Ads,Alcance,18-24,16/03/25,178693,14637,691,48405.54,76339.74
CMP-6845,Banco Azteca,Facebook Ads,Alcance,35-44,10/05/25,381945,1704,545,35350.19,137171.62
CMP-10216,GM Financial,TikTok Ads,Leads,35-44,31/01/25,131624,2472,28,31985.56,175389.5
CMP-5005,Telcel,Facebook Ads,Reconocimiento,18-24,28/07/25,89341,14325,790,59668.24,216698.85
CMP-6624,GM Financial,LinkedIn Ads,Tráfico,55+,10/01/25,443956,5416,753,43930.41,3241.82
CMP-9984, GM Financial  ,YouTube Ads,Conversión,45-54,30/01/25,121733,7503,748,5963.54,44294.62
CMP-4398,Liverpool,TikTok Ads,Reconocimiento,45-54,29/08/25,64627,3936,275,61812.47,58199.07
CMP-9104,Cerveza Modelo,TikTok Ads,Tráfico,45-54,05/05/25,201248,5805,39,77172.34,54050.34
CMP-1705,Bimbo,YouTube Ads,Alcance,45-54,19/03/25,95343,4937,412,8636.99,67673.47
CMP-7625,Telcel,LinkedIn Ads,Reconocimiento,,10/06/25,451107,14996,51,28695.8,163018.6
CMP-7238,OnStar,TIKTOK ADS,Tráfico,35-44,09/09/25,168281,7795,739,30833.13,11758.82
CMP-6859,Liverpool,LinkedIn Ads,Reconocimiento,45-54,31/07/25,52022,9591,356,14128.63,108575.51
CMP-4320, OnStar  ,Google Ads,Leads,,22/07/25,171321,7305,282,1133.8,192390.04
CMP-8265,OnStar,TikTok Ads,Leads,18-24,29/04/25,327046,497,215,61656.16,50357.55
CMP-8772,Telcel,LINKEDIN ADS,Conversión,55+,13/07/25,10311,8949,310,78384.18,137332.36
CMP-1315,Bimbo,Facebook Ads,Reconocimiento,55+,20/01/25,161735,2226,627,1706.12,146305.27
CMP-1770,Liverpool,Instagram Ads,Reconocimiento,35-44,21/09/25,310198,10986,292,33176.19,104339.73
CMP-6765,Liverpool,Google Ads,Tráfico,25-34,22/08/25,117891,13325,753,36906.94,10460.73
CMP-9840, Cerveza Modelo  ,Google Ads,Tráfico,35-44,19/01/25,217206,13260,105,20682.48,37685.24
CMP-4980,Liverpool,FACEBOOK ADS,Alcance,55+,19/02/25,180966,6939,669,10165.89,120762.84
CMP-6111, Banco Azteca  ,YouTube Ads,Reconocimiento,55+,27/05/25,72194,14215,655,61521.82,185837.33
CMP-3974,Cerveza Modelo,Facebook Ads,leads,45-54,22/02/25,486666,12215,22,4238.49,170919.58
CMP-9344,Cerveza Modelo,Facebook Ads,Conversión,55+,11/08/25,144970,11044,636,8604.48,114636.92
CMP-10063,Bimbo,Facebook Ads,Alcance,35-44,12/09/25,161735,3709,562,82040.35,201932.64
CMP-9424, Bimbo  ,Google Ads,Alcance,18-24,19/04/25,442238,7465,619,46707.87,192906.08
CMP-2540,Liverpool,FACEBOOK ADS,Alcance,35-44,29/04/25,340891,11065,316,2992.55,104981.75
CMP-4788,Aeroméxico,LinkedIn Ads,Tráfico,55+,05/06/25,170982,3438,293,84390.15,596.78
CMP-1597,Aeroméxico,TIKTOK ADS,Tráfico,35-44,16/10/25,353663,5424,624,18501.06,16224
CMP-5511,Aeroméxico,INSTAGRAM ADS,Conversión,45-54,16/04/25,282844,8881,754,2747.47,33012.36
CMP-6256, Bimbo  ,TikTok Ads,Tráfico,18-24,08/01/25,65758,1099,422,8600.28,156318.72
CMP-8199,Bimbo,,Leads,18-24,17/10/25,259060,13132,354,40546.99,174520.21
CMP-9973,Banco Azteca,LinkedIn Ads,Alcance,25-34,06/06/25,155242,11739,665,57950.23,
CMP-4201, OnStar  ,YouTube Ads,Alcance,18-24,29/08/25,242549,1278,52,24690.75,127434.98
CMP-3142,Aeroméxico,Facebook Ads,Conversión,35-44,23/06/25,338457,11849,709,45384.66,46499.12
CMP-9660,Telcel,Google Ads,Leads,35-44,25/05/25,168422,6680,85,39803.2,167128.65
CMP-6880,Liverpool,Google Ads,Leads,45-54,25/05/25,176844,7603,163,59735.93,
CMP-7386,Aeroméxico,YouTube Ads,Reconocimiento,18-24,25/08/25,349613,2222,736,17914.48,
CMP-7169,Bimbo,Facebook Ads,Conversión,35-44,01/07/25,339038,9959,488,1978.57,187963.32
CMP-4288,Banco Azteca,Instagram Ads,Conversión,55+,10/01/25,359862,3476,34,38767.96,212276.46
CMP-10869,OnStar,LinkedIn Ads,Tráfico,25-34,08/10/25,139301,702,349,76540.29,125023.13
CMP-4011,Cerveza Modelo,Google Ads,tráfico,35-44,18/02/25,217881,1150,291,73220.95,142747.48
CMP-2386,Banco Azteca,YouTube Ads,Alcance,25-34,12/01/25,318397,11716,474,51606.27,147975.89
CMP-5517,Bimbo,LINKEDIN ADS,Leads,45-54,18/10/25,147132,7763,37,70385.14,26505.46
CMP-4215, OnStar  ,YouTube Ads,Reconocimiento,55+,03/03/25,412636,7774,134,43045.32,216632.95
CMP-10388,Telcel,TikTok Ads,Leads,25-34,07/09/25,186093,14139,729,36873.14,14514.87
CMP-1026,Liverpool,,Conversión,55+,28/09/25,313301,6378,744,82354.2,135835.73
CMP-4404,Banco Azteca,Instagram Ads,Reconocimiento,45-54,11/06/25,223632,4745,590,31144.94,62771.21
CMP-10536,Cerveza Modelo,TikTok Ads,Reconocimiento,35-44,01/10/25,337026,5891,495,22270.71,216073.26
CMP-6516,OnStar,YouTube Ads,Conversión,35-44,29/08/25,17306,9240,217,682.42,31742.52
CMP-5369,Telcel,LinkedIn Ads,Conversión,55+,02/03/25,495115,1153,411,68999.33,119448.81
CMP-1306,Banco Azteca,TikTok Ads,Alcance,45-54,03/09/25,397178,14510,288,19104.55,
CMP-5051,Banco Azteca,Instagram Ads,Tráfico,35-44,20/10/25,71607,1672,555,7390.33,162684.71
CMP-10807,Liverpool,FACEBOOK ADS,Alcance,55+,22/04/25,6715,6715,663,54731.21,73814.49
CMP-8264,Bimbo,LinkedIn Ads,Leads,25-34,08/02/25,481103,1723,457,64582.07,156730.8
CMP-5140, Telcel  ,Google Ads,Reconocimiento,18-24,07/02/25,418207,4625,97,17935.89,
CMP-3023,Bimbo,LINKEDIN ADS,Reconocimiento,45-54,07/08/25,235020,10056,427,27405.42,139731.45
CMP-4840,Cerveza Modelo,TIKTOK ADS,Conversión,55+,18/02/25,16659,12999,432,12457.29,119839.29
CMP-5648,Banco Azteca,LinkedIn Ads,Leads,55+,17/10/25,379227,13139,68,79623.66,204388.25
CMP-3158,Aeroméxico,INSTAGRAM ADS,Reconocimiento,18-24,24/08/25,218781,560,,74215.56,182764.12
CMP-9837,Aeroméxico,Facebook Ads,alcance,45-54,26/02/25,274322,13483,239,17719.3,93282.53
CMP-4757,Cerveza Modelo,Facebook Ads,Tráfico,35-44,24/06/25,82225,1525,139,67255.4,119963.2
CMP-4004,OnStar,Google Ads,reconocimiento,25-34,12/01/25,245697,4667,489,3067.13,55675.72
CMP-4482,Bimbo,Facebook Ads,Conversión,35-44,29/07/25,99709,2171,381,84758.04,218991.86
CMP-5652,Telcel,TikTok Ads,Reconocimiento,25-34,16/04/25,100298,7978,145,27541.55,185137.68
CMP-9142,Liverpool,LinkedIn Ads,Conversión,25-34,14/03/25,396195,2097,227,11358.59,39473.91
CMP-7135,GM Financial,Google Ads,Conversión,18-24,19/08/25,8807,8807,471,26490.02,216382.26
CMP-6304,Aeroméxico,TikTok Ads,Leads,25-34,24/05/25,359050,2057,159,61326.27,167310.57
CMP-9398,GM Financial,LinkedIn Ads,Leads,25-34,14/09/25,445121,14928,710,20623.3,216849.25
CMP-6764,Cerveza Modelo,LinkedIn Ads,Leads,55+,07/03/25,336394,4613,140,63235.5,
CMP-8193,Telcel,Google Ads,Reconocimiento,35-44,22/05/25,11610,8380,437,12837.45,35247.11
CMP-9245,Cerveza Modelo,Instagram Ads,Conversión,18-24,15/03/25,306460,843,201,21824.55,70992.88
CMP-1362,Aeroméxico,TikTok Ads,Conversión,35-44,01/01/25,361090,6293,365,46725.39,181356.42
CMP-7438,Telcel,LINKEDIN ADS,Alcance,18-24,08/05/25,220204,347,347,29665.89,25016.32
CMP-9841,OnStar,Instagram Ads,Leads,35-44,26/04/25,46199,14931,39,23453.68,7181.2
CMP-9945,Aeroméxico,Google Ads,Leads,25-34,25/09/25,59412,5514,167,48848.93,55919.85
CMP-1229,Bimbo,YOUTUBE ADS,Alcance,55+,10/06/25,63856,3310,541,19670.97,191108.22
CMP-4026,Aeroméxico,TikTok Ads,Leads,25-34,06/03/25,434914,5509,761,44320.79,91637.18
CMP-8704, Banco Azteca  ,LinkedIn Ads,Reconocimiento,18-24,05/02/25,349912,11168,307,5542.38,213816.77
CMP-10088,Liverpool,GOOGLE ADS,Alcance,25-34,05/01/25,242346,9996,793,33469.05,
CMP-7863,Bimbo,TIKTOK ADS,Alcance,35-44,30/09/25,6543,6543,126,73092.93,
CMP-1989,Liverpool,Facebook Ads,Conversión,18-24,04/03/25,436262,5346,626,60442.73,127090.58
CMP-8760,GM Financial,Google Ads,Conversión,55+,09/05/25,5580,5580,317,77969.02,176348.52
CMP-4811,Telcel,YouTube Ads,Tráfico,35-44,23/07/25,215191,11419,270,3647.17,50503.86
CMP-5126, Bimbo  ,YouTube Ads,Conversión,25-34,25/06/25,279126,357,357,46733.77,66528.64
CMP-10534,Cerveza Modelo,Facebook Ads,Tráfico,45-54,09/03/25,143533,11121,1,,
CMP-9522,Cerveza Modelo,TikTok Ads,Alcance,35-44,04/08/25,228022,1628,612,40837.52,78717.64
CMP-2860,Telcel,Google Ads,Reconocimiento,55+,27/01/25,422806,4606,410,5687.77,108385.41
CMP-9478,Cerveza Modelo,Google Ads,Conversión,35-44,15/03/25,34869,3429,,28340.15,28702.58
CMP-3230,GM Financial,Google Ads,reconocimiento,,20/10/25,9159,461,461,7895.34,15814.42
CMP-1791, Liverpool  ,Facebook Ads,Tráfico,55+,31/08/25,105963,13920,,,187764.4
CMP-6178,Banco Azteca,LinkedIn Ads,Reconocimiento,,28/05/25,4984,4984,434,36878.77,85154.29
CMP-10705,GM Financial,Instagram Ads,Leads,35-44,31/08/25,400932,2753,569,62967.23,204662.23
CMP-1015,Aeroméxico,YouTube Ads,Conversión,55+,21/10/25,328432,9837,552,714.82,
CMP-5740, Liverpool  ,Instagram Ads,Alcance,,05/05/25,106883,1099,545,60820.42,47205.7
CMP-10123,Bimbo,LinkedIn Ads,Conversión,35-44,24/06/25,70005,431,166,13658.22,184568.85
CMP-2675,Liverpool,YouTube Ads,Leads,18-24,12/07/25,63386,963,637,71065.01,76552.35
CMP-10167,Liverpool,Facebook Ads,Reconocimiento,35-44,12/02/25,405344,10005,526,24173.17,90595.64
CMP-4926, Liverpool  ,Instagram Ads,Leads,18-24,18/08/25,470240,2919,484,51814.59,56858.83
CMP-9548,Liverpool,TikTok Ads,Tráfico,55+,18/08/25,45670,6277,382,82714.85,73963.43
CMP-3464,OnStar,Google Ads,Alcance,45-54,17/05/25,97151,3159,592,31881.39,87926.7
CMP-2929,Telcel,Instagram Ads,Reconocimiento,25-34,12/01/25,273565,10054,516,14063.97,66931.95
CMP-6623,Telcel,YouTube Ads,Tráfico,45-54,13/04/25,199632,13604,170,36051.21,176104.4
CMP-1785,Liverpool,LinkedIn Ads,Conversión,55+,22/04/25,470115,14801,116,6009.47,105415.19
CMP-1118,Cerveza Modelo,LinkedIn Ads,Tráfico,18-24,25/08/25,81991,480,396,47688.52,68876.01
CMP-10916,GM Financial,Instagram Ads,Tráfico,25-34,09/01/25,313882,1864,612,,60524.34
CMP-8187,Bimbo,Google Ads,Reconocimiento,55+,12/01/25,222353,3516,229,36298.04,154627.98
CMP-6607,Banco Azteca,Google Ads,Alcance,35-44,18/06/25,323309,9344,621,-68890.71,118068.39
CMP-9102,Banco Azteca,,Leads,55+,01/09/25,256422,9818,1,56038.68,196309.88
CMP-1545,Cerveza Modelo,YOUTUBE ADS,Reconocimiento,45-54,22/06/25,405486,7563,179,77803.97,187968.75
CMP-4731,Aeroméxico,TikTok Ads,Conversión,55+,28/07/25,330444,9293,709,62218.67,66520.04
CMP-2103, Banco Azteca  ,GOOGLE ADS,alcance,35-44,14/06/25,268019,1784,296,7366.37,11376.56
CMP-5322,Telcel,YOUTUBE ADS,Leads,45-54,05/01/25,388501,12282,626,49887.5,203578.3
CMP-8836,OnStar,Google Ads,Reconocimiento,35-44,21/07/25,458986,1350,205,29995.33,92891.28
CMP-3377, Liverpool  ,TikTok Ads,Alcance,35-44,26/06/25,306319,14324,499,18433.33,184688.85
CMP-5625,GM Financial,Google Ads,Leads,25-34,30/01/25,306051,14526,431,8488.04,157472.96
CMP-7868, Telcel  ,LINKEDIN ADS,Alcance,25-34,03/09/25,387597,5564,286,39200.5,185083.86
CMP-8128,Liverpool,Facebook Ads,Alcance,25-34,10/04/25,14182,8520,663,37268.38,181947.65
CMP-1811,Aeroméxico,YouTube Ads,Alcance,25-34,28/04/25,115124,5883,423,21398.2,197136.08
CMP-5665,Aeroméxico,Facebook Ads,Tráfico,55+,10/05/25,234188,1993,691,6962.68,126536.67
CMP-9378,Liverpool,Facebook Ads,Tráfico,18-24,05/06/25,96487,685,354,51938.9,63984.95
CMP-10413,Liverpool,YouTube Ads,Alcance,45-54,29/06/25,133838,978,21,47748.96,6759.23
CMP-4304,Bimbo,GOOGLE ADS,Reconocimiento,18-24,23/04/25,280092,12924,,49782.92,184838.26
CMP-2100,Aeroméxico,Instagram Ads,Reconocimiento,35-44,10/02/25,268926,14494,565,8764.68,123856.7
CMP-5649,Liverpool,LINKEDIN ADS,Alcance,45-54,18/03/25,303215,7268,98,31445.58,27781.57
CMP-6465,Aeroméxico,Facebook Ads,Alcance,55+,23/03/25,96554,350,350,44553.62,18645.29
CMP-9466,OnStar,TikTok Ads,Alcance,18-24,14/06/25,37328,9811,63,53953.68,55095.98
CMP-7585,Telcel,Facebook Ads,Leads,55+,13/04/25,146135,2073,376,21979.28,63050
CMP-6473,Aeroméxico,Google Ads,Alcance,45-54,15/04/25,24784,7856,727,15551.26,84650.38
CMP-4764,Telcel,TikTok Ads,Leads,35-44,02/09/25,47328,2143,605,,145639.29
CMP-10578,Telcel,Google Ads,Leads,35-44,05/08/25,123836,13763,441,84329.25,117236.42
CMP-5506,GM Financial,Instagram Ads,Reconocimiento,18-24,17/08/25,64189,5770,375,35315.24,196980.28
CMP-3862, Liverpool  ,YouTube Ads,Tráfico,55+,11/03/25,44849,8596,230,10361.39,23798.37
CMP-3028,GM Financial,FACEBOOK ADS,Leads,35-44,18/05/25,345897,2823,180,61473.2,62018.31
CMP-2555,Aeroméxico,INSTAGRAM ADS,Conversión,45-54,01/08/25,36417,360,305,14799.38,195868.37
CMP-1900,Cerveza Modelo,Instagram Ads,Conversión,35-44,03/05/25,237405,9307,790,29835.03,133834.78
CMP-2159,Telcel,YOUTUBE ADS,Alcance,55+,14/04/25,363133,14953,497,4509.52,58574.39
CMP-1413,Cerveza Modelo,Facebook Ads,Tráfico,18-24,01/06/25,123007,14765,686,27017.73,188174.69
CMP-5329,Banco Azteca,YOUTUBE ADS,Leads,55+,30/06/25,279371,7200,732,77359.77,181751.36
CMP-1781,GM Financial,YOUTUBE ADS,Tráfico,35-44,30/05/25,158486,10162,570,69263.24,186787.46
CMP-4437,OnStar,Facebook Ads,Tráfico,35-44,11/03/25,321307,162,162,37395.9,167342.49
CMP-6425, Aeroméxico  ,Instagram Ads,Alcance,45-54,30/03/25,54890,10646,712,43413.42,21441.85
CMP-7630,Telcel,YouTube Ads,Conversión,35-44,03/10/25,95088,3485,720,27161.25,38577.61
CMP-9823,OnStar,LinkedIn Ads,Leads,45-54,21/09/25,154179,4645,294,65857.77,38625.24
CMP-8996, Cerveza Modelo  ,TikTok Ads,Reconocimiento,18-24,16/02/25,438669,2836,616,1489.92,12584.8
CMP-9185,Banco Azteca,Facebook Ads,Tráfico,45-54,13/01/25,237155,4845,766,48925.23,164501.7
CMP-7348,Aeroméxico,YouTube Ads,Conversión,35-44,29/08/25,492057,13102,429,38636.56,98527.56
CMP-2822,Bimbo,LINKEDIN ADS,alcance,25-34,23/05/25,327446,5371,163,46815.98,24417.84
CMP-6388,Aeroméxico,Instagram Ads,Tráfico,55+,26/04/25,173244,4476,690,78506.58,18206.79
CMP-6354,Bimbo,YouTube Ads,Tráfico,55+,22/04/25,269722,9023,620,8589.15,180905.81
CMP-2701,Bimbo,Facebook Ads,Reconocimiento,25-34,14/03/25,460734,12358,172,76728.35,125110.19
CMP-8410, Bimbo  ,YouTube Ads,Conversión,55+,20/08/25,268575,1322,742,79006.02,13891.74
CMP-8143,Liverpool,LinkedIn Ads,Leads,55+,28/02/25,41316,3765,630,,218058.04
CMP-8653,Telcel,Instagram Ads,Tráfico,55+,20/03/25,1984,1984,70,,70554.49
CMP-9448,Banco Azteca,YouTube Ads,Alcance,35-44,27/07/25,398181,734,399,54671.93,96955.55
CMP-6656,Banco Azteca,YouTube Ads,Conversión,25-34,03/08/25,126608,7609,386,76479.27,75789.05
CMP-5285,Banco Azteca,TikTok Ads,Tráfico,55+,26/06/25,235401,14270,503,53463.88,189368.23
CMP-10114,Aeroméxico,Instagram Ads,Leads,55+,22/08/25,50724,3414,781,51648.86,84691.83
CMP-3221,Liverpool,Facebook Ads,Tráfico,45-54,11/04/25,266348,3466,653,64160.46,151465.71
CMP-6881,Liverpool,LINKEDIN ADS,Leads,35-44,20/02/25,365785,6488,654,82523.2,116888.25
CMP-7364,Cerveza Modelo,TikTok Ads,Alcance,45-54,24/10/25,437739,11800,338,7449.77,129871.84
CMP-2606, Cerveza Modelo  ,TikTok Ads,Reconocimiento,18-24,13/06/25,461101,2653,9,74432.27,208448.17
CMP-6138,OnStar,YouTube Ads,Reconocimiento,25-34,21/03/25,39228,2707,53,3696.84,190436.22
CMP-10964,OnStar,Facebook Ads,Tráfico,25-34,21/01/25,121944,1033,524,8519.43,165484.19
CMP-9976,Bimbo,LINKEDIN ADS,reconocimiento,55+,14/09/25,270133,12146,,83059.06,21281.77
CMP-1793, Aeroméxico  ,TIKTOK ADS,reconocimiento,,09/02/25,295598,8161,623,34669.24,130171.45
CMP-1703,GM Financial,,Tráfico,25-34,15/02/25,467336,1347,770,3215.75,34357.21
CMP-2657, Telcel  ,TikTok Ads,Leads,55+,12/10/25,74507,3583,508,52742.55,197325.96
CMP-8554,Banco Azteca,LinkedIn Ads,Tráfico,25-34,04/10/25,10580,2969,606,32718.9,
CMP-5993,GM Financial,GOOGLE ADS,Leads,18-24,04/06/25,346131,3184,256,38150.85,205860.28
CMP-4850,Cerveza Modelo,YOUTUBE ADS,Reconocimiento,35-44,30/07/25,290481,918,543,61786.46,102362.28
CMP-3097,Banco Azteca,Instagram Ads,Conversión,45-54,30/07/25,404724,13257,20,76651.21,145656.37
CMP-10319,Liverpool,Instagram Ads,Reconocimiento,35-44,18/03/25,90335,11661,661,37995.55,110844.3
CMP-3801,OnStar,Google Ads,Conversión,55+,04/02/25,45716,12169,315,61438.9,205554.37
CMP-4745,Cerveza Modelo,YouTube Ads,Reconocimiento,18-24,16/02/25,264078,7928,711,45019.99,191447.27
CMP-7880,Liverpool,GOOGLE ADS,Conversión,45-54,21/08/25,357426,1742,525,60674.76,211767.51
CMP-10023,Aeroméxico,LinkedIn Ads,Alcance,45-54,19/01/25,397953,7111,,83167.46,47383.78
CMP-7738,Telcel,LinkedIn Ads,Alcance,25-34,17/05/25,100526,9415,436,36305.44,55397.57
CMP-6560,Bimbo,Facebook Ads,Conversión,18-24,18/04/25,317540,4239,504,31511.83,215602.04
CMP-6033,Bimbo,TikTok Ads,Reconocimiento,18-24,22/09/25,91071,2881,473,74401.64,210627.33
CMP-5918,Telcel,Google Ads,Tráfico,18-24,01/09/25,247686,14564,415,67083.53,36646.63
CMP-8611,OnStar,YouTube Ads,Conversión,45-54,02/06/25,125561,852,457,,163942.86
CMP-10473,OnStar,LinkedIn Ads,Tráfico,18-24,05/10/25,217509,7213,390,78983.16,112762.46
CMP-10711,Aeroméxico,Instagram Ads,Conversión,35-44,23/03/25,153458,1214,115,44660.99,36301.64
CMP-8771,Bimbo,Google Ads,Alcance,35-44,26/01/25,45069,11359,436,78409.09,213268.58
CMP-10603,GM Financial,TikTok Ads,Conversión,35-44,28/02/25,37283,4802,45,53626.59,154851.1
CMP-3338,OnStar,Google Ads,Leads,55+,03/07/25,35173,517,287,21094.65,136746.73
CMP-2787,Liverpool,,Tráfico,18-24,08/08/25,148024,10601,260,69738.58,154051.64
CMP-2881,Liverpool,TikTok Ads,Reconocimiento,35-44,30/05/25,311922,14773,763,8369.27,103089.77
CMP-5447,Aeroméxico,Instagram Ads,Conversión,55+,13/01/25,303520,9770,478,37989.26,84576.54
CMP-5484,GM Financial,Instagram Ads,leads,55+,13/04/25,39725,6658,305,84347.15,46956.75
CMP-3815,Aeroméxico,Instagram Ads,reconocimiento,35-44,10/03/25,308912,11685,685,4879.66,191415.76
CMP-8341,OnStar,YouTube Ads,Conversión,45-54,30/09/25,358276,4469,469,50201.51,102115.77
CMP-9380,Liverpool,TikTok Ads,Leads,35-44,23/03/25,442981,4827,570,70919.01,55444.99
CMP-4330,Aeroméxico,TikTok Ads,Tráfico,45-54,19/05/25,31863,11726,404,82364.8,101900.29
CMP-8675,Banco Azteca,Google Ads,Tráfico,35-44,26/06/25,485576,7318,346,56141.38,24899.68
CMP-7954, Telcel  ,Facebook Ads,Reconocimiento,25-34,05/09/25,233479,2896,591,70399.33,126137.33
CMP-6302,Telcel,TikTok Ads,Leads,,11/07/25,374767,13077,670,80000.91,190727.96
CMP-8661,Telcel,TikTok Ads,Conversión,35-44,21/05/25,427458,1485,671,31375.09,73785.96
CMP-9151,Cerveza Modelo,Google Ads,Alcance,55+,28/09/25,313270,10011,656,24589.21,188114.42
CMP-1140,Bimbo,LinkedIn Ads,Conversión,18-24,19/08/25,136090,2362,751,11084.86,170749.27
CMP-7557,Aeroméxico,TikTok Ads,Reconocimiento,18-24,29/01/25,437564,11841,323,,79218.65
CMP-4635,Cerveza Modelo,Facebook Ads,Conversión,45-54,11/10/25,346343,552,552,54186.62,188877.28
CMP-2589,Bimbo,YOUTUBE ADS,Alcance,55+,25/10/25,135863,6055,149,11904.91,173318.34
CMP-10700,Banco Azteca,Facebook Ads,Alcance,55+,05/01/25,153321,4637,541,6209.94,140200.14
CMP-7973,Liverpool,INSTAGRAM ADS,Conversión,18-24,15/04/25,319707,188,188,16266.78,76487.73
CMP-4111,OnStar,Instagram Ads,Tráfico,25-34,21/04/25,266210,3865,662,7730.53,96533.42
CMP-3381,OnStar,Instagram Ads,Conversión,55+,08/04/25,412733,99,1,66622.63,180336.72
CMP-6347,OnStar,Instagram Ads,Reconocimiento,25-34,25/06/25,72065,13518,701,51735.71,114366.2
CMP-1518,Banco Azteca,Instagram Ads,Leads,45-54,19/10/25,179224,6833,130,19648.93,109520.5
CMP-2277,Liverpool,LinkedIn Ads,Alcance,55+,19/09/25,213404,1724,206,56828.56,152553.25
CMP-2449,Liverpool,YouTube Ads,Conversión,25-34,18/07/25,17604,8428,660,40081.91,218148.3
CMP-7212,Aeroméxico,LinkedIn Ads,Reconocimiento,35-44,08/09/25,311789,8330,769,83126.62,210396.38
CMP-5394,Liverpool,Instagram Ads,Alcance,18-24,11/06/25,48063,5663,,47424.61,133532.36
CMP-3270,GM Financial,TikTok Ads,Reconocimiento,35-44,26/05/25,61149,677,3,39747.59,112954.57
CMP-10098,Cerveza Modelo,LINKEDIN ADS,alcance,18-24,07/03/25,347565,2124,256,28440.82,54317.19
CMP-7556, Bimbo  ,LinkedIn Ads,Tráfico,18-24,31/03/25,358743,14393,183,23165.13,
CMP-8738,OnStar,YouTube Ads,Conversión,18-24,19/02/25,111967,8986,451,54408.55,66680.41
CMP-2101,OnStar,Facebook Ads,Tráfico,35-44,03/02/25,256797,2605,111,68561.75,19199.84
CMP-3409,Bimbo,LinkedIn Ads,Reconocimiento,18-24,20/08/25,207652,9695,239,81287.64,117196.9
CMP-4270,Telcel,Google Ads,Leads,55+,13/02/25,53849,14575,140,39549.32,104459.48
CMP-5180,GM Financial,Google Ads,Leads,25-34,13/09/25,349266,12482,441,23358.34,143057.46
CMP-9588,Banco Azteca,Facebook Ads,Tráfico,25-34,17/01/25,132346,14543,228,37717.83,89873.5
CMP-2796, OnStar  ,Facebook Ads,Leads,55+,01/06/25,25416,8932,411,55966.84,40908.47
CMP-7989,Liverpool,Google Ads,Tráfico,25-34,13/08/25,357786,12145,115,65408.02,111346.7
CMP-5563,Telcel,Facebook Ads,Leads,55+,15/09/25,48277,2077,468,80747.86,78010.12
CMP-6042,Cerveza Modelo,GOOGLE ADS,Reconocimiento,35-44,03/05/25,316460,2164,96,26061.47,206773.55
CMP-1541,Telcel,LinkedIn Ads,Alcance,45-54,27/02/25,380219,12823,559,67416.64,135936.89
CMP-7775,OnStar,Google Ads,Tráfico,25-34,20/06/25,141689,4848,433,84718.58,13053.36
CMP-10830,Bimbo,Instagram Ads,Reconocimiento,25-34,31/03/25,342241,3826,112,16662.56,194388.93
CMP-3673,Banco Azteca,TikTok Ads,Conversión,25-34,28/02/25,294923,3090,54,,2604.74
CMP-1249, Telcel  ,YouTube Ads,Tráfico,,08/05/25,468379,5297,516,1760.35,
CMP-7997,Banco Azteca,,Reconocimiento,45-54,05/10/25,367406,9089,609,77556.35,138679.97
CMP-6300,Bimbo,LinkedIn Ads,Reconocimiento,35-44,23/03/25,272997,616,616,1573.04,137761.88
CMP-4224, GM Financial  ,Google Ads,Alcance,25-34,03/04/25,238419,4529,443,20172.08,199767.68
CMP-6121, Aeroméxico  ,Google Ads,Leads,55+,02/08/25,105847,3834,590,69281.27,8323.86
CMP-4357, Aeroméxico  ,YouTube Ads,Tráfico,35-44,09/02/25,222745,14437,291,69681.02,6521.11
CMP-3203,Liverpool,Instagram Ads,Reconocimiento,25-34,07/08/25,91130,7815,702,5968.87,44206.61
CMP-7564,Telcel,TikTok Ads,Conversión,35-44,13/06/25,110758,819,,60557.12,83277.86
CMP-4189,Telcel,Facebook Ads,Conversión,35-44,18/02/25,321543,12430,218,35231.63,94005.97
CMP-2831,Banco Azteca,Google Ads,Conversión,18-24,20/09/25,428515,2322,301,7392.88,87048.71
CMP-4719,Bimbo,Google Ads,Tráfico,55+,22/04/25,437943,6897,651,3121.44,179212.92
CMP-7921,GM Financial,LinkedIn Ads,Conversión,18-24,11/02/25,249653,13375,469,66561.24,25304.69
CMP-7341,OnStar,LinkedIn Ads,tráfico,18-24,18/04/25,464615,4827,457,1169.68,47479.53
CMP-8671,OnStar,LinkedIn Ads,leads,45-54,12/01/25,130278,13568,204,14591.67,16369.53
CMP-1432,Bimbo,Facebook Ads,Alcance,25-34,21/09/25,414166,5956,439,20799.47,145037.76
CMP-6872,GM Financial,YouTube Ads,Tráfico,45-54,15/05/25,335751,14018,670,5320.6,45741.33
CMP-2841,GM Financial,TikTok Ads,Tráfico,45-54,09/03/25,487809,12628,758,57763.96,165242.39
CMP-2528,GM Financial,Instagram Ads,Tráfico,45-54,14/01/25,451995,6659,722,58233.31,112755.41
CMP-5864, Aeroméxico  ,LINKEDIN ADS,Conversión,25-34,11/02/25,210761,13731,353,75571.73,148729.05
CMP-10041,Telcel,TikTok Ads,Leads,25-34,31/03/25,109053,11177,383,41746.35,50066.4
CMP-2005,Bimbo,YOUTUBE ADS,Tráfico,25-34,19/03/25,238367,5482,335,651.66,98200.06
CMP-5250,Liverpool,TikTok Ads,Reconocimiento,18-24,25/09/25,237495,1671,101,74857.88,74955.08
CMP-8755,Bimbo,LinkedIn Ads,Leads,25-34,02/03/25,30198,14018,493,28076.91,51168.93
CMP-3293,Liverpool,LINKEDIN ADS,Reconocimiento,18-24,17/04/25,259830,2681,151,48989.35,14406.49
CMP-10620,Telcel,FACEBOOK ADS,Tráfico,18-24,01/10/25,160379,14466,,19542.54,
CMP-2489,Cerveza Modelo,Facebook Ads,Tráfico,55+,28/05/25,342654,2168,52,82291.5,123110.09
CMP-8330,Liverpool,Google Ads,Conversión,25-34,22/10/25,378111,4848,712,41607.13,148996.8
CMP-7215,Liverpool,Google Ads,Leads,18-24,05/02/25,194261,6825,13,38416.33,166714.85
CMP-6995,Aeroméxico,Facebook Ads,Leads,25-34,26/01/25,440169,12305,619,,100610.6
CMP-3223,Cerveza Modelo,TikTok Ads,Reconocimiento,18-24,12/05/25,174049,14924,621,80469.5,214771.92
CMP-9638,Banco Azteca,LinkedIn Ads,Alcance,35-44,25/06/25,323424,12420,17,33279.81,189305.21
CMP-7207,Banco Azteca,LINKEDIN ADS,Tráfico,35-44,03/03/25,96784,6938,72,84213.75,43196.75
CMP-5111,Aeroméxico,YouTube Ads,Alcance,35-44,23/09/25,433623,4837,405,,200396.79
CMP-10710,OnStar,LINKEDIN ADS,tráfico,25-34,19/06/25,394563,11327,227,65479.14,211716.89
CMP-7953, Liverpool  ,TikTok Ads,Tráfico,18-24,23/07/25,230817,10856,391,68399.77,4548.14
CMP-1759,Telcel,LinkedIn Ads,Reconocimiento,55+,25/01/25,471204,8649,681,,47776.02
CMP-4424, Banco Azteca  ,FACEBOOK ADS,Alcance,18-24,13/07/25,283551,4761,323,37186.75,142195.58
CMP-5123,Cerveza Modelo,TikTok Ads,Alcance,35-44,22/09/25,469804,4289,105,57315.28,113318.18
CMP-9349, Bimbo  ,TIKTOK ADS,Tráfico,55+,27/05/25,184794,4328,39,71966.59,54041.5
CMP-6126,Bimbo,Instagram Ads,Tráfico,35-44,06/07/25,305798,6875,186,32744.72,112206.02
CMP-1746,Banco Azteca,Google Ads,Tráfico,45-54,29/04/25,320588,14979,759,2574.68,
CMP-2912,OnStar,LINKEDIN ADS,Conversión,45-54,14/08/25,155510,2671,694,13689.65,170742.7
CMP-7627,OnStar,YouTube Ads,Leads,45-54,20/03/25,421025,4623,617,82335.28,83922.26
CMP-6826,Cerveza Modelo,YouTube Ads,Reconocimiento,25-34,21/10/25,271540,84,84,42189.61,29239.85
CMP-1097,Cerveza Modelo,Facebook Ads,Reconocimiento,55+,02/08/25,76850,8244,477,28804.54,6218.85
CMP-2660,GM Financial,Instagram Ads,Reconocimiento,55+,11/08/25,202391,2961,798,14278.63,38675.37
CMP-3794,Banco Azteca,TikTok Ads,Conversión,25-34,02/09/25,372524,7652,443,42517.61,13847.32
CMP-3668,GM Financial,Google Ads,Reconocimiento,18-24,22/09/25,86154,1148,48,10559.79,78866.07
CMP-5566,OnStar,TikTok Ads,Leads,45-54,23/02/25,436299,13927,778,7451.03,189445.8
CMP-7931,Banco Azteca,TikTok Ads,Leads,55+,15/06/25,170827,9245,248,56472.65,116540.42
CMP-5153,Banco Azteca,Google Ads,Reconocimiento,45-54,27/09/25,275272,5806,165,47659.59,188779.01
CMP-2840,OnStar,GOOGLE ADS,reconocimiento,18-24,19/01/25,274207,11829,74,43690.34,51783.55
CMP-1857,Cerveza Modelo,Google Ads,Reconocimiento,55+,05/01/25,460810,8258,783,58929.42,40531.94
CMP-3010,Aeroméxico,Facebook Ads,Reconocimiento,25-34,26/04/25,41357,10428,333,23585.72,
CMP-9914,OnStar,LinkedIn Ads,Reconocimiento,55+,15/02/25,104470,13872,371,63039.7,115380.17
CMP-8907,Aeroméxico,LinkedIn Ads,Conversión,55+,23/09/25,418403,4599,499,3771.74,198130.86
CMP-2989,GM Financial,FACEBOOK ADS,Leads,35-44,25/02/25,451914,7481,104,42891.67,115764.96
CMP-9411, Telcel  ,Google Ads,Conversión,35-44,26/06/25,253079,11738,,84896.83,16981.12
CMP-6217, OnStar  ,Google Ads,Alcance,18-24,21/01/25,298856,1562,,10722.82,41454.59
CMP-3408,Banco Azteca,Instagram Ads,Alcance,55+,23/05/25,258388,3639,419,61527.57,179728.39
CMP-3449,Banco Azteca,Instagram Ads,Alcance,18-24,16/09/25,150295,3381,314,12589.09,111261.11
CMP-8186,Aeroméxico,Google Ads,Tráfico,35-44,10/04/25,329081,12712,439,20730.98,34013.26
CMP-1427,Cerveza Modelo,Instagram Ads,Leads,25-34,10/09/25,23973,6157,733,40734.74,190262.02
CMP-10017, Liverpool  ,TikTok Ads,Alcance,45-54,06/10/25,119981,13777,5,700.38,36418.82
CMP-9192,Bimbo,TikTok Ads,Alcance,18-24,20/02/25,220931,9387,725,83437.7,178554.75
CMP-5284,GM Financial,TikTok Ads,Alcance,25-34,06/08/25,494000,4757,155,25112.08,177691.73
CMP-2886,GM Financial,LinkedIn Ads,Alcance,55+,16/04/25,412588,288,48,63374.6,13465.41
CMP-7690,Banco Azteca,YouTube Ads,Conversión,35-44,20/05/25,57409,5541,482,20054.86,51082.96
CMP-4162,Telcel,,Leads,18-24,06/06/25,283159,10697,45,2678.6,165156.07
CMP-3018, GM Financial  ,YouTube Ads,Conversión,55+,17/08/25,297636,9376,144,82490.32,161082.38
CMP-6989,Banco Azteca,YouTube Ads,Leads,,28/08/25,157386,3986,535,75509.21,77207.09
CMP-9438,Aeroméxico,YOUTUBE ADS,alcance,35-44,31/03/25,465249,522,50,17121.99,44568.21
CMP-4496,GM Financial,Facebook Ads,Reconocimiento,25-34,02/02/25,345019,721,721,84441.65,23849.65
CMP-2810, Banco Azteca  ,Facebook Ads,Conversión,55+,13/06/25,211579,11968,600,75525.34,192371.84
CMP-3108,Banco Azteca,Google Ads,Reconocimiento,18-24,16/05/25,108415,3756,329,17787.3,27297.14
CMP-3090,GM Financial,TIKTOK ADS,Conversión,35-44,17/01/25,154675,6065,161,54879.26,70671.5
CMP-5604,GM Financial,LinkedIn Ads,Leads,45-54,27/09/25,471972,14611,567,70487.75,182719.42
CMP-4493,Aeroméxico,Facebook Ads,Alcance,25-34,10/03/25,275251,6058,532,63039.69,120214.76
CMP-8080,Banco Azteca,Facebook Ads,Tráfico,35-44,16/08/25,392244,8766,179,45392.07,106102.7
CMP-2262,OnStar,FACEBOOK ADS,Tráfico,18-24,14/08/25,379764,2124,14,27107.78,67007.7
CMP-9858,OnStar,GOOGLE ADS,Alcance,45-54,10/10/25,394490,6944,81,47304.52,76221.06
CMP-8897,Cerveza Modelo,YouTube Ads,Reconocimiento,25-34,04/10/25,227396,10822,715,61618.91,148476.73
CMP-6948,Telcel,Instagram Ads,Reconocimiento,45-54,03/02/25,151765,9638,472,,142165.08
CMP-6501,Liverpool,Instagram Ads,conversión,35-44,11/03/25,434963,8140,582,79829.52,107879.55
CMP-7712,GM Financial,Instagram Ads,Leads,45-54,17/09/25,453638,14675,391,22087.99,143873.85
CMP-5692,Liverpool,TikTok Ads,Reconocimiento,45-54,10/10/25,114912,2319,487,78700.11,216235.1
CMP-2498,Banco Azteca,YouTube Ads,Leads,45-54,26/04/25,243391,13408,208,42191.38,163261.17
CMP-9046,OnStar,YouTube Ads,Conversión,45-54,09/01/25,145037,6992,,3036.83,177536.51
CMP-1694,Cerveza Modelo,Facebook Ads,Tráfico,18-24,04/10/25,405225,63,63,82731.42,190558.68
CMP-5184,GM Financial,Instagram Ads,Alcance,45-54,14/10/25,290451,9412,89,49038.49,5282.14
CMP-7378,GM Financial,Facebook Ads,Conversión,25-34,27/04/25,324535,8618,100,65841.94,49806.48
CMP-10917,Telcel,Google Ads,Alcance,55+,24/01/25,175802,9547,622,8126.51,38196.04
CMP-7346,Banco Azteca,Facebook Ads,Reconocimiento,55+,30/09/25,192079,12159,491,21586.55,135390.53
CMP-5160,OnStar,Facebook Ads,Leads,45-54,06/07/25,156884,198,198,11455.57,73518.93
CMP-8721,GM Financial,LinkedIn Ads,Alcance,45-54,14/10/25,300561,12293,551,31146.65,38977.12
CMP-5340,Bimbo,Google Ads,Tráfico,45-54,03/09/25,461400,13018,470,45298.03,51109.59
CMP-7322,Banco Azteca,Google Ads,Leads,35-44,18/05/25,223584,11543,280,43174.76,128979.19
CMP-3507,GM Financial,YouTube Ads,Alcance,45-54,10/02/25,50607,6024,337,,139903.4
CMP-8513,Telcel,YouTube Ads,Conversión,18-24,08/07/25,464132,4826,700,15458.11,180803.11
CMP-2714,Aeroméxico,Google Ads,Tráfico,55+,01/08/25,199227,10897,736,69998.23,135688.21
CMP-4583,Telcel,Facebook Ads,Tráfico,25-34,15/10/25,362373,11083,93,28131.54,110647.23
CMP-8462,Cerveza Modelo,Google Ads,Conversión,35-44,20/03/25,488542,8475,134,84366.22,34923.42
CMP-2853,Liverpool,LinkedIn Ads,Reconocimiento,35-44,16/05/25,1663,1663,176,80452.59,9367.79
CMP-2414,Telcel,LinkedIn Ads,Alcance,35-44,16/03/25,323782,12449,393,45304.83,165601.38
CMP-1266,Telcel,Instagram Ads,Reconocimiento,25-34,27/05/25,299883,3097,708,82834.19,
CMP-8058,Aeroméxico,TikTok Ads,Tráfico,35-44,19/01/25,147845,10281,796,72151.9,192849.28
CMP-8567,Bimbo,TikTok Ads,Reconocimiento,35-44,12/01/25,216707,6712,437,51653.28,169691.48
CMP-9053,Cerveza Modelo,YOUTUBE ADS,Leads,25-34,24/06/25,3719,2914,84,6820.58,106235.17
CMP-4698,Liverpool,TikTok Ads,Conversión,45-54,22/10/25,300489,12569,169,36433.54,113154.63
CMP-6158,Bimbo,Instagram Ads,Conversión,55+,18/03/25,34726,3239,546,38168.29,63492.94
CMP-4248,Banco Azteca,YouTube Ads,Conversión,25-34,17/09/25,418869,5142,592,4048.28,
CMP-3843, Cerveza Modelo  ,YouTube Ads,Conversión,35-44,25/05/25,499679,2878,256,67974.04,152233.18
CMP-8293,OnStar,TikTok Ads,Conversión,55+,14/08/25,56558,2667,457,30219.7,124257.47
CMP-2691,Bimbo,YouTube Ads,Conversión,25-34,31/03/25,283765,3167,782,63824.11,189202.1
CMP-5634,Aeroméxico,TIKTOK ADS,Alcance,35-44,07/02/25,159324,114,114,36715.17,119222.77
CMP-9833,Telcel,TikTok Ads,Alcance,35-44,31/01/25,313374,13244,782,17589.6,76104.83
CMP-2404,Bimbo,YOUTUBE ADS,Alcance,55+,27/02/25,196229,5246,108,33425.77,28801.23
CMP-10093,Aeroméxico,Instagram Ads,Reconocimiento,25-34,12/03/25,227839,2818,691,,143539.46
CMP-8876,Banco Azteca,YouTube Ads,Reconocimiento,35-44,13/06/25,459961,988,42,64109.49,69531.62
CMP-3362,Liverpool,LINKEDIN ADS,Reconocimiento,45-54,06/08/25,301713,3260,120,66873.08,82131.68
CMP-2166,GM Financial,TikTok Ads,Leads,45-54,18/04/25,375908,2329,497,8756.68,159481.08
CMP-3163,Cerveza Modelo,Instagram Ads,Tráfico,18-24,30/05/25,374542,13596,626,54607.45,
CMP-1192,GM Financial,LINKEDIN ADS,Leads,45-54,24/05/25,186039,13793,343,5232.21,99081.23
CMP-5383,Telcel,TikTok Ads,Conversión,35-44,30/01/25,477365,3547,494,46662.45,105276.81
CMP-1622,Bimbo,YouTube Ads,Reconocimiento,25-34,26/03/25,200252,8840,469,70286.83,54168.8
CMP-8794,Banco Azteca,YouTube Ads,Leads,45-54,10/05/25,236469,13604,763,83002.51,15876.64
CMP-7156,Banco Azteca,Google Ads,Reconocimiento,45-54,12/02/25,365341,8209,771,68667.9,80723.93
CMP-2010,Banco Azteca,LinkedIn Ads,Reconocimiento,55+,10/08/25,64713,5429,774,15592.64,28753.97
CMP-1593,Liverpool,TikTok Ads,Reconocimiento,45-54,30/08/25,100690,3760,249,50441.38,3742.45
CMP-1877,Aeroméxico,YouTube Ads,Tráfico,25-34,13/08/25,373067,10638,266,65448.56,
CMP-8577,Cerveza Modelo,YouTube Ads,Conversión,45-54,08/06/25,227640,3387,613,32088.71,211864.84
CMP-4883,Liverpool,TIKTOK ADS,Reconocimiento,35-44,02/01/25,121376,974,286,42847.84,46130.61
CMP-3480,Bimbo,Facebook Ads,Reconocimiento,,10/10/25,441489,9178,154,28666.83,27376.11
CMP-7259,OnStar,LinkedIn Ads,reconocimiento,35-44,23/03/25,319496,6752,205,34163.39,43387.65
CMP-5729,Bimbo,LinkedIn Ads,alcance,18-24,04/05/25,29112,120,120,70829.75,45610.42
CMP-3835,GM Financial,Instagram Ads,Tráfico,18-24,06/09/25,305521,5626,397,39713.34,81155.56
CMP-8016, Banco Azteca  ,LinkedIn Ads,Tráfico,25-34,17/05/25,477389,4041,431,62686.74,142310.6
CMP-2641,Aeroméxico,Google Ads,Tráfico,35-44,04/02/25,106222,982,560,1714.64,73152.87
CMP-6527,Bimbo,LINKEDIN ADS,Alcance,25-34,08/04/25,419640,3026,759,5055.21,99716.83
CMP-10245,Liverpool,Facebook Ads,Leads,55+,15/05/25,211307,5776,659,7953.43,193689.64
CMP-9538,GM Financial,TikTok Ads,Tráfico,55+,26/02/25,36275,9070,242,77497.61,54433.76
CMP-5183,Cerveza Modelo,Facebook Ads,Tráfico,45-54,26/06/25,207220,14304,399,81658.96,
CMP-7449,Telcel,TikTok Ads,Tráfico,35-44,27/05/25,1319,1319,34,,19503.7
CMP-2279,Telcel,TikTok Ads,Reconocimiento,55+,18/09/25,215827,9167,246,50005.8,63974.92
CMP-1563,OnStar,Google Ads,Leads,,24/05/25,297511,7479,438,38128.07,63924.9
CMP-1124,OnStar,Instagram Ads,Reconocimiento,45-54,09/06/25,7602,7602,,13288.26,148294.04
CMP-7166,Liverpool,LinkedIn Ads,Alcance,25-34,07/05/25,44673,13066,489,60494.71,142092.42
CMP-9332,OnStar,TikTok Ads,Leads,35-44,11/05/25,135691,8560,746,84004.61,100898.92
CMP-6174,Telcel,LINKEDIN ADS,Conversión,35-44,23/10/25,70754,7427,195,,16345.51
CMP-5107,Cerveza Modelo,TikTok Ads,Leads,35-44,11/01/25,429373,8434,525,35816.42,168641.68
CMP-3076,GM Financial,LinkedIn Ads,Leads,55+,21/09/25,173472,12221,644,51469.71,206507.18
CMP-1978,Liverpool,Instagram Ads,Tráfico,25-34,26/06/25,266997,7089,564,44786.14,94777.57
CMP-9548,Liverpool,TikTok Ads,Tráfico,55+,18/08/25,45670,6277,382,82714.85,73963.43
CMP-2090,GM Financial,TikTok Ads,Alcance,25-34,03/06/25,141420,7277,387,14462.12,
CMP-2416,Cerveza Modelo,LinkedIn Ads,Reconocimiento,25-34,10/05/25,415700,12433,740,82154.38,212884.4
CMP-5201,Aeroméxico,TikTok Ads,reconocimiento,45-54,07/08/25,229583,5160,450,79708.77,177718.99
CMP-3675,Aeroméxico,Instagram Ads,alcance,18-24,10/02/25,211049,9936,259,51129.3,72805.7
CMP-5592,Telcel,INSTAGRAM ADS,Alcance,35-44,10/09/25,370548,9474,518,15398.22,178474.91
CMP-7385,Banco Azteca,Google Ads,Alcance,35-44,16/03/25,145748,13465,517,44962.15,91045.15
CMP-1255,Cerveza Modelo,YouTube Ads,Leads,25-34,07/02/25,368310,11429,368,79498.12,60524.46
CMP-2263,Telcel,LinkedIn Ads,Conversión,35-44,02/06/25,441274,7516,693,63765.23,186120.24
CMP-5422,Cerveza Modelo,Facebook Ads,Conversión,55+,12/06/25,152034,9599,745,62300.01,121780.43
CMP-1194, Aeroméxico  ,Facebook Ads,alcance,55+,20/07/25,447647,8682,125,71834.98,60788.35
CMP-9587,Bimbo,INSTAGRAM ADS,Tráfico,25-34,29/04/25,317532,4239,480,70045.85,45324.51
CMP-8683,Telcel,LinkedIn Ads,Alcance,18-24,12/02/25,303972,4598,352,33218.28,40126.78
CMP-10164, Bimbo  ,LinkedIn Ads,Leads,45-54,07/09/25,272057,4466,324,83791.11,38200.37
CMP-10199, Liverpool  ,TikTok Ads,reconocimiento,35-44,24/04/25,395720,3197,362,68699.32,219629.51
CMP-8124,Liverpool,TikTok Ads,Reconocimiento,18-24,22/02/25,52509,7324,753,78266.61,50692.06
CMP-3314,Aeroméxico,LINKEDIN ADS,Conversión,18-24,10/04/25,161462,8064,200,35710.07,194467.09
CMP-3756,Liverpool,LinkedIn Ads,Alcance,18-24,10/02/25,283784,4179,39,73578.1,149165.88
CMP-6382,Liverpool,LinkedIn Ads,Reconocimiento,35-44,15/08/25,124909,4047,194,61508.46,117175.43
CMP-7750, Bimbo  ,Facebook Ads,Alcance,25-34,10/09/25,489638,14579,93,67854.69,25244.56
CMP-9243,Liverpool,TikTok Ads,Conversión,35-44,13/03/25,344217,9732,214,,94447.06
CMP-6559,GM Financial,LINKEDIN ADS,Alcance,45-54,30/06/25,225116,10512,497,32327.38,206338.19
CMP-4539,OnStar,Facebook Ads,Conversión,45-54,22/01/25,354205,13023,278,43020.62,47259.98
CMP-8595,GM Financial,Google Ads,Reconocimiento,45-54,17/08/25,109027,9067,688,39558.27,187733.08
CMP-8244,Banco Azteca,Google Ads,Reconocimiento,25-34,05/06/25,275876,8688,225,4569.12,186134.51
CMP-3070,OnStar,LinkedIn Ads,Alcance,55+,20/08/25,44959,10473,10,37951.72,174883.92
CMP-7576,Banco Azteca,LinkedIn Ads,Conversión,25-34,05/05/25,81124,2039,164,42886.85,81716.39
CMP-8864,Cerveza Modelo,LinkedIn Ads,Tráfico,45-54,11/06/25,495898,11366,232,45264.45,74925.78
CMP-1584, Aeroméxico  ,Facebook Ads,Reconocimiento,25-34,28/08/25,134261,8052,689,80505.48,93664.71
CMP-10779,Bimbo,Facebook Ads,Reconocimiento,18-24,08/04/25,335550,7903,775,75960.02,194741.27
CMP-8941, Liverpool  ,YouTube Ads,Leads,45-54,22/09/25,86395,9527,682,48217.4,60587.73
CMP-8064,OnStar,LinkedIn Ads,Conversión,35-44,15/07/25,217100,10537,762,2369.79,166164.42
CMP-5951,Banco Azteca,GOOGLE ADS,Reconocimiento,,16/02/25,480141,10774,232,27970.25,141385.31
CMP-6293,Aeroméxico,LinkedIn Ads,Leads,25-34,02/05/25,327271,11549,337,3973.07,
CMP-8497,Telcel,LinkedIn Ads,Conversión,45-54,08/02/25,284277,8842,161,16765.58,75679.1
CMP-4427,Cerveza Modelo,Instagram Ads,Tráfico,35-44,06/04/25,137398,11641,750,43069.38,19836.74
CMP-2239,Telcel,TikTok Ads,Leads,45-54,04/07/25,273680,9331,314,27170.79,24388.6
CMP-2627,GM Financial,YouTube Ads,Alcance,55+,14/06/25,462707,4109,342,14732.63,138937.29
CMP-2212,Banco Azteca,LinkedIn Ads,leads,18-24,07/07/25,103094,524,524,42641.7,168223.88
CMP-9400,Telcel,Instagram Ads,Alcance,55+,28/08/25,270831,5734,176,16018.55,22042.15
CMP-5759,Telcel,Google Ads,Leads,45-54,14/07/25,416553,6476,576,9735.67,79713.72
CMP-1496,Liverpool,Instagram Ads,Leads,45-54,26/05/25,204458,13309,542,84962.88,11821.87
CMP-2961,Telcel,LINKEDIN ADS,Leads,18-24,21/05/25,419622,10674,337,21937.3,117620.09
CMP-7084, Telcel  ,TikTok Ads,Alcance,25-34,04/09/25,60752,13971,368,17894.86,160162.31
CMP-4911,Bimbo,TikTok Ads,Alcance,18-24,11/03/25,179702,117,117,6376.53,82880.57
CMP-10919,OnStar,Google Ads,Tráfico,18-24,13/06/25,143964,10871,178,50848.49,193749.89
CMP-8523,GM Financial,Instagram Ads,Alcance,25-34,07/08/25,464378,2590,245,18884.55,187871.85
CMP-8533,Telcel,TikTok Ads,Alcance,45-54,20/08/25,270925,1465,291,59964.01,111765.17
CMP-1004,Aeroméxico,Facebook Ads,Conversión,18-24,08/07/25,12090,12090,648,84980.48,973.32
CMP-1961,Banco Azteca,YOUTUBE ADS,Alcance,45-54,04/03/25,243254,8259,440,,187588.85
CMP-9893,Liverpool,TikTok Ads,Leads,18-24,25/05/25,95150,2945,222,46148.24,60536.87
CMP-8620,Aeroméxico,Google Ads,Alcance,45-54,19/05/25,109019,10429,384,20027.24,134110.15
CMP-2001,Liverpool,Google Ads,Alcance,45-54,24/05/25,137575,2798,185,30752.44,
CMP-9439, Liverpool  ,Instagram Ads,Leads,35-44,07/10/25,237300,6830,214,69734.81,126837.32
CMP-6438,Bimbo,TikTok Ads,Leads,45-54,10/05/25,499411,11041,172,2320.88,10531.89
CMP-10491,Telcel,LinkedIn Ads,Leads,25-34,05/01/25,137782,14760,111,51295.52,159005.11
CMP-10032,Banco Azteca,YouTube Ads,Alcance,35-44,28/07/25,271993,10530,271,29450.99,70087.65
CMP-10288, Liverpool  ,Instagram Ads,Reconocimiento,35-44,11/05/25,44106,6372,210,29911.49,218266.76
CMP-8271, Aeroméxico  ,TikTok Ads,Reconocimiento,25-34,12/09/25,417547,8541,557,55898.25,179932.26
CMP-10463,GM Financial,INSTAGRAM ADS,Alcance,55+,13/03/25,70297,11729,348,9382.39,6603.12
CMP-10103,OnStar,TikTok Ads,Reconocimiento,35-44,09/02/25,58553,13579,386,32395.08,213777.08
CMP-3676,GM Financial,Facebook Ads,Tráfico,35-44,08/02/25,381834,13914,641,,185343.6
CMP-7043,Cerveza Modelo,TikTok Ads,Alcance,45-54,10/01/25,108238,12531,437,,159924.28
CMP-7742,Telcel,LinkedIn Ads,Leads,25-34,06/05/25,223418,7366,176,69210.26,151478.4
CMP-1213, Liverpool  ,Facebook Ads,tráfico,25-34,22/04/25,394950,1556,657,8171.23,96646.96
CMP-7733, Aeroméxico  ,Facebook Ads,Reconocimiento,55+,27/10/25,406415,14243,552,37214.08,123807.11
CMP-10714,GM Financial,YouTube Ads,Leads,25-34,26/05/25,304148,10219,300,35569.31,60917.47
CMP-4457,Liverpool,TikTok Ads,Alcance,35-44,11/06/25,334779,3755,98,48758.91,186338.27
CMP-3185,OnStar,,Leads,55+,30/01/25,27775,1634,766,35272.71,63869.1
CMP-8656,OnStar,LinkedIn Ads,Alcance,55+,21/07/25,252632,1482,155,49610.45,120515.51
CMP-9080,Bimbo,YouTube Ads,leads,55+,28/01/25,122398,6212,421,22845.3,
CMP-4686,Banco Azteca,Google Ads,Tráfico,45-54,23/01/25,389346,7007,81,83990.15,134402.14
CMP-9634,Bimbo,YouTube Ads,Conversión,35-44,21/03/25,493745,6526,485,27792.19,57878.72
CMP-8715,Telcel,GOOGLE ADS,Conversión,55+,21/05/25,349331,12487,489,34432.8,8294.28
CMP-9193,GM Financial,TikTok Ads,Leads,45-54,21/05/25,461442,1133,91,16283.74,110505.2
CMP-8793,Cerveza Modelo,YouTube Ads,Tráfico,25-34,16/04/25,292642,12569,309,56397.32,85992.33
CMP-8323,Liverpool,TikTok Ads,reconocimiento,25-34,09/09/25,349741,12151,507,58179.77,100622.63
CMP-8129,OnStar,INSTAGRAM ADS,Tráfico,45-54,28/03/25,472434,6560,341,55194.43,41054.99
CMP-7512,Telcel,Google Ads,Conversión,45-54,16/02/25,362837,7397,450,,101971.47
CMP-8527,Aeroméxico,TikTok Ads,Tráfico,45-54,09/06/25,357112,8217,555,80050.83,128378.16
CMP-10495,Banco Azteca,Instagram Ads,Conversión,35-44,10/09/25,128482,14600,,58135.35,207327.26
CMP-2783, OnStar  ,Facebook Ads,Tráfico,25-34,21/05/25,439022,8399,379,36666.29,123693.3
CMP-3019,Banco Azteca,Google Ads,Alcance,25-34,27/03/25,199966,3600,567,24823.36,130865.66
CMP-9543,GM Financial,YouTube Ads,Reconocimiento,55+,19/06/25,316298,10656,463,44568.54,137238.37
CMP-4623,Aeroméxico,YouTube Ads,Reconocimiento,18-24,02/10/25,387055,1332,751,14887.76,150088.44
CMP-7937, GM Financial  ,TikTok Ads,Reconocimiento,18-24,13/09/25,368406,11235,367,65073.61,38346.61
CMP-9199,Bimbo,LinkedIn Ads,Tráfico,35-44,15/07/25,218862,4735,527,14871.33,48026.34
CMP-4065,Bimbo,YOUTUBE ADS,Alcance,25-34,15/08/25,324524,6309,776,708.48,111893.01
CMP-9075,Bimbo,LinkedIn Ads,Reconocimiento,45-54,02/10/25,328229,5190,562,84730.55,149360.82
CMP-2823,Telcel,YouTube Ads,Reconocimiento,35-44,09/06/25,282415,3139,414,41658.74,106383.98
CMP-3949,GM Financial,Google Ads,Leads,,22/06/25,143950,108,,17657.49,52678.79
CMP-1274,OnStar,TIKTOK ADS,Tráfico,45-54,07/06/25,129767,3709,290,26549.2,124603.9
CMP-2321,Liverpool,GOOGLE ADS,Leads,35-44,11/10/25,304376,1247,209,14204.89,116110.8
CMP-3620,Aeroméxico,GOOGLE ADS,alcance,45-54,27/05/25,373236,1144,150,56419.01,62553.26
CMP-9321,Telcel,Facebook Ads,Conversión,35-44,31/03/25,499666,3837,37,8043.85,103545.51
CMP-2488,Cerveza Modelo,FACEBOOK ADS,Alcance,25-34,02/04/25,448998,4527,240,11936.64,115400.35
CMP-3524,Telcel,Google Ads,Alcance,18-24,28/05/25,40972,12674,617,82062.76,53673.26
CMP-4529,Telcel,YouTube Ads,Leads,45-54,12/03/25,359673,9478,683,76996.79,66501.93
CMP-10095,OnStar,Google Ads,Tráfico,25-34,22/06/25,174769,6875,104,4794.42,33350.87
CMP-5596,OnStar,TikTok Ads,Tráfico,18-24,27/07/25,350199,9144,486,46623.52,147552.1
CMP-1668,Bimbo,YouTube Ads,Alcance,55+,30/09/25,481827,4502,775,28442,41714.81
CMP-9067,Bimbo,TIKTOK ADS,Alcance,18-24,14/03/25,266740,12320,296,,64431.09
CMP-7521,Telcel,Instagram Ads,alcance,18-24,23/06/25,62740,4893,128,16348.83,52813.82
CMP-2120,Telcel,LinkedIn Ads,Alcance,35-44,05/03/25,74563,12843,194,66409.79,
CMP-4728,Banco Azteca,Instagram Ads,Tráfico,45-54,30/05/25,1715,1715,280,58319.12,96822.51
CMP-1509, Liverpool  ,GOOGLE ADS,Reconocimiento,45-54,02/05/25,341423,4689,393,40581.64,17806.15
CMP-9491,GM Financial,Instagram Ads,Conversión,25-34,28/04/25,456866,3534,186,36917.04,150119
CMP-3335,Banco Azteca,LinkedIn Ads,Reconocimiento,35-44,11/03/25,426065,10313,65,23715.32,143721.01
CMP-2478,Liverpool,Facebook Ads,Conversión,18-24,24/09/25,174990,6861,3,51998.3,149452.05
CMP-5320,Bimbo,YOUTUBE ADS,Leads,45-54,30/07/25,498272,7903,536,27184.56,93674.07
CMP-1256,Banco Azteca,Instagram Ads,Leads,55+,18/08/25,398378,14446,152,55661.85,17213.31
CMP-7897,GM Financial,TikTok Ads,tráfico,25-34,29/07/25,415247,3924,39,25294.95,13238.54
CMP-5264,Liverpool,LINKEDIN ADS,Conversión,18-24,19/07/25,92838,6532,24,15383.18,98125.72
CMP-6900,OnStar,Google Ads,Alcance,45-54,29/06/25,270383,74,74,53039.73,150485
CMP-2972,GM Financial,Google Ads,Tráfico,25-34,21/05/25,424693,1084,766,22123.89,38223.37
CMP-10619,GM Financial,LinkedIn Ads,Leads,18-24,27/03/25,472879,13576,552,3249.17,56961.83
CMP-4738,Cerveza Modelo,Facebook Ads,Reconocimiento,25-34,20/07/25,284969,4836,708,29526.86,43797.61
CMP-5136,Telcel,TikTok Ads,Tráfico,25-34,07/08/25,318708,4049,68,15315.28,70337.94
CMP-1654,GM Financial,Google Ads,Conversión,18-24,21/10/25,199323,1925,106,22798.92,204005.22
CMP-10569,OnStar,TikTok Ads,Tráfico,25-34,24/09/25,143771,3403,29,63003.17,145165.42
CMP-4441,Liverpool,YouTube Ads,Leads,35-44,04/03/25,266687,3633,188,52755.37,159271.39
CMP-10655,Aeroméxico,Facebook Ads,Tráfico,18-24,29/01/25,297489,8191,173,15626.65,70112.19
CMP-2522,Cerveza Modelo,TIKTOK ADS,Alcance,25-34,27/07/25,475865,2784,474,71165.27,182916.91
CMP-8228,Liverpool,GOOGLE ADS,Alcance,25-34,13/04/25,368312,11570,711,77034.24,153531.69
CMP-2083,GM Financial,Google Ads,Reconocimiento,45-54,25/08/25,376499,8111,291,12460.88,207127.89
CMP-8477,Cerveza Modelo,LINKEDIN ADS,Leads,55+,29/07/25,73595,14068,319,30153.18,162335.4
CMP-4771,Telcel,YouTube Ads,Reconocimiento,18-24,09/10/25,316445,6875,106,39691.73,175861.33
CMP-2420,Telcel,TikTok Ads,Alcance,55+,27/01/25,82274,4003,764,20553.81,134023.12
CMP-9842,Liverpool,Instagram Ads,Conversión,25-34,03/07/25,108267,5366,576,22700.45,100082.38
CMP-3438,Bimbo,FACEBOOK ADS,conversión,55+,13/06/25,479077,12351,502,53699.59,90197.8
CMP-3611,GM Financial,YouTube Ads,Alcance,25-34,20/07/25,330852,5046,,64623.08,103520.17
CMP-8614,Bimbo,TikTok Ads,Alcance,45-54,12/07/25,413636,5722,508,16835.91,87863.36
CMP-1613,Cerveza Modelo,GOOGLE ADS,Leads,25-34,16/07/25,308576,10356,483,56758.16,142327.27
CMP-6184,Aeroméxico,TikTok Ads,Leads,55+,25/01/25,220763,10608,282,60093.87,159422.8
CMP-1745,Aeroméxico,YouTube Ads,Leads,35-44,11/07/25,477907,135,2,67974.93,120755.05
CMP-2891,OnStar,Instagram Ads,tráfico,45-54,25/05/25,343205,8913,770,15805.94,8844.54
CMP-2297, Cerveza Modelo  ,INSTAGRAM ADS,Tráfico,35-44,30/04/25,154400,832,249,81947.48,121091.1
CMP-8107,Banco Azteca,INSTAGRAM ADS,Leads,25-34,12/08/25,77984,10284,571,22863.71,139465.98
CMP-7821,Aeroméxico,GOOGLE ADS,Conversión,35-44,07/07/25,9328,9328,326,65640.9,12107.74
CMP-7910,GM Financial,INSTAGRAM ADS,Alcance,35-44,24/10/25,351167,8436,788,15105.29,178534.11
CMP-4368,Banco Azteca,Facebook Ads,tráfico,55+,10/03/25,362811,2540,165,,152911.64
CMP-3239,Cerveza Modelo,TikTok Ads,Tráfico,25-34,29/04/25,124369,10407,134,,110005.24
CMP-8376,Liverpool,YouTube Ads,Reconocimiento,35-44,10/09/25,188231,7346,108,76209.51,88282.7
CMP-2710,GM Financial,LINKEDIN ADS,Conversión,55+,23/03/25,468052,7922,277,82221.25,35647.37
CMP-3897,Liverpool,TikTok Ads,Conversión,35-44,24/04/25,398099,1308,536,47947.1,169139.62
CMP-8049,Liverpool,YouTube Ads,Leads,45-54,18/03/25,105117,11741,526,9389.62,53186.18
CMP-3439,Banco Azteca,Facebook Ads,Alcance,,26/03/25,408954,5132,658,67003.48,107249.65
CMP-5030,Telcel,Google Ads,Reconocimiento,25-34,30/05/25,310965,3004,463,44715.92,42595.42
CMP-7157,OnStar,LinkedIn Ads,Alcance,45-54,19/10/25,196362,7029,612,63553.13,161717.4
CMP-7707,Cerveza Modelo,LinkedIn Ads,Conversión,45-54,24/04/25,397234,14853,518,14086.28,216359.08
CMP-8269, Liverpool  ,Google Ads,Alcance,35-44,10/07/25,326091,7539,432,73483.3,120864.14
CMP-3602,Liverpool,TikTok Ads,Alcance,45-54,25/09/25,437961,10860,587,78582.63,64883.4
CMP-5171,GM Financial,TikTok Ads,Tráfico,,06/04/25,171593,8441,687,9283.4,54537.52
CMP-5207,OnStar,Instagram Ads,Tráfico,45-54,06/07/25,436437,13719,390,48268.71,104581.79
CMP-7282,Liverpool,YouTube Ads,Reconocimiento,45-54,09/03/25,438221,14598,632,2712.28,50567.65
CMP-8445,GM Financial,GOOGLE ADS,Leads,35-44,16/05/25,186135,6260,281,36199.92,57165.46
CMP-5151, GM Financial  ,Google Ads,reconocimiento,,18/03/25,365919,14267,402,69007.85,130776.18
CMP-5568,GM Financial,TikTok Ads,Conversión,55+,29/08/25,281112,877,175,53212.69,15417.3
CMP-7772,Banco Azteca,TikTok Ads,Alcance,45-54,16/04/25,238826,3893,646,60333.71,217558.4
CMP-4104,OnStar,Facebook Ads,Tráfico,45-54,13/01/25,143731,13356,716,64435.56,93885.44
CMP-10933,Bimbo,YouTube Ads,Reconocimiento,,10/06/25,105120,13885,,4817.56,28140.62
CMP-6698,Liverpool,TikTok Ads,Tráfico,45-54,24/07/25,487496,2051,212,23516.24,140267.98
CMP-7723,Liverpool,LinkedIn Ads,Leads,25-34,29/07/25,217062,13869,450,13544.17,45459.28
CMP-10706,Liverpool,Google Ads,Leads,45-54,02/10/25,158873,10297,30,70616.86,67769.75
CMP-2664,Aeroméxico,TikTok Ads,Tráfico,18-24,31/05/25,422815,834,755,10851.38,93843.07
CMP-9040,Cerveza Modelo,Google Ads,Tráfico,25-34,16/05/25,403313,797,82,65317.35,98709.15
CMP-6406,OnStar,,Leads,25-34,20/03/25,24392,1449,640,60943.7,169045.49
CMP-4760,Cerveza Modelo,Instagram Ads,Leads,25-34,03/04/25,82951,12060,226,42997.72,107924.85
CMP-4886,Cerveza Modelo,,Leads,18-24,26/05/25,439651,14305,120,4392.67,41728.66
CMP-6679,Bimbo,YouTube Ads,Conversión,35-44,02/07/25,103325,8416,354,72862.98,208930.82
CMP-6530,Aeroméxico,Facebook Ads,Reconocimiento,25-34,22/04/25,84185,11293,179,10150.34,164925.99
CMP-7871,Liverpool,TikTok Ads,Conversión,55+,20/05/25,299172,3813,64,57338.16,91062.18
CMP-9885,Telcel,Google Ads,Leads,25-34,15/05/25,253390,10088,677,46873.23,76187.7
CMP-7256,GM Financial,Instagram Ads,Alcance,,08/08/25,241879,5766,122,32754.41,207283.3
CMP-9680, Bimbo  ,Facebook Ads,Tráfico,55+,20/03/25,180517,9367,779,4128.94,122548.83
CMP-8226, Telcel  ,TikTok Ads,Alcance,,18/09/25,14700,4934,631,74830.37,53636.55
CMP-4119,Cerveza Modelo,Facebook Ads,Leads,35-44,16/08/25,7620,7620,523,6978.31,60033.65
CMP-4952,Telcel,YouTube Ads,Alcance,18-24,13/09/25,317968,4870,239,56750.47,169723.83
CMP-8400,Bimbo,LINKEDIN ADS,Conversión,35-44,19/10/25,196898,690,89,10540.5,119217.75
CMP-10784, Telcel  ,TikTok Ads,Leads,45-54,13/03/25,391664,11721,446,78201.36,201644.45
CMP-3853,Liverpool,Instagram Ads,Alcance,45-54,20/05/25,98020,3284,693,44574.48,124753.85
CMP-10049,Liverpool,TIKTOK ADS,Reconocimiento,25-34,25/02/25,191739,6468,484,70680.77,158902.06
CMP-8175, OnStar  ,FACEBOOK ADS,reconocimiento,25-34,29/05/25,100199,12714,,50117.5,133875.58
CMP-7779,Liverpool,TikTok Ads,reconocimiento,18-24,12/09/25,132710,2673,90,3294.8,200335.71
CMP-5977,Aeroméxico,Facebook Ads,Reconocimiento,18-24,25/08/25,159812,2926,607,,190371.17
CMP-8845, Bimbo  ,Instagram Ads,Tráfico,45-54,02/02/25,69566,370,18,47186.94,214972.99
CMP-9007,Bimbo,YouTube Ads,Alcance,45-54,01/07/25,214555,12971,58,47521.11,175901.84
CMP-1918,OnStar,Google Ads,Alcance,35-44,19/10/25,226563,11630,30,71051.77,191160.96
CMP-7947,Telcel,TikTok Ads,Alcance,25-34,17/01/25,416570,2136,225,69389.97,120348.81
CMP-1038,GM Financial,Google Ads,Conversión,55+,14/01/25,382022,5789,,48806.51,153086.09
CMP-8420,GM Financial,TikTok Ads,Alcance,,26/03/25,4485,4485,421,34890.24,38922.76
CMP-1971,Telcel,YouTube Ads,Leads,55+,28/06/25,91407,9222,535,30137.48,27132.87
CMP-5833,GM Financial,TikTok Ads,Leads,55+,14/03/25,421823,6689,283,67787.46,142030.48
CMP-6723,Cerveza Modelo,Google Ads,Conversión,55+,28/04/25,456903,5230,145,24742.26,
CMP-7388,Banco Azteca,Instagram Ads,alcance,35-44,11/03/25,19626,2834,56,34748.08,72533.93
CMP-8105,Liverpool,LINKEDIN ADS,Reconocimiento,18-24,12/10/25,211703,5121,362,58077.81,111301.6
CMP-1958,OnStar,YouTube Ads,Conversión,55+,27/04/25,284442,14807,291,26235.02,122622.63
CMP-7216,Cerveza Modelo,Facebook Ads,Conversión,18-24,16/07/25,449430,12504,479,50502.66,179022.66
CMP-4819, Telcel  ,LinkedIn Ads,Conversión,18-24,23/03/25,235457,5822,255,7300.57,177072.83
CMP-7826,GM Financial,Google Ads,Alcance,45-54,16/01/25,109372,1275,139,74290.42,46650.4
CMP-8905,Cerveza Modelo,Facebook Ads,Alcance,55+,02/02/25,139627,14676,332,44507.73,109402.88
CMP-2400,OnStar,Facebook Ads,Alcance,35-44,29/01/25,195000,11528,783,42577.08,43795.72
CMP-10404,Telcel,Google Ads,Alcance,25-34,12/01/25,492778,11543,416,2433.45,58370.05
CMP-7837,OnStar,TikTok Ads,Alcance,45-54,13/05/25,461887,13294,133,75223.4,16360.59
CMP-3053,GM Financial,TIKTOK ADS,Alcance,18-24,09/08/25,348294,2852,716,29133.23,153826.37
CMP-4480,Liverpool,LinkedIn Ads,Reconocimiento,55+,24/03/25,113535,13416,545,79069.28,62066.53
CMP-9956,Telcel,YouTube Ads,Reconocimiento,18-24,30/01/25,235808,4981,155,64787.96,109885.6
CMP-6942,OnStar,TikTok Ads,Alcance,25-34,02/10/25,355415,12288,611,78793.4,72981.29
CMP-10178,OnStar,LinkedIn Ads,Leads,18-24,01/03/25,200387,14561,57,31675.8,54361.37
CMP-6643,GM Financial,Instagram Ads,leads,35-44,03/03/25,121209,2231,31,32714.56,11985.49
CMP-6882,Telcel,Instagram Ads,Conversión,55+,30/08/25,266669,7826,385,63003.99,201690.71
CMP-2007,Telcel,LinkedIn Ads,Leads,45-54,13/07/25,476957,1420,303,80631.06,84438.15
CMP-8281,Aeroméxico,LinkedIn Ads,Tráfico,45-54,15/09/25,160466,8625,33,54803.31,207097.16
CMP-6863, GM Financial  ,Google Ads,Reconocimiento,18-24,10/09/25,155521,9120,441,45371.5,46494.96
CMP-8735,GM Financial,TikTok Ads,Leads,55+,02/04/25,300980,200,200,69733.13,149376.73
CMP-8023, Liverpool  ,GOOGLE ADS,Reconocimiento,45-54,27/07/25,63715,5339,232,81885.74,44542.2
CMP-1943,Bimbo,Instagram Ads,Reconocimiento,35-44,20/02/25,468929,6827,402,22654.33,162544.64
CMP-2777,Telcel,FACEBOOK ADS,reconocimiento,,05/02/25,407123,6238,791,59367.55,69681.94
CMP-5356,Telcel,Instagram Ads,Leads,18-24,01/04/25,169162,3662,435,56373.75,122333.31
CMP-9062,Cerveza Modelo,GOOGLE ADS,Conversión,55+,17/02/25,218710,5515,266,52467.11,26652.06
CMP-1515,Banco Azteca,Instagram Ads,Leads,35-44,25/05/25,178758,897,353,57240.27,200895.68
CMP-10414,Cerveza Modelo,Google Ads,Reconocimiento,55+,04/01/25,461666,12619,646,47980.04,127321.08
CMP-9350,GM Financial,Google Ads,Conversión,35-44,17/04/25,150232,993,630,3193.67,32113.01
CMP-3443,Banco Azteca,TikTok Ads,Tráfico,45-54,26/08/25,434392,618,618,22516.57,17088.84
CMP-7996,Cerveza Modelo,FACEBOOK ADS,Conversión,45-54,18/09/25,273672,7078,564,13154.99,83409.78
CMP-9415,Cerveza Modelo,FACEBOOK ADS,Reconocimiento,25-34,11/08/25,461014,8676,374,4178.56,121952.67
CMP-6648,GM Financial,LinkedIn Ads,Tráfico,35-44,10/05/25,55607,2522,698,48051.97,184328.98
CMP-8120,Liverpool,TikTok Ads,Leads,55+,17/05/25,232261,12937,2,2749.71,42740.33
CMP-9535,Liverpool,Instagram Ads,Conversión,18-24,18/02/25,476356,3951,162,,27443.29
CMP-5179,OnStar,LinkedIn Ads,conversión,55+,09/04/25,263823,6324,685,19232.84,65389.43
CMP-10886,Bimbo,LINKEDIN ADS,Conversión,45-54,25/02/25,190093,5792,779,39643.67,51434.75
CMP-1221, GM Financial  ,INSTAGRAM ADS,Alcance,25-34,21/08/25,21981,1410,621,42062.92,120488.03
CMP-8215,Telcel,YouTube Ads,Tráfico,18-24,11/02/25,300478,3890,213,79572.73,150412.23
CMP-2180,Aeroméxico,LinkedIn Ads,Leads,55+,22/03/25,214123,6600,653,69211.33,35780.64
CMP-10079,Telcel,Instagram Ads,Alcance,55+,17/01/25,149064,4531,552,50433.69,189546.46
CMP-9306,Liverpool,Google Ads,leads,25-34,27/08/25,121419,3021,779,8387.17,169924.53
CMP-6903,Bimbo,Google Ads,Leads,35-44,09/10/25,351044,5918,503,58092.88,118811.86
CMP-2827,Telcel,TikTok Ads,Reconocimiento,,18/03/25,19799,7408,157,51604.84,72200.77
CMP-9360,Cerveza Modelo,Google Ads,Tráfico,25-34,03/07/25,473468,7488,302,58945.37,170768.92
CMP-4043, GM Financial  ,TikTok Ads,Leads,18-24,24/06/25,205029,8357,425,63770.56,208385.17
CMP-8481,Banco Azteca,TikTok Ads,Tráfico,55+,27/03/25,138580,14285,412,62062.4,144284.21
CMP-8185,Telcel,TikTok Ads,Tráfico,18-24,08/03/25,469638,5510,370,30608.61,26616.99
CMP-2986,Cerveza Modelo,TIKTOK ADS,Leads,55+,24/09/25,432389,7506,257,7020.99,96511.32
CMP-7523,Aeroméxico,Instagram Ads,Tráfico,25-34,21/09/25,466952,7141,74,9451.87,51421.45
CMP-10100, Bimbo  ,LinkedIn Ads,Tráfico,35-44,16/08/25,114952,5090,485,77525.27,117048.93
CMP-8926,Bimbo,Google Ads,Tráfico,35-44,14/10/25,69407,1855,202,55543.01,152821.48
CMP-4136,Telcel,Instagram Ads,Reconocimiento,18-24,11/06/25,462714,9886,418,54203.3,41385.34
CMP-9707,OnStar,TikTok Ads,Reconocimiento,18-24,17/08/25,7177,7177,420,56313.82,217117.49
CMP-5344,OnStar,Instagram Ads,Leads,25-34,29/05/25,134928,8673,203,54108.96,
CMP-9365,Bimbo,Instagram Ads,Conversión,,10/09/25,34679,4632,432,72680.06,
CMP-1204,Cerveza Modelo,YouTube Ads,Reconocimiento,35-44,08/02/25,160200,9112,594,10700.89,
CMP-7453,Aeroméxico,Google Ads,Conversión,25-34,28/06/25,184344,8934,219,78163.24,111792.83
CMP-3012,Liverpool,YOUTUBE ADS,Conversión,18-24,03/03/25,141465,10352,307,28182.89,187320.1
CMP-5835, GM Financial  ,TikTok Ads,Reconocimiento,35-44,17/09/25,276109,13702,482,27099.98,47257.74
CMP-9500, Liverpool  ,TIKTOK ADS,Reconocimiento,55+,19/10/25,441576,824,232,60618.04,9537.38
CMP-9277,Aeroméxico,TikTok Ads,Tráfico,55+,11/09/25,408878,6325,795,27868.96,14736.06
CMP-7534,Aeroméxico,INSTAGRAM ADS,reconocimiento,45-54,06/09/25,153695,6998,622,64931.56,116451.49
CMP-9559,Cerveza Modelo,Instagram Ads,Leads,55+,02/08/25,148037,14241,182,59919.17,66184.17
CMP-4287,Telcel,LinkedIn Ads,Reconocimiento,55+,22/06/25,450683,3103,297,34780.12,16044.78
CMP-8528,GM Financial,Facebook Ads,leads,18-24,24/09/25,61489,11701,620,36856.03,21673.8
CMP-9613,Telcel,Google Ads,Leads,18-24,02/01/25,233803,2630,202,74188.67,158501.62
CMP-10489,OnStar,LINKEDIN ADS,Reconocimiento,55+,23/07/25,245381,11125,642,41620.36,164155.17
CMP-8813,Bimbo,YouTube Ads,Reconocimiento,45-54,20/07/25,207978,5754,583,59640.93,202892.33
CMP-9597,Bimbo,YouTube Ads,Conversión,25-34,12/05/25,490017,9626,591,41316.31,28054.2
CMP-5435,Bimbo,TikTok Ads,Tráfico,25-34,27/02/25,273041,3575,93,9108.64,106411.26
CMP-10910, Aeroméxico  ,LinkedIn Ads,Reconocimiento,55+,20/08/25,457690,5140,611,46278.47,6242.25
CMP-5749,Telcel,Facebook Ads,Leads,55+,22/06/25,33989,3204,93,47857.76,132250.9
CMP-7423,Cerveza Modelo,Google Ads,Alcance,35-44,23/03/25,459426,232,57,8014.13,207616.91
CMP-3634,Aeroméxico,YouTube Ads,Alcance,55+,13/07/25,371441,467,350,7664.35,25013.14
CMP-1488,Banco Azteca,LinkedIn Ads,Reconocimiento,18-24,05/07/25,214251,2752,646,24488.51,113701.1
CMP-2684,GM Financial,TikTok Ads,Alcance,18-24,16/10/25,93853,5626,575,19564.24,89930.76
CMP-4869,Telcel,YouTube Ads,Leads,35-44,16/01/25,241013,692,678,79939.2,34257.81
CMP-8903,GM Financial,Instagram Ads,Reconocimiento,18-24,03/02/25,38122,13146,570,39918.16,71894.59
CMP-9511,Aeroméxico,Google Ads,Alcance,35-44,07/02/25,254268,6423,731,60041.29,115533.62
CMP-5043,Bimbo,Google Ads,Tráfico,18-24,04/06/25,439288,7489,730,9935.06,191339.83
CMP-8008,GM Financial,Facebook Ads,leads,,16/01/25,2618,2618,392,5256.8,134041.38
CMP-8886,Bimbo,LINKEDIN ADS,Alcance,55+,23/07/25,187365,9383,376,21342.51,167120.74
CMP-3940,Cerveza Modelo,TikTok Ads,Conversión,35-44,14/04/25,378530,6552,315,,
CMP-2409,GM Financial,Google Ads,Reconocimiento,18-24,09/04/25,498035,573,128,70537.84,57859.84
CMP-8347,Cerveza Modelo,Instagram Ads,Tráfico,,23/04/25,323771,9572,749,2131.06,180131.14
CMP-2128, OnStar  ,TikTok Ads,Leads,25-34,24/09/25,46685,7539,719,7130.91,121151.36
CMP-6817,Aeroméxico,YouTube Ads,Conversión,45-54,29/05/25,489094,11745,601,17468.41,
CMP-4056,Liverpool,LinkedIn Ads,Alcance,35-44,30/07/25,212203,13323,443,43090.66,
CMP-10969,Cerveza Modelo,TikTok Ads,Tráfico,45-54,12/02/25,75060,7264,404,25659.98,103766.52
CMP-1514,Banco Azteca,Google Ads,Alcance,35-44,16/05/25,315890,11537,411,33887.3,
CMP-7650,Bimbo,Google Ads,Reconocimiento,55+,19/04/25,293725,7389,273,66496.23,116330.48
CMP-9392,Aeroméxico,LinkedIn Ads,Leads,25-34,19/07/25,382235,12155,191,43435.67,156209.98
CMP-3772,Telcel,FACEBOOK ADS,Conversión,55+,28/05/25,273007,13230,595,,190647.95
CMP-2802,Bimbo,LinkedIn Ads,Alcance,18-24,19/02/25,200529,252,252,10454.78,107085.61
CMP-7213,Banco Azteca,Facebook Ads,Reconocimiento,45-54,22/03/25,26716,2930,275,6562.37,132059.9
CMP-10309,Telcel,YouTube Ads,Reconocimiento,35-44,10/08/25,495813,13377,143,76348.65,217099.63
CMP-2431,Liverpool,LinkedIn Ads,Leads,25-34,11/06/25,411189,2329,317,71321.83,73991.13
CMP-8367,Telcel,LinkedIn Ads,Reconocimiento,18-24,11/01/25,259958,8694,141,78247.55,55541.88
CMP-6934,GM Financial,LinkedIn Ads,Tráfico,25-34,13/06/25,157178,6478,262,25264.6,181324.1
CMP-1250,Bimbo,Facebook Ads,Alcance,45-54,02/02/25,450338,4404,364,30018.89,
CMP-4478,Banco Azteca,YouTube Ads,Leads,18-24,24/04/25,414995,420,420,26421.82,
CMP-5994,GM Financial,LinkedIn Ads,Leads,25-34,03/09/25,477446,3375,451,76235.2,57695
CMP-4032,Liverpool,Instagram Ads,Tráfico,35-44,21/05/25,6656,6656,683,39469.23,154525.78
CMP-7834,Banco Azteca,LINKEDIN ADS,Alcance,18-24,08/08/25,292574,12054,583,36735.83,95042.78
CMP-1248,Cerveza Modelo,YouTube Ads,Conversión,35-44,14/07/25,223939,9586,655,31275.79,
CMP-3149,GM Financial,Google Ads,Conversión,18-24,25/09/25,12470,10766,707,69647.84,103960.36
CMP-8409,Cerveza Modelo,Google Ads,Reconocimiento,45-54,11/08/25,56266,9107,672,39128.99,174416.99
CMP-10864,Bimbo,YouTube Ads,Leads,25-34,26/07/25,379446,6891,730,3887.48,98308.01
CMP-1576,Cerveza Modelo,Instagram Ads,Reconocimiento,35-44,08/08/25,450374,8968,392,68667.69,162615.6
CMP-1947,GM Financial,Instagram Ads,Conversión,25-34,02/08/25,425090,5466,420,9320.05,24450.06
CMP-3727,OnStar,Instagram Ads,reconocimiento,45-54,27/04/25,234929,10971,7,31375.27,121886.78
CMP-1484,Cerveza Modelo,TIKTOK ADS,Tráfico,55+,08/02/25,431503,4109,580,76126.11,207445.76
CMP-6129,Aeroméxico,TikTok Ads,Alcance,25-34,29/06/25,384568,9082,294,6788.04,55888.91
CMP-9436,Liverpool,YouTube Ads,Alcance,55+,20/04/25,447995,12479,159,20292.82,
CMP-1369, Bimbo  ,Instagram Ads,Reconocimiento,45-54,30/03/25,97282,5184,534,57777.86,140477.49
CMP-5499,Telcel,YouTube Ads,Conversión,45-54,03/04/25,268868,14713,735,31397.74,214171.03
CMP-2388,Bimbo,Google Ads,tráfico,25-34,22/01/25,337362,2692,181,28419.48,105644.2
CMP-9397,Liverpool,TIKTOK ADS,Tráfico,55+,01/07/25,211093,13184,110,22338.58,105712.84
CMP-9838,OnStar,Google Ads,Tráfico,25-34,15/06/25,464953,4649,3,20983.13,124012.78
CMP-8483,Aeroméxico,Instagram Ads,Conversión,45-54,01/05/25,238596,126,126,,63301.37
CMP-1780,Banco Azteca,TikTok Ads,Reconocimiento,55+,16/10/25,309998,12289,369,65847.05,12746.73
CMP-5536,Banco Azteca,YouTube Ads,Conversión,45-54,05/05/25,18767,8178,782,23649.06,210625.98
CMP-7113,Liverpool,Google Ads,Leads,25-34,06/02/25,232911,11471,135,3710.72,83265.91
CMP-7762, Liverpool  ,LinkedIn Ads,conversión,25-34,03/09/25,356265,333,82,29444.15,451.2
CMP-3150,Cerveza Modelo,Google Ads,Leads,25-34,21/08/25,69300,10772,177,26241.96,124749.73
CMP-2350,Telcel,Google Ads,Tráfico,18-24,23/08/25,350956,7060,328,59653.25,36244.61
CMP-6331,Banco Azteca,YouTube Ads,Conversión,55+,05/02/25,393734,3276,703,27020.74,
CMP-2214,Aeroméxico,YouTube Ads,Leads,18-24,11/05/25,6147,4210,98,38872.93,215321.07
CMP-2227,Telcel,Instagram Ads,Leads,25-34,03/02/25,137214,14604,475,13150.04,6952.1
CMP-8641,Aeroméxico,Facebook Ads,Leads,18-24,25/02/25,211962,9606,53,23948.52,
CMP-5628, OnStar  ,TikTok Ads,Alcance,45-54,03/02/25,88941,12277,497,36477.12,102998.91
CMP-2705,Liverpool,LinkedIn Ads,Tráfico,55+,08/04/25,465704,4928,154,26598.49,160702.74
CMP-6659,Liverpool,Facebook Ads,Conversión,45-54,15/03/25,440015,3848,209,30977.93,207407.15
CMP-2682,Telcel,Facebook Ads,Reconocimiento,35-44,20/08/25,107073,11406,527,34629.81,88226.86
CMP-7070,OnStar,GOOGLE ADS,Reconocimiento,25-34,08/09/25,28381,6930,722,28949.88,145856.48
CMP-2136,GM Financial,LinkedIn Ads,Conversión,45-54,15/08/25,104858,2984,799,62221.35,214673.79
CMP-4359,Telcel,LinkedIn Ads,Reconocimiento,55+,13/06/25,133353,11635,676,35055.14,58769.17
CMP-8419,Bimbo,YOUTUBE ADS,Conversión,45-54,02/06/25,27564,9662,324,17023.46,81545.63
CMP-2368,Cerveza Modelo,Facebook Ads,Reconocimiento,55+,23/04/25,243373,9064,664,22794.1,35289.28
CMP-1372,Cerveza Modelo,TIKTOK ADS,Alcance,45-54,08/07/25,356628,12183,120,,101254.91
CMP-7985,Telcel,YOUTUBE ADS,Tráfico,45-54,25/01/25,489802,12438,681,7554.09,3546.81
CMP-9099,Banco Azteca,YouTube Ads,Leads,18-24,12/08/25,293442,5853,717,52241.37,91556.68
CMP-2905,Cerveza Modelo,Facebook Ads,Reconocimiento,18-24,29/05/25,388577,11772,273,24390.36,53961.5
CMP-6612,Bimbo,YouTube Ads,Alcance,55+,01/02/25,95355,7050,64,55671.84,181809.42
CMP-9988,Cerveza Modelo,Google Ads,Tráfico,55+,16/09/25,184873,14147,526,57051.33,64721.11
CMP-9698,OnStar,TikTok Ads,Alcance,55+,10/04/25,262480,11831,346,56290.23,217330.47
CMP-10516,GM Financial,Instagram Ads,Conversión,55+,29/06/25,443648,8386,364,10418.31,121657.08
CMP-8334,Bimbo,Facebook Ads,Reconocimiento,45-54,07/02/25,50691,120,120,64291.24,
CMP-8736,Aeroméxico,YouTube Ads,Alcance,35-44,18/05/25,327241,5591,245,61418.92,111984.39
CMP-8131,Bimbo,Instagram Ads,Conversión,45-54,11/04/25,178778,5343,777,73426.16,51082.38
CMP-2939, GM Financial  ,LINKEDIN ADS,Leads,18-24,14/05/25,4879,4879,172,77117.34,6235.46
CMP-2535,Telcel,YouTube Ads,Tráfico,45-54,27/05/25,11761,5437,684,40738.55,194652.49
CMP-5360,Cerveza Modelo,LINKEDIN ADS,Alcance,18-24,02/08/25,83925,12593,662,50949.58,100400.14
CMP-9357,Bimbo,LinkedIn Ads,Conversión,45-54,05/05/25,363549,12895,284,64504.36,166766.57
CMP-9924, Liverpool  ,Facebook Ads,Alcance,55+,29/09/25,116660,6359,621,3766.4,91244.47
CMP-7047,GM Financial,YouTube Ads,Conversión,45-54,03/08/25,115443,6749,796,11376.03,115524.6
CMP-7539,Liverpool,Facebook Ads,Tráfico,18-24,03/06/25,97979,7893,154,71787.69,59985.16
CMP-10664,GM Financial,Facebook Ads,leads,55+,25/08/25,58169,3443,532,78512.26,62723.44
CMP-7666, Bimbo  ,TikTok Ads,Leads,18-24,12/10/25,368237,4170,104,58319.55,59619.74
CMP-4178,Cerveza Modelo,Facebook Ads,Conversión,25-34,05/10/25,362636,493,387,83302.01,30717.78
CMP-5594,Cerveza Modelo,YouTube Ads,Tráfico,25-34,08/01/25,262078,14663,306,58563.65,10192.52
CMP-6738,Banco Azteca,INSTAGRAM ADS,Leads,18-24,21/08/25,286219,634,445,42942.82,121557.64
CMP-9420,OnStar,Google Ads,Alcance,45-54,07/09/25,262646,13708,304,66602,10269.94
CMP-2554,Aeroméxico,LinkedIn Ads,Tráfico,35-44,26/07/25,338357,7940,726,71095.01,179215.66
CMP-10813,Telcel,TikTok Ads,alcance,55+,19/06/25,139240,2600,526,34822.14,96989.87
CMP-6687,Telcel,Google Ads,Reconocimiento,18-24,23/03/25,445734,3254,610,15114.43,37301.15
CMP-7940,Cerveza Modelo,YouTube Ads,alcance,55+,28/03/25,228264,10482,257,58999.46,168876.01
CMP-6147, Cerveza Modelo  ,LinkedIn Ads,Alcance,45-54,02/08/25,258127,4032,723,29151.54,203088.81
CMP-5133,Bimbo,Google Ads,reconocimiento,25-34,09/02/25,108419,2931,523,29532.31,140322.53
CMP-5471,OnStar,YouTube Ads,Reconocimiento,18-24,13/07/25,216808,10231,536,30409.04,102408.64
CMP-5091,GM Financial,Instagram Ads,alcance,18-24,18/05/25,58176,9789,285,5814.65,202257.87
CMP-3981,Cerveza Modelo,FACEBOOK ADS,Alcance,45-54,02/10/25,328429,4396,163,13873.18,148199.8
CMP-3443,Banco Azteca,TikTok Ads,Tráfico,45-54,26/08/25,434392,618,618,22516.57,17088.84
CMP-2051, Bimbo  ,Google Ads,Leads,45-54,05/02/25,289641,6673,120,33112.18,63994.42
CMP-9941, Bimbo  ,Google Ads,Conversión,18-24,20/06/25,462351,7520,614,29058.98,211719.72
CMP-8054, Aeroméxico  ,Instagram Ads,Conversión,25-34,18/01/25,406873,8861,732,51342.53,199356.45
CMP-2459,Telcel,LinkedIn Ads,Alcance,55+,16/08/25,209958,11047,769,65207.15,44463.94
CMP-9155,GM Financial,GOOGLE ADS,Reconocimiento,,12/04/25,76676,7179,476,34370.05,178679.92
CMP-3975,Liverpool,LinkedIn Ads,Conversión,35-44,22/10/25,31635,14985,551,31129.39,37215.07
CMP-4994,Banco Azteca,TikTok Ads,Alcance,45-54,04/10/25,399879,11014,349,8288.79,205589.97
CMP-2140,Telcel,INSTAGRAM ADS,Conversión,25-34,01/06/25,342607,14548,358,22370.86,204833.12
CMP-2505,Aeroméxico,YouTube Ads,Conversión,35-44,02/05/25,380818,10548,66,73301.57,61150.89
CMP-5150,Aeroméxico,TIKTOK ADS,Leads,35-44,17/08/25,264613,7311,380,48600.99,39367.99
CMP-3546,Bimbo,TikTok Ads,Conversión,18-24,08/09/25,286751,2814,119,20054.23,61176.25
CMP-10244,Liverpool,LinkedIn Ads,conversión,45-54,14/09/25,190509,425,,17840.8,162157.76
CMP-4445,GM Financial,LinkedIn Ads,Tráfico,55+,19/04/25,443452,8889,359,37613.35,56452.69
CMP-10459,Bimbo,TikTok Ads,Tráfico,18-24,07/07/25,442832,10686,,77867.69,115190.08
CMP-8116, Telcel  ,YouTube Ads,Alcance,55+,15/10/25,167175,10694,180,75884.24,93730.57
CMP-4894,Telcel,Google Ads,Tráfico,45-54,02/03/25,2946,2946,444,,193128.63
CMP-4689,Cerveza Modelo,Facebook Ads,Reconocimiento,55+,02/03/25,342042,5532,60,66703.67,215284.85
CMP-9637,Banco Azteca,YouTube Ads,Conversión,55+,14/10/25,255851,1671,601,25357.9,
CMP-7595, Telcel  ,Instagram Ads,Reconocimiento,45-54,16/09/25,424338,13944,626,17332,109007.03
CMP-1083,Bimbo,Instagram Ads,Leads,18-24,18/09/25,39738,13477,795,5568.4,172666.64
CMP-5025,GM Financial,Facebook Ads,Leads,45-54,18/08/25,97099,14942,157,61086.44,24528.75
CMP-9144,Telcel,Facebook Ads,Tráfico,35-44,24/02/25,193050,12906,798,,60743.3
CMP-8132,Telcel,Google Ads,Conversión,18-24,14/06/25,125862,2672,139,54539.65,32984.57
CMP-4170,Banco Azteca,TikTok Ads,Leads,25-34,31/03/25,103772,12041,120,3793.34,27942.78
CMP-5466,Aeroméxico,YouTube Ads,Alcance,45-54,27/07/25,77298,5233,153,84160.42,216336.08
CMP-9257,Cerveza Modelo,GOOGLE ADS,Reconocimiento,35-44,26/07/25,187405,10774,501,10676.06,101326.3
CMP-5337,Cerveza Modelo,YOUTUBE ADS,Leads,45-54,25/06/25,153888,8108,386,43440.85,83627.81
CMP-8252,OnStar,FACEBOOK ADS,Leads,35-44,17/10/25,335533,4009,192,59957.77,132150.31
CMP-5101,Liverpool,TikTok Ads,Tráfico,18-24,04/01/25,157365,4181,299,2057.92,145336.98
CMP-10154,Liverpool,Instagram Ads,Tráfico,55+,15/06/25,305589,8741,662,72375.31,
CMP-5834,Telcel,YouTube Ads,Alcance,35-44,16/06/25,404268,10292,106,6388.71,115301.82
CMP-9822,Bimbo,LinkedIn Ads,Leads,25-34,16/08/25,162261,1227,213,45099.27,64121.81
CMP-4486,Telcel,Instagram Ads,Leads,25-34,06/05/25,393480,8858,369,63759.39,33912.65
CMP-4244,Cerveza Modelo,YouTube Ads,Tráfico,35-44,30/03/25,31988,14244,316,50152.81,168752.91
CMP-8558,Bimbo,,Tráfico,45-54,25/01/25,231153,11664,285,35158.18,13589.89
CMP-10111,OnStar,YouTube Ads,reconocimiento,18-24,14/09/25,487122,10762,41,7948.36,197893.77
CMP-4220,Telcel,LinkedIn Ads,reconocimiento,45-54,11/08/25,78015,8066,503,31434.81,188501.23
CMP-1741,Liverpool,YOUTUBE ADS,Reconocimiento,18-24,01/10/25,263033,2052,284,76632.95,106819.24
CMP-10145,Telcel,,Tráfico,35-44,04/02/25,368086,14932,347,66661.69,182544.31
CMP-5017,Bimbo,YouTube Ads,alcance,35-44,15/06/25,36876,5280,754,48496.81,204086.02
CMP-2232,Aeroméxico,LinkedIn Ads,Tráfico,18-24,01/10/25,179957,14765,531,3326.64,180282.29
CMP-1953,GM Financial,YouTube Ads,Reconocimiento,25-34,01/01/25,404017,2071,669,62336.14,24186.08
CMP-5663,GM Financial,YouTube Ads,Tráfico,18-24,06/07/25,23371,6348,592,82108.99,165319.5
CMP-8241,OnStar,TikTok Ads,Tráfico,35-44,22/04/25,475824,4479,177,65174.63,182732.66
CMP-5238, Banco Azteca  ,LinkedIn Ads,Conversión,18-24,13/02/25,313851,2093,792,20350.49,1618.02
CMP-3112,OnStar,Google Ads,Leads,35-44,19/03/25,340220,8496,363,12899.31,67612.78
CMP-3711,Liverpool,YOUTUBE ADS,alcance,18-24,23/05/25,272827,11375,670,586.79,36986.68
CMP-7115,Bimbo,LINKEDIN ADS,Reconocimiento,55+,25/07/25,315669,9060,725,43643.22,3437.83
CMP-6101,GM Financial,Google Ads,Alcance,35-44,25/01/25,159567,12916,546,25529.61,57187.44
CMP-1307,GM Financial,LINKEDIN ADS,Conversión,18-24,25/06/25,106299,14024,136,48083.72,35218.44
CMP-3183,Aeroméxico,YouTube Ads,Leads,35-44,19/01/25,369786,8649,43,10418.86,70390.52
CMP-9701,Telcel,,Conversión,,27/09/25,198552,4828,605,65374.07,88264.72
CMP-8684,Aeroméxico,Facebook Ads,Conversión,25-34,23/01/25,449290,981,539,47509.94,46295.22
CMP-6853,Banco Azteca,YouTube Ads,Tráfico,35-44,08/01/25,310211,6233,464,76599.58,159621.16
CMP-10792,Bimbo,Instagram Ads,Tráfico,55+,02/04/25,183113,8825,462,63336.97,55641.3
CMP-6310,Aeroméxico,INSTAGRAM ADS,Reconocimiento,35-44,27/09/25,22170,9611,634,14049.55,40472.12
CMP-3277, Banco Azteca  ,Facebook Ads,Conversión,18-24,17/07/25,12707,2938,240,16832.19,63016.61
CMP-5240,Bimbo,Google Ads,Reconocimiento,35-44,08/04/25,157826,7677,9,4873.62,136670.76
CMP-6446,Cerveza Modelo,INSTAGRAM ADS,Conversión,55+,14/06/25,16348,13955,218,29512.57,165472.32
CMP-8871,Telcel,TikTok Ads,Conversión,35-44,20/10/25,360320,11826,20,45431.02,102381.17
CMP-9232,Liverpool,TikTok Ads,Alcance,25-34,16/10/25,182639,2421,355,38879.74,126434.86
CMP-6065,Bimbo,TikTok Ads,Alcance,,05/10/25,248285,4986,147,503.96,137743.7
CMP-10310,Banco Azteca,Facebook Ads,Tráfico,55+,25/04/25,367012,6837,267,5986.14,144156.48
CMP-2250,OnStar,Instagram Ads,Alcance,,20/10/25,483765,10175,645,76409.99,85798.32
CMP-8983,Bimbo,YOUTUBE ADS,Tráfico,18-24,02/06/25,416172,10892,531,24339.38,22646.85
CMP-1521,Telcel,TikTok Ads,tráfico,18-24,02/10/25,157149,10403,477,12260.04,152631.09
CMP-8945,Aeroméxico,TikTok Ads,Leads,45-54,15/03/25,137246,9938,464,47982.25,84163.59
CMP-1737,Liverpool,YouTube Ads,alcance,35-44,03/01/25,400734,11492,416,34113.59,21524.64
CMP-2348,Banco Azteca,YouTube Ads,alcance,25-34,07/01/25,173652,13924,665,82491.5,144851.1
CMP-2703,Banco Azteca,Google Ads,Alcance,18-24,18/03/25,142059,4879,41,34289.82,70349.26
CMP-6274, Liverpool  ,Instagram Ads,Reconocimiento,45-54,01/03/25,129282,3098,323,24791.04,71218.41
CMP-7397,Liverpool,Google Ads,Alcance,55+,26/08/25,256743,6438,365,46544.25,99010.12
CMP-2504, Telcel  ,LinkedIn Ads,Tráfico,35-44,23/06/25,89881,10163,119,,28006.89
CMP-10959,Aeroméxico,LinkedIn Ads,Reconocimiento,18-24,06/02/25,356873,14470,183,4511.38,68532.77
CMP-1303,Aeroméxico,LinkedIn Ads,Reconocimiento,18-24,30/09/25,44430,11486,261,1598.46,84286.23
CMP-4488,Cerveza Modelo,YouTube Ads,Alcance,25-34,10/10/25,179052,7298,653,24671.02,90838.13
CMP-3866,Liverpool,Facebook Ads,leads,45-54,18/04/25,389377,292,15,16571.24,108933.06
CMP-5556,Bimbo,Instagram Ads,Conversión,45-54,09/04/25,210667,2920,97,39469.69,190105.23
CMP-5750,Cerveza Modelo,Instagram Ads,Reconocimiento,18-24,22/01/25,133376,11438,542,33552.79,139959.76
CMP-9944,GM Financial,Instagram Ads,Alcance,18-24,12/07/25,411638,8189,676,64164.45,61814.35
CMP-2842,Aeroméxico,LinkedIn Ads,Alcance,35-44,06/08/25,226688,6896,500,27229.5,127981.37
CMP-9749,Banco Azteca,YouTube Ads,Tráfico,45-54,10/03/25,342324,5754,749,16748.68,3116.08
CMP-5597,Liverpool,TikTok Ads,Conversión,,19/10/25,153872,4585,749,25740.08,29445.41
CMP-4749,Liverpool,Google Ads,Leads,25-34,28/04/25,157164,4294,635,59066.09,102073.07
CMP-9268,Liverpool,Google Ads,Tráfico,45-54,24/10/25,413781,9464,351,16302.81,77167.33
CMP-10240,Aeroméxico,LINKEDIN ADS,Conversión,18-24,07/02/25,431289,11623,405,23876.87,5364.8
CMP-6608,Bimbo,TikTok Ads,Conversión,18-24,18/06/25,463775,6122,405,26841.11,15527.02
CMP-2498,Banco Azteca,YouTube Ads,Leads,45-54,26/04/25,243391,13408,208,42191.38,163261.17
CMP-8549,Liverpool,Google Ads,Alcance,45-54,25/08/25,348202,14554,582,29749.79,109491.77
CMP-1348,Telcel,TikTok Ads,Conversión,18-24,07/06/25,202837,7637,779,,218867.58
CMP-6020,Liverpool,Facebook Ads,Leads,,21/06/25,230683,7700,393,10124.25,
CMP-2113,Cerveza Modelo,LinkedIn Ads,Tráfico,18-24,08/04/25,336163,10049,461,27130.01,143016.83
CMP-8152,Cerveza Modelo,Instagram Ads,Reconocimiento,,28/04/25,397173,4760,388,52414.18,28062.82
CMP-4331,Telcel,YouTube Ads,Leads,25-34,29/05/25,13312,2570,407,40442.08,14901.76
CMP-9158,Aeroméxico,TikTok Ads,Reconocimiento,55+,29/07/25,388904,13644,161,2082.8,68248.36
CMP-1247,Cerveza Modelo,YouTube Ads,tráfico,25-34,15/05/25,35797,10004,371,67312.17,151471.08
CMP-2694,Liverpool,LinkedIn Ads,Reconocimiento,18-24,04/03/25,115479,8400,426,36449.12,55756.94
CMP-3595,Aeroméxico,Instagram Ads,Leads,55+,30/04/25,207034,14992,293,33901.46,12677.64
CMP-10014,GM Financial,GOOGLE ADS,Alcance,25-34,25/07/25,91382,9516,15,81477.49,84226.76
CMP-5693,Banco Azteca,YouTube Ads,Conversión,,01/07/25,368468,9660,7,9097.53,18221.44
CMP-10210, GM Financial  ,Facebook Ads,Leads,25-34,01/09/25,427547,9292,646,32369.96,138645.82
CMP-9802,OnStar,Instagram Ads,Conversión,18-24,30/03/25,26848,13764,23,72934.88,196207.44
CMP-3346,Cerveza Modelo,Facebook Ads,Conversión,25-34,11/03/25,97650,5573,790,43417.83,92133.76
CMP-8966,Aeroméxico,Facebook Ads,leads,25-34,03/10/25,440792,4359,432,58144.85,180272.21
CMP-3494,GM Financial,YouTube Ads,leads,35-44,04/08/25,13227,13227,438,13980.66,216327.47
CMP-4442,Banco Azteca,YouTube Ads,Alcance,45-54,18/02/25,276230,3787,454,4506.31,194430.67
CMP-7636,OnStar,LinkedIn Ads,Tráfico,25-34,07/07/25,25259,8541,125,32038.78,208255.47
CMP-1375,OnStar,Instagram Ads,Reconocimiento,25-34,05/10/25,474619,10877,254,29983.98,113395.46
CMP-10772,Telcel,TikTok Ads,Tráfico,25-34,09/08/25,437021,1402,189,51821.2,203006.4
CMP-1561,Aeroméxico,LinkedIn Ads,Alcance,45-54,23/02/25,75947,1312,595,22893.91,69828.52
CMP-1733,Cerveza Modelo,LinkedIn Ads,Leads,45-54,03/06/25,62714,10554,227,77933.09,27195.09
CMP-7489,Liverpool,YouTube Ads,Reconocimiento,25-34,08/07/25,397176,12677,347,45122.96,86771.23
CMP-8158,GM Financial,YouTube Ads,Alcance,18-24,22/10/25,393668,2134,416,84973.79,59959.45
CMP-5282,OnStar,YouTube Ads,Conversión,55+,09/03/25,267934,11453,764,42995.37,50657.61
CMP-8098,OnStar,TikTok Ads,Leads,35-44,26/01/25,300537,4821,725,60221.96,47983.08
CMP-1719,Banco Azteca,Facebook Ads,Conversión,55+,19/10/25,465337,5701,147,30615.83,48253.4
CMP-2758,Telcel,LinkedIn Ads,Leads,35-44,05/06/25,421122,5782,520,31162.35,150059
CMP-7686, GM Financial  ,LINKEDIN ADS,Alcance,55+,03/05/25,300466,12249,221,83244.05,30590.96
CMP-2366,Aeroméxico,Facebook Ads,Leads,55+,15/02/25,32494,3783,482,76991.24,16314.05
CMP-7381,Bimbo,Google Ads,Conversión,18-24,11/06/25,180817,13976,575,,6945.57
CMP-10670,OnStar,Facebook Ads,Tráfico,25-34,14/05/25,81056,12012,629,50682.12,198578.32
CMP-6056,Telcel,TikTok Ads,Conversión,25-34,26/03/25,419824,14835,32,50811.31,
CMP-5967,Telcel,YouTube Ads,Reconocimiento,35-44,10/08/25,338797,9587,255,76226.93,120889.75
CMP-8068,Aeroméxico,TikTok Ads,Leads,25-34,10/09/25,299738,8134,502,57105.78,152854.36
CMP-4976,Bimbo,LinkedIn Ads,Tráfico,55+,10/07/25,199583,2265,765,68400.15,190771.05
CMP-7025,Bimbo,Instagram Ads,Reconocimiento,25-34,16/03/25,111030,10138,226,75653.86,136478.6
CMP-4675, Cerveza Modelo  ,INSTAGRAM ADS,Conversión,55+,30/08/25,125065,1304,546,37906.75,93090.59
CMP-10301,Liverpool,Instagram Ads,Conversión,55+,27/10/25,179763,14672,466,15844.25,53009.38
CMP-2993,Aeroméxico,LinkedIn Ads,Reconocimiento,,05/06/25,28888,10969,674,40586.29,67630.86
CMP-10467,Cerveza Modelo,Instagram Ads,Alcance,25-34,16/08/25,280607,2275,349,22767.58,50850.06
CMP-10903,Liverpool,Facebook Ads,Leads,18-24,24/06/25,196048,3573,423,59815.2,209121.11
CMP-1504,Aeroméxico,Google Ads,Conversión,18-24,23/06/25,419464,8188,433,59296.37,49839.83
CMP-2353,Telcel,LinkedIn Ads,Conversión,35-44,31/01/25,384000,5741,440,76522.81,130108.02
CMP-8929,Cerveza Modelo,TikTok Ads,Tráfico,35-44,08/01/25,55117,8742,466,80040.06,85769.45
CMP-5797,Aeroméxico,Facebook Ads,Alcance,35-44,20/07/25,238462,14211,415,76308.15,72143.1
CMP-5057,Aeroméxico,TikTok Ads,Leads,55+,26/07/25,212308,9821,217,63235.11,142010.42
CMP-8473,Telcel,GOOGLE ADS,Conversión,35-44,14/08/25,58707,6588,441,46912.47,
CMP-6135,Aeroméxico,TikTok Ads,Tráfico,55+,08/04/25,279264,4183,196,28993.21,198.85
CMP-5895, GM Financial  ,TikTok Ads,Alcance,18-24,06/10/25,54096,11650,373,45027.14,37444.61
CMP-6400,OnStar,Facebook Ads,Reconocimiento,55+,27/01/25,130493,3282,411,64936.16,219417.4
CMP-8984,Telcel,YouTube Ads,Reconocimiento,18-24,14/04/25,272819,6950,460,39864.49,165729.67
CMP-6394,Liverpool,TikTok Ads,tráfico,45-54,26/04/25,29019,11680,422,19404.17,108186.34
CMP-6973,Banco Azteca,TikTok Ads,alcance,45-54,31/05/25,311663,4250,553,67152.46,211394.59
CMP-7510,Telcel,,Leads,25-34,24/05/25,180271,9200,,27544.41,115185.84
CMP-8056,Cerveza Modelo,YouTube Ads,Alcance,25-34,08/07/25,321755,1469,383,84673.09,204876.23
CMP-8593,Bimbo,INSTAGRAM ADS,Conversión,45-54,12/04/25,101106,6134,782,64975.54,87147.73
CMP-2865,Banco Azteca,Facebook Ads,Alcance,35-44,19/07/25,308607,193,193,84376.59,169047.71
CMP-10653,OnStar,FACEBOOK ADS,Leads,35-44,02/05/25,292233,1360,3,,191160.9
CMP-5315,Liverpool,TikTok Ads,Reconocimiento,55+,07/09/25,190751,2104,103,81310.48,68974.15
CMP-1965,Liverpool,Instagram Ads,alcance,45-54,16/03/25,232745,10099,721,8299.25,190346.22
CMP-9250,Aeroméxico,YouTube Ads,Alcance,55+,04/03/25,337283,12977,119,78818.66,2073.97
CMP-6171,Liverpool,LinkedIn Ads,Conversión,35-44,14/10/25,64550,14125,,53278.51,45270.08
CMP-10082,Cerveza Modelo,TikTok Ads,Reconocimiento,25-34,26/09/25,319843,1420,601,6900.37,1960
CMP-9764,Banco Azteca,GOOGLE ADS,Reconocimiento,55+,16/07/25,94208,6522,396,25352.24,71153.02
CMP-5760,GM Financial,LinkedIn Ads,Reconocimiento,25-34,31/05/25,316035,5827,726,4374.41,96737.58
CMP-4227, OnStar  ,TIKTOK ADS,Alcance,18-24,18/04/25,31267,1809,288,84850.98,3112.79
CMP-4169,Aeroméxico,LINKEDIN ADS,Reconocimiento,45-54,04/01/25,64032,13532,218,45020.7,
CMP-5351,GM Financial,GOOGLE ADS,Tráfico,45-54,25/01/25,6746,6746,687,12537.9,76677.9
CMP-3290,Cerveza Modelo,,Reconocimiento,55+,18/05/25,178004,5598,412,54347.75,73293.7
CMP-7210,OnStar,TikTok Ads,Reconocimiento,35-44,17/01/25,466199,11694,446,71642.1,23244.22
CMP-7280,Cerveza Modelo,LinkedIn Ads,Leads,35-44,06/10/25,487234,1740,373,40156.06,172350.85
CMP-6303,Liverpool,Facebook Ads,Conversión,25-34,02/08/25,244823,245,245,6667.19,197095.78
CMP-7885,Banco Azteca,YouTube Ads,Leads,35-44,21/02/25,259040,1946,684,34415.09,76733.36
CMP-4319, Banco Azteca  ,YouTube Ads,Tráfico,18-24,23/09/25,262684,8526,704,61083.35,15957.14
CMP-7231,Telcel,YouTube Ads,Reconocimiento,55+,13/10/25,111328,9952,199,53069.53,12726.86
CMP-5044,OnStar,LinkedIn Ads,Reconocimiento,25-34,30/06/25,240379,9548,164,64024.03,187036.14
CMP-3444,OnStar,YOUTUBE ADS,Reconocimiento,18-24,14/04/25,265546,5976,693,18462.31,136087.75
CMP-2331,Banco Azteca,YouTube Ads,Conversión,18-24,25/08/25,161228,10490,642,2974.15,47321.28
CMP-6219,Cerveza Modelo,TikTok Ads,Conversión,45-54,11/03/25,242708,13507,230,22660.35,147738.13
CMP-4236, GM Financial  ,Facebook Ads,Tráfico,25-34,29/09/25,219880,4867,,6835.25,172708.57
CMP-4881,Bimbo,YOUTUBE ADS,Tráfico,55+,22/03/25,257684,12149,578,776.14,154203.3
CMP-5307,OnStar,Facebook Ads,Alcance,55+,03/07/25,99218,14935,543,65728.12,210303.94
CMP-9495, Cerveza Modelo  ,Instagram Ads,Conversión,,25/02/25,245265,13723,504,26515.39,6625.01
CMP-3945, Aeroméxico  ,Facebook Ads,leads,35-44,16/03/25,117331,9744,289,37025.61,133369.44
CMP-4672,Banco Azteca,YouTube Ads,Alcance,45-54,13/05/25,140011,3755,602,11148.33,48912.48
CMP-7651,Liverpool,INSTAGRAM ADS,Conversión,35-44,30/06/25,382146,10945,762,12383.96,158747.16
CMP-3455,OnStar,Instagram Ads,Leads,55+,08/01/25,140608,667,424,24318.91,86986.99
CMP-9284,OnStar,TikTok Ads,Reconocimiento,55+,23/07/25,39246,13341,84,81643.07,14726.77
CMP-10176, Telcel  ,GOOGLE ADS,Leads,55+,21/08/25,417659,7401,608,20992.73,141537.94
CMP-8623, Cerveza Modelo  ,Google Ads,Alcance,18-24,25/07/25,245134,8598,303,71633.34,25022.44
CMP-3812,Liverpool,YOUTUBE ADS,Leads,25-34,12/08/25,408023,62,62,68362.16,
CMP-3827,Cerveza Modelo,Facebook Ads,reconocimiento,35-44,05/05/25,20959,744,,76821.58,159810.69
CMP-2016,GM Financial,TikTok Ads,Tráfico,45-54,15/10/25,495466,3883,614,26959.82,4505.02
CMP-4821,Cerveza Modelo,Facebook Ads,Leads,35-44,20/01/25,321116,10924,495,59486.83,7204.26
CMP-10920,GM Financial,TikTok Ads,Tráfico,18-24,13/01/25,448569,6395,13,1795.99,128819.86
CMP-4072,Liverpool,TikTok Ads,Alcance,35-44,16/01/25,126899,14173,639,10670.65,102426.13
CMP-8242,Telcel,Instagram Ads,Reconocimiento,35-44,07/01/25,46163,14639,329,52903.61,148303.24
CMP-6497,OnStar,YouTube Ads,Reconocimiento,18-24,26/05/25,330633,2140,415,,70615.3
CMP-3368,Banco Azteca,YouTube Ads,Alcance,35-44,16/10/25,373383,86,86,2794.63,126699.7
CMP-1508,Cerveza Modelo,TikTok Ads,Tráfico,35-44,10/10/25,339280,1151,721,21060.12,40640.27
CMP-9447,Aeroméxico,LinkedIn Ads,conversión,35-44,12/02/25,119586,14124,361,4699.4,132798.29
CMP-6673, Bimbo  ,Google Ads,Alcance,55+,30/09/25,470098,4771,580,18202.36,128105.35
CMP-9081,Telcel,LinkedIn Ads,Leads,55+,02/09/25,118776,2799,763,8713.08,67821.82
CMP-9630,GM Financial,Facebook Ads,Tráfico,35-44,30/08/25,331239,3847,635,69420.46,125086.15
CMP-7447,OnStar,Instagram Ads,Tráfico,55+,03/06/25,265220,13323,,13910.65,179118.87
CMP-7105,Banco Azteca,YOUTUBE ADS,Leads,45-54,03/09/25,239635,10319,597,18020.64,69920.05
CMP-9290,GM Financial,LinkedIn Ads,Leads,,27/02/25,365879,9473,735,75797.54,163884.4
CMP-2780,Aeroméxico,YouTube Ads,Leads,25-34,21/06/25,72689,3668,154,77559.05,123596.44
CMP-8923,OnStar,INSTAGRAM ADS,Conversión,55+,25/10/25,45601,1906,422,39572.42,
CMP-3355,Telcel,LINKEDIN ADS,Conversión,18-24,22/05/25,200562,1312,,35939.12,174371.48
CMP-8127,Aeroméxico,YouTube Ads,Leads,25-34,14/10/25,58832,7168,165,36820.83,169372.09
CMP-4141,OnStar,Facebook Ads,Conversión,45-54,24/02/25,190034,8694,669,71909.27,77844.21
CMP-1333,Banco Azteca,Facebook Ads,Leads,25-34,23/02/25,232821,7184,696,13374.99,135039.53
CMP-4545,Banco Azteca,YouTube Ads,Tráfico,35-44,20/01/25,259095,317,122,80265.33,201013.72
CMP-6074,Cerveza Modelo,TikTok Ads,Leads,18-24,03/06/25,154455,13995,791,2763.45,208332.85
CMP-3433,Bimbo,Google Ads,Conversión,25-34,24/09/25,6249,6249,61,36102.39,
CMP-9087,Cerveza Modelo,TikTok Ads,Conversión,,13/08/25,266867,11805,729,84493.1,202500.96
CMP-1085,Aeroméxico,LinkedIn Ads,Tráfico,25-34,10/02/25,382933,11994,227,47741.1,157368.05
CMP-4648,Telcel,Instagram Ads,Alcance,18-24,09/09/25,137992,2876,789,16784.97,135377.07
CMP-6315,OnStar,YouTube Ads,Alcance,55+,21/04/25,386333,7114,49,63465.64,206362.99
CMP-3130,Aeroméxico,Facebook Ads,alcance,55+,11/01/25,162487,7731,79,7728.43,
CMP-10739,GM Financial,YouTube Ads,Alcance,25-34,22/06/25,205491,5816,351,79038.35,83313.27
CMP-1366,Bimbo,YouTube Ads,Reconocimiento,18-24,06/05/25,323409,9706,466,17221.37,202316.83
CMP-7317,GM Financial,Instagram Ads,Alcance,18-24,25/06/25,460741,13308,542,14355.98,159404.37
CMP-8689,Cerveza Modelo,FACEBOOK ADS,Reconocimiento,45-54,20/10/25,449417,4804,731,76952.64,82423.13
CMP-6686,Telcel,YouTube Ads,Reconocimiento,25-34,14/02/25,319226,7231,373,69538.4,139564.01
CMP-7687,Aeroméxico,YouTube Ads,Reconocimiento,18-24,17/08/25,192146,10467,590,26185.76,105328.72
CMP-2285, Bimbo  ,Google Ads,Conversión,35-44,09/04/25,337830,931,42,58410.72,213495.12
CMP-7039,Liverpool,YouTube Ads,Alcance,25-34,18/09/25,326983,10951,94,38634.98,209593.09
CMP-5259,Aeroméxico,Facebook Ads,Leads,25-34,09/08/25,37315,12142,587,63098.87,202636.02
CMP-8985,Banco Azteca,TikTok Ads,Alcance,25-34,16/03/25,156502,2764,53,81041.8,139289.16
CMP-5675,OnStar,Instagram Ads,Tráfico,,05/04/25,221043,13861,386,83452.1,128623.28
CMP-5717, GM Financial  ,TIKTOK ADS,Reconocimiento,55+,30/03/25,30121,13505,249,32984.71,114618.06
CMP-9408,Aeroméxico,LinkedIn Ads,Tráfico,25-34,25/02/25,166350,11323,151,67981.25,172430.01
CMP-2870,Liverpool,LinkedIn Ads,Reconocimiento,45-54,16/09/25,171651,13952,249,10264.13,63609.37
CMP-6939,Telcel,LinkedIn Ads,Leads,25-34,11/02/25,407397,7581,242,42873.57,195536.34
CMP-4663,Bimbo,Google Ads,Tráfico,45-54,02/03/25,264744,4469,657,79855.03,88497.56
CMP-3029,OnStar,YouTube Ads,Conversión,25-34,06/03/25,194674,13091,497,,26417.45
CMP-10623,Bimbo,Instagram Ads,Alcance,45-54,24/04/25,131640,337,337,82006.33,8505.6
CMP-10804,Cerveza Modelo,LinkedIn Ads,Tráfico,55+,24/03/25,22110,10007,684,29405.2,71879.13
CMP-3664,Aeroméxico,YouTube Ads,Alcance,35-44,02/09/25,394990,7239,,14633.35,157026.74
CMP-4429,GM Financial,LinkedIn Ads,Leads,45-54,01/01/25,232906,4336,781,80514.33,103795.05
CMP-7926, GM Financial  ,LinkedIn Ads,Tráfico,25-34,05/03/25,337245,5856,705,13687.2,743.7
CMP-6337,Telcel,Instagram Ads,Reconocimiento,25-34,23/06/25,481157,3513,164,39672.01,8321.35
CMP-3597,GM Financial,Facebook Ads,Leads,45-54,12/09/25,17234,10926,287,30466.6,91429.74
CMP-1898,Banco Azteca,LinkedIn Ads,alcance,35-44,10/01/25,276627,11159,,70451.12,180957.41
CMP-7833,OnStar,Facebook Ads,Leads,45-54,16/04/25,84945,6651,760,79702.92,96885.8
CMP-1463,GM Financial,LinkedIn Ads,Reconocimiento,35-44,25/03/25,271688,3719,315,40782.11,209112.02
CMP-7144,GM Financial,LinkedIn Ads,Reconocimiento,45-54,27/02/25,231310,11243,35,12069.63,40393.49
CMP-7279,Bimbo,TikTok Ads,leads,45-54,08/06/25,252241,4178,346,61966.72,34980.9
CMP-3662,Bimbo,Instagram Ads,Leads,55+,31/03/25,158178,292,284,30240,95080.89
CMP-3770,Banco Azteca,TikTok Ads,Leads,45-54,12/07/25,3251,1543,425,63016.28,111941.38
CMP-7522,Banco Azteca,YouTube Ads,Leads,55+,05/08/25,165061,11850,682,42814.52,108504.57
CMP-4900,Telcel,Facebook Ads,Reconocimiento,55+,05/10/25,361882,5276,99,73865.47,169529.23
CMP-8723,Aeroméxico,YouTube Ads,Conversión,45-54,23/09/25,56808,14239,587,18386.6,36327.88
CMP-10036,GM Financial,Google Ads,Tráfico,55+,21/09/25,164716,10105,102,32597.2,
CMP-2770,Bimbo,YouTube Ads,Tráfico,18-24,18/04/25,73191,8624,691,24331.12,6335.68
CMP-5644,Cerveza Modelo,TikTok Ads,Reconocimiento,45-54,16/03/25,133109,7109,757,23621.75,6529.02
CMP-9769,OnStar,GOOGLE ADS,Tráfico,25-34,08/02/25,479618,8907,172,46104.15,60830.67
CMP-8350,Liverpool,TikTok Ads,alcance,25-34,16/07/25,145932,6398,513,16922.67,
CMP-10975,Banco Azteca,YouTube Ads,Leads,45-54,25/03/25,270444,562,422,12921.29,198553.46
CMP-3002,Aeroméxico,Google Ads,leads,25-34,09/02/25,438554,3700,208,49173.56,76063.52
CMP-3652,Telcel,INSTAGRAM ADS,Reconocimiento,35-44,22/05/25,358208,12053,348,48514.09,97158.71
CMP-8288,Aeroméxico,Instagram Ads,Reconocimiento,25-34,15/09/25,290684,8618,533,41048.6,89561.93
CMP-8117,Telcel,TikTok Ads,Reconocimiento,55+,26/04/25,199193,13744,164,7566.78,40441.81
CMP-1312,GM Financial,Google Ads,Tráfico,45-54,13/01/25,451754,10014,277,64641.8,152100.31
CMP-10789,Cerveza Modelo,TIKTOK ADS,Leads,45-54,20/05/25,304482,4571,166,63198.25,85891.73
CMP-6489,Telcel,TikTok Ads,conversión,25-34,20/03/25,102705,9679,717,,51590.94
CMP-7842,OnStar,LinkedIn Ads,Alcance,35-44,06/10/25,262903,380,354,13966.21,143103.86
CMP-7550,Liverpool,Google Ads,Alcance,55+,14/01/25,84487,3873,252,67173.15,175732.8
CMP-10003,Liverpool,TikTok Ads,Tráfico,25-34,28/03/25,158947,1207,470,13419.03,208578.88
CMP-1426, Bimbo  ,LinkedIn Ads,Reconocimiento,18-24,05/04/25,38882,3548,248,73267.35,98269.6
CMP-9590,Cerveza Modelo,LinkedIn Ads,Tráfico,35-44,27/04/25,154627,1194,53,33213.32,135647.84
CMP-4770,GM Financial,LINKEDIN ADS,Alcance,18-24,26/09/25,128134,7213,339,77676.71,100255.97
CMP-1030, GM Financial  ,YouTube Ads,Alcance,55+,24/02/25,163358,12822,335,16541.47,109824.31
CMP-5309,GM Financial,TikTok Ads,Tráfico,35-44,14/10/25,195699,11226,155,55993.8,
CMP-8880, Banco Azteca  ,Facebook Ads,Tráfico,55+,05/02/25,312905,8385,106,28971.01,133961.96
CMP-1268,Banco Azteca,LinkedIn Ads,Leads,45-54,04/02/25,454850,10436,659,61451.91,22154.91
CMP-6873,OnStar,LinkedIn Ads,Reconocimiento,55+,09/05/25,19891,1552,338,52202.08,130656.8
CMP-9771,Banco Azteca,GOOGLE ADS,Conversión,35-44,10/06/25,376436,13672,192,49691.58,45569.72
CMP-6290,Liverpool,,Tráfico,25-34,10/05/25,429775,5777,168,36339.65,64493.63
CMP-8307,GM Financial,TikTok Ads,Tráfico,25-34,16/10/25,353188,13447,644,60460.51,8793.04
CMP-10068,Aeroméxico,Google Ads,Conversión,18-24,11/03/25,135970,7040,321,82441.76,5435.09
CMP-8360, OnStar  ,Instagram Ads,Alcance,18-24,10/01/25,403321,5981,196,,165522.84
CMP-2434,OnStar,Instagram Ads,Alcance,35-44,07/10/25,147575,9129,265,39509.68,86934.3
CMP-10194,GM Financial,TIKTOK ADS,Conversión,55+,15/10/25,78552,11304,343,19273.42,
CMP-6891,Bimbo,Google Ads,Tráfico,18-24,08/02/25,214524,13265,505,35733.78,56318.74
CMP-3865,Cerveza Modelo,YouTube Ads,Leads,25-34,03/06/25,55871,12781,656,16334.5,103029.54
CMP-3492,Banco Azteca,TikTok Ads,Alcance,45-54,01/03/25,19693,7834,256,1119.23,41633.92
CMP-5953,Aeroméxico,GOOGLE ADS,Leads,35-44,06/07/25,249821,11985,533,73711.1,196594.98
CMP-8708,Banco Azteca,LinkedIn Ads,Conversión,25-34,19/06/25,453471,443,106,,
CMP-4108,Bimbo,GOOGLE ADS,Alcance,35-44,15/09/25,188565,12263,127,68340.92,185209.5
CMP-4685,Liverpool,Facebook Ads,Conversión,35-44,22/08/25,160132,4895,96,10129.66,181897.17
CMP-2038,Bimbo,FACEBOOK ADS,Alcance,25-34,19/03/25,141799,779,262,75109.53,108820.33
CMP-4814,Bimbo,Google Ads,leads,18-24,19/10/25,479008,13791,621,54577.44,22497.91
CMP-10270,Banco Azteca,INSTAGRAM ADS,Reconocimiento,35-44,29/01/25,464188,9713,350,82715.83,180375.7
CMP-8275,Telcel,Google Ads,Alcance,45-54,25/07/25,94600,8461,42,46125.28,219962.89
CMP-2794,Banco Azteca,LinkedIn Ads,Leads,55+,19/06/25,243279,4686,713,40456.19,54389.19
CMP-5985,Aeroméxico,LinkedIn Ads,Conversión,25-34,05/04/25,286035,970,300,,201867.02
CMP-5589,Cerveza Modelo,Google Ads,Leads,35-44,12/02/25,368814,5614,334,32144.01,122997.58
CMP-7760,Bimbo,FACEBOOK ADS,Leads,35-44,12/06/25,291300,1343,343,45506.95,2641.12
CMP-1206,Liverpool,Facebook Ads,Leads,35-44,24/09/25,412381,12435,416,23742.17,105409.25
CMP-4638,Aeroméxico,Facebook Ads,Alcance,18-24,17/05/25,476221,12974,451,40265.06,33406.99
CMP-9137,Liverpool,TikTok Ads,Reconocimiento,,30/05/25,442054,9168,84,41924.52,170632.31
CMP-9629,OnStar,LINKEDIN ADS,Tráfico,18-24,27/06/25,139624,13335,637,52232.8,96424.79
CMP-10239,Bimbo,YouTube Ads,Tráfico,45-54,03/07/25,261612,1883,477,13969.61,813.58
CMP-3863,Bimbo,Instagram Ads,Tráfico,35-44,17/01/25,117046,14329,702,47585.72,22862.39
CMP-5449, OnStar  ,Google Ads,Conversión,18-24,19/01/25,487232,1067,759,54824.08,8514.25
CMP-3228,Aeroméxico,YouTube Ads,Tráfico,25-34,15/08/25,83464,14336,71,13880.25,185797.03
CMP-1211,Cerveza Modelo,LINKEDIN ADS,Leads,55+,09/09/25,149079,5058,770,31686.19,134558.62
CMP-6915,Cerveza Modelo,Facebook Ads,Conversión,18-24,15/09/25,244944,5081,234,41200.47,
CMP-8789,Banco Azteca,Facebook Ads,Leads,35-44,26/01/25,23628,10284,668,72212.09,60710.07
CMP-1644,OnStar,GOOGLE ADS,Reconocimiento,35-44,22/04/25,289721,14718,170,27037.83,3383.59
CMP-7774,Bimbo,TikTok Ads,Tráfico,35-44,13/09/25,466616,6897,460,22965.37,93719.21
CMP-1748, GM Financial  ,TikTok Ads,Alcance,45-54,21/07/25,418910,13839,679,28083.05,103703.52
CMP-1047,Cerveza Modelo,YouTube Ads,Alcance,55+,19/02/25,258244,7747,552,61235.09,
CMP-5530,GM Financial,FACEBOOK ADS,Conversión,18-24,23/04/25,232258,6864,419,20825.72,23610.29
CMP-1725,OnStar,TIKTOK ADS,Reconocimiento,,26/07/25,433763,7455,286,78918.25,204152.86
CMP-3728, Telcel  ,TikTok Ads,Alcance,25-34,02/01/25,388921,1850,363,60411.09,37825.84
CMP-7180,Banco Azteca,YouTube Ads,Tráfico,18-24,12/07/25,136758,2841,29,80584.11,77587.19
CMP-1316,OnStar,Instagram Ads,Leads,18-24,21/09/25,228188,12885,647,27467.49,12759.7
CMP-9969, Liverpool  ,Google Ads,Alcance,35-44,19/07/25,257222,2416,19,45915.25,97914.2
CMP-7427,GM Financial,Facebook Ads,Conversión,55+,12/06/25,272748,3733,448,35021.02,196390.07
CMP-8978,OnStar,TIKTOK ADS,Leads,45-54,21/04/25,214932,7891,324,48701.38,108203.04
CMP-7616,Banco Azteca,Google Ads,Leads,55+,24/10/25,462756,2930,671,37266.63,185548.11
CMP-3946,OnStar,YouTube Ads,Tráfico,25-34,13/03/25,372725,398,246,82067.85,80841.51
CMP-4290, GM Financial  ,Google Ads,Alcance,35-44,22/09/25,384332,3270,710,11254.78,
CMP-8239,Bimbo,LinkedIn Ads,Conversión,55+,30/08/25,32712,12365,609,7191.61,142370.7
CMP-10762,OnStar,Facebook Ads,Reconocimiento,25-34,06/09/25,84930,12600,160,5356.75,138017.03
CMP-9928,Cerveza Modelo,INSTAGRAM ADS,Conversión,55+,08/05/25,452004,14952,264,84343.14,16390.05
CMP-2219, Telcel  ,Facebook Ads,Reconocimiento,35-44,15/01/25,449551,11811,188,39350.39,23170.16
CMP-6865,Aeroméxico,Facebook Ads,Tráfico,18-24,28/08/25,3466,3466,734,45603.13,136193.75
CMP-2266,Banco Azteca,YOUTUBE ADS,Alcance,35-44,17/09/25,314744,7673,1,27129.97,156367.85
CMP-10820,OnStar,Google Ads,Reconocimiento,35-44,22/02/25,390916,6630,744,38113.19,73987.99
CMP-2546, Telcel  ,YOUTUBE ADS,Reconocimiento,45-54,30/05/25,332939,6654,766,19506.95,180567.6
CMP-8680,Bimbo,YouTube Ads,Tráfico,35-44,14/08/25,239524,14621,,71412.21,96979.18
CMP-9530,Banco Azteca,TikTok Ads,Conversión,25-34,27/05/25,189343,14635,402,41879.71,74651.96
CMP-10879,Telcel,Facebook Ads,Conversión,35-44,23/03/25,407742,1055,422,53575.18,198751.59
CMP-7167,Telcel,TikTok Ads,Leads,25-34,21/03/25,302274,10156,538,840.2,156167.32
CMP-7491,Aeroméxico,LINKEDIN ADS,conversión,25-34,24/04/25,191613,14004,572,76162.63,79206.59
CMP-2603,GM Financial,LinkedIn Ads,Tráfico,45-54,12/06/25,211558,7145,,12385.73,123555.18
CMP-6781,Bimbo,TIKTOK ADS,Conversión,25-34,29/09/25,131368,13358,338,57562.79,181341.11
CMP-6390,Telcel,YouTube Ads,leads,45-54,10/09/25,497239,11835,432,84487.06,
CMP-6650,Cerveza Modelo,Facebook Ads,Tráfico,18-24,19/10/25,265204,11960,400,82232.39,158448.66
CMP-6599,Bimbo,LinkedIn Ads,Reconocimiento,45-54,29/04/25,162678,10640,669,63741.08,49174.01
CMP-10354,Telcel,Instagram Ads,tráfico,35-44,14/10/25,105510,13046,108,42043.33,168023.18
CMP-7903,Aeroméxico,Facebook Ads,Conversión,55+,09/05/25,215270,12445,,28735.91,62977.95
CMP-8065,Liverpool,YOUTUBE ADS,Conversión,55+,21/07/25,473729,4401,575,24739.5,159530.15
CMP-2491,Telcel,Facebook Ads,Reconocimiento,45-54,21/07/25,440843,13879,87,41331.03,219675.42
CMP-7884,Liverpool,Instagram Ads,Tráfico,18-24,20/03/25,61349,5896,392,23926.35,122479.69
CMP-9747,Bimbo,GOOGLE ADS,Alcance,25-34,13/08/25,2650,2650,82,75086.23,60462.89
CMP-7182,Cerveza Modelo,Facebook Ads,Leads,18-24,04/10/25,376531,14096,718,17588.21,208825.98
CMP-8960,Bimbo,Google Ads,Alcance,45-54,24/04/25,160252,8752,592,64573.62,
CMP-9094,Telcel,Facebook Ads,Conversión,45-54,21/05/25,216380,4314,75,13142.58,171019.25
CMP-5312,GM Financial,YouTube Ads,Conversión,35-44,25/01/25,8646,4091,201,48632.67,176763.1
CMP-10031,GM Financial,Google Ads,Leads,35-44,16/03/25,188399,14175,,9962.48,153193.54
CMP-5256,Liverpool,Google Ads,Alcance,55+,13/04/25,64969,255,20,33164.57,132473.05
CMP-1945,Banco Azteca,Instagram Ads,Conversión,18-24,23/10/25,336160,1325,218,64250.04,202830.05
CMP-8146,Banco Azteca,Facebook Ads,Tráfico,45-54,03/05/25,269926,10821,259,76685.56,34867.4
CMP-3565,Bimbo,TikTok Ads,Reconocimiento,45-54,20/04/25,415055,9553,184,50987.38,18588.06
CMP-9995, Banco Azteca  ,YouTube Ads,Tráfico,35-44,27/07/25,234553,5343,8,6571.68,106690.33
CMP-3344, Banco Azteca  ,FACEBOOK ADS,Tráfico,45-54,27/06/25,89609,14300,728,16067.86,32464.4
CMP-2558,Aeroméxico,LinkedIn Ads,Reconocimiento,35-44,20/10/25,244279,5123,150,40391.58,106418.98
CMP-2139,GM Financial,TIKTOK ADS,alcance,45-54,21/04/25,261855,2641,63,43537.57,202457.49
CMP-6223,GM Financial,Instagram Ads,Alcance,35-44,10/01/25,214887,8989,357,73274.57,136190.45
CMP-8258,OnStar,YouTube Ads,Reconocimiento,55+,22/06/25,247954,4356,29,39355.46,8530.12
CMP-10501,Liverpool,TikTok Ads,Tráfico,25-34,05/05/25,328023,1306,84,13230.54,33228.13
CMP-10507,Aeroméxico,YouTube Ads,Conversión,25-34,10/07/25,404091,13767,344,,27483.54
CMP-2176,Bimbo,Instagram Ads,Leads,35-44,21/03/25,255900,7123,224,6203.75,40060.27
CMP-6635,Liverpool,FACEBOOK ADS,Alcance,55+,10/07/25,280095,1616,290,71529.07,38700.51
CMP-6710,OnStar,TikTok Ads,conversión,35-44,30/06/25,192281,4706,338,9007,92929.09
CMP-6151,Liverpool,LINKEDIN ADS,Leads,35-44,26/03/25,160881,2714,422,12798.94,167275.2
CMP-1571,GM Financial,LinkedIn Ads,Leads,55+,31/03/25,12154,3268,750,74022.17,14699.72
CMP-9363,Cerveza Modelo,GOOGLE ADS,Conversión,45-54,19/03/25,319478,3225,104,64241.2,
CMP-9563,Liverpool,Facebook Ads,alcance,55+,28/09/25,122689,7821,31,65641.58,168355.85
CMP-9594,Bimbo,INSTAGRAM ADS,Conversión,25-34,06/02/25,393453,430,430,,186952.64
CMP-9651, OnStar  ,FACEBOOK ADS,Tráfico,18-24,23/02/25,353410,5177,159,48817.53,121595.26
CMP-8094,Banco Azteca,TikTok Ads,Alcance,25-34,11/04/25,222572,4780,61,36403.28,65273.02
CMP-1930,Banco Azteca,Google Ads,Alcance,25-34,06/08/25,4726,1786,53,49684.69,4560.05
CMP-1042,Banco Azteca,Google Ads,Reconocimiento,,02/04/25,343687,10878,184,8623.94,150058.55
CMP-2511, GM Financial  ,YouTube Ads,Reconocimiento,25-34,14/03/25,391479,10874,113,80710.51,185351.75
CMP-9375,Liverpool,YouTube Ads,reconocimiento,45-54,07/10/25,410940,7022,16,27235.31,74930.46
CMP-9699,GM Financial,YouTube Ads,Tráfico,35-44,08/07/25,244227,4574,445,34937.4,
CMP-5056,OnStar,LinkedIn Ads,Leads,35-44,21/09/25,491998,10591,,58541.12,214271.72
CMP-8123,Banco Azteca,LinkedIn Ads,Alcance,18-24,27/03/25,357050,3939,394,50220.73,4009.91
CMP-3769,Telcel,,Reconocimiento,18-24,25/02/25,334533,4570,304,14914.5,24284.83
CMP-2443,Telcel,LinkedIn Ads,Leads,25-34,03/04/25,184616,10587,49,42064.34,214477.12
CMP-6660,Bimbo,INSTAGRAM ADS,Reconocimiento,25-34,25/01/25,383036,525,525,35858.31,84560.56
CMP-1034,Aeroméxico,Google Ads,Alcance,55+,21/01/25,79254,2169,236,26025.81,62075.26
CMP-5328,Aeroméxico,TikTok Ads,alcance,18-24,15/04/25,167292,12586,,25397.27,172801.85
CMP-4707, Aeroméxico  ,FACEBOOK ADS,Conversión,25-34,28/04/25,374048,12907,660,20977.63,149097.07
CMP-4083,GM Financial,Facebook Ads,leads,18-24,19/10/25,80887,7208,729,38136.61,206233.15
CMP-5927,Banco Azteca,Instagram Ads,Tráfico,55+,10/06/25,419785,13731,522,79105.01,211597.15
CMP-6554,GM Financial,LinkedIn Ads,Alcance,35-44,11/07/25,412700,6325,115,13595.69,149186.25
CMP-2762,Telcel,YouTube Ads,Alcance,25-34,16/04/25,33468,5577,213,18075.45,203800.19
CMP-1235,Bimbo,Google Ads,Alcance,45-54,15/08/25,41638,12571,41,49822.29,135713.9
CMP-8455,Telcel,YouTube Ads,Tráfico,18-24,15/06/25,12293,7911,523,48784.2,113840.3
CMP-2359,Telcel,Facebook Ads,Leads,25-34,15/09/25,433399,13921,502,60383.24,93328.77
CMP-8815,GM Financial,Facebook Ads,Alcance,25-34,30/07/25,375949,6163,120,43997.42,13041.12
CMP-2921,Liverpool,TikTok Ads,Conversión,35-44,29/06/25,90053,9352,623,49702.02,31058.97
CMP-5031,Banco Azteca,Google Ads,Leads,45-54,28/05/25,482709,6749,82,56469.74,140274.65
CMP-9819,Liverpool,Facebook Ads,Alcance,18-24,25/03/25,318315,13175,23,31291.55,208265.48
CMP-1080,Liverpool,Instagram Ads,Reconocimiento,25-34,22/03/25,204380,14006,285,78172.93,98717.09
CMP-4669,Aeroméxico,Facebook Ads,Leads,25-34,01/05/25,457975,5795,73,20180.71,114122.24
CMP-10021,Telcel,LinkedIn Ads,Tráfico,18-24,08/07/25,266342,11484,309,,137855.37
CMP-4615,GM Financial,Instagram Ads,Tráfico,45-54,22/07/25,344790,2667,40,16939.99,182362.14
CMP-2134,Aeroméxico,TikTok Ads,Conversión,35-44,22/10/25,274222,10855,294,15774.64,103746.39
CMP-8225,Bimbo,TikTok Ads,Tráfico,45-54,10/04/25,183075,4719,275,52391.3,45238.66
CMP-3066, Telcel  ,LinkedIn Ads,Reconocimiento,18-24,29/01/25,140427,3242,503,62772.81,161325.94
CMP-1763,Banco Azteca,GOOGLE ADS,Alcance,18-24,19/04/25,80487,5738,667,84622.87,61324.77
CMP-7496,Cerveza Modelo,TikTok Ads,Tráfico,18-24,26/06/25,399220,1708,785,66461.74,37731.09
CMP-9259,Cerveza Modelo,TikTok Ads,Tráfico,25-34,13/07/25,154971,2039,739,35700.73,200563.66
CMP-10606,Aeroméxico,YouTube Ads,Leads,18-24,08/09/25,7111,7111,77,54711.97,156194.22
CMP-8037,Liverpool,Instagram Ads,Alcance,35-44,20/03/25,457240,7157,34,22110.63,156536.6
CMP-5134,GM Financial,LinkedIn Ads,Alcance,18-24,28/05/25,341307,12459,122,24737.46,70893.67
CMP-10522, Telcel  ,TikTok Ads,tráfico,18-24,28/02/25,374677,263,263,48207.08,52852.1
CMP-10409, GM Financial  ,Facebook Ads,Leads,18-24,13/05/25,83954,12073,546,51467.22,32566.36
CMP-9927, GM Financial  ,LinkedIn Ads,Leads,18-24,02/07/25,56102,5655,39,48912.9,1931.44
CMP-1183,Aeroméxico,Instagram Ads,Alcance,35-44,22/07/25,293248,7278,402,72378.51,204368.75
CMP-9418,OnStar,INSTAGRAM ADS,Tráfico,35-44,14/10/25,83607,565,217,26897.21,109651.36
CMP-8440,Cerveza Modelo,YouTube Ads,Conversión,55+,25/10/25,342773,13848,718,15590.97,
CMP-6051,Aeroméxico,YouTube Ads,conversión,35-44,08/03/25,436029,4774,285,36620.52,171767.87
CMP-10392,Liverpool,YouTube Ads,Reconocimiento,18-24,02/02/25,224682,12444,419,12849.32,102017.63
CMP-6037,Cerveza Modelo,Instagram Ads,Conversión,45-54,11/02/25,50796,4834,82,16607.74,80441.2
CMP-10250,GM Financial,YouTube Ads,Reconocimiento,35-44,26/01/25,280489,504,77,39877.02,
CMP-10588, Cerveza Modelo  ,Facebook Ads,Tráfico,18-24,31/07/25,54741,210,210,60877.03,80759.35
CMP-8655,Banco Azteca,YouTube Ads,Reconocimiento,45-54,04/05/25,20260,3486,448,76282.95,95039.78
CMP-9533,Bimbo,TikTok Ads,Conversión,45-54,02/03/25,28280,2492,14,13690.72,81929.93
CMP-2076,Banco Azteca,Facebook Ads,Tráfico,35-44,12/08/25,62664,10296,724,38365.62,73179.84
CMP-1578,GM Financial,TikTok Ads,Alcance,18-24,16/08/25,318891,6803,421,,86993.61
CMP-4643,GM Financial,YouTube Ads,Leads,18-24,03/05/25,294617,5557,9,4793.51,51208.21
CMP-1044,GM Financial,Facebook Ads,Leads,25-34,04/02/25,64371,10301,278,,
CMP-5313,Telcel,Instagram Ads,Tráfico,45-54,17/10/25,276431,11192,738,61684.08,71875.69
CMP-2026,Cerveza Modelo,Instagram Ads,Alcance,55+,23/02/25,198811,7114,278,82838.5,98660.41
CMP-3332,Liverpool,YouTube Ads,Reconocimiento,45-54,16/04/25,443750,6011,609,53059.01,26944.56
CMP-3571,Bimbo,GOOGLE ADS,conversión,45-54,04/03/25,45117,11050,33,52086.3,171154.6
CMP-5991,Telcel,INSTAGRAM ADS,Conversión,45-54,12/01/25,309680,12021,337,68881.65,202047.6
CMP-3958,OnStar,INSTAGRAM ADS,Tráfico,45-54,11/06/25,132012,6202,259,76751.42,119831.54
CMP-1645,Aeroméxico,Facebook Ads,Conversión,45-54,12/09/25,463614,297,297,53399.52,24075.47
CMP-3763,Liverpool,YouTube Ads,Tráfico,35-44,10/04/25,212320,9910,521,,34653.03
CMP-8449,Banco Azteca,TikTok Ads,Leads,45-54,24/04/25,331668,9070,464,48213.77,115979.74
CMP-4286,Cerveza Modelo,Facebook Ads,alcance,55+,21/05/25,455257,1138,,54033,37660.03
CMP-3196,GM Financial,Instagram Ads,Alcance,35-44,09/05/25,49202,1073,654,52747.13,122984.55
CMP-6639,Banco Azteca,TikTok Ads,Reconocimiento,55+,27/07/25,256578,8382,451,24743.11,198593.62
CMP-4971,OnStar,YouTube Ads,Reconocimiento,18-24,19/05/25,302715,12009,625,68274.87,94270.32
CMP-3958,OnStar,INSTAGRAM ADS,Tráfico,45-54,11/06/25,132012,6202,259,76751.42,119831.54
CMP-5945,OnStar,LinkedIn Ads,Conversión,45-54,26/10/25,194215,6924,61,15127.38,197819.4
CMP-5672,Telcel,TikTok Ads,Reconocimiento,45-54,29/03/25,175926,12235,402,50824.93,104684.08
CMP-5410,Aeroméxico,TikTok Ads,Alcance,18-24,27/07/25,244391,4776,493,40090.15,94097.97
CMP-5260,GM Financial,YouTube Ads,alcance,18-24,01/08/25,459314,7243,431,37739.4,7498.29
CMP-5178,Cerveza Modelo,YOUTUBE ADS,Alcance,18-24,01/02/25,139077,5500,625,57498.51,124657.2
CMP-5468,Aeroméxico,YouTube Ads,Leads,55+,09/07/25,429307,14472,154,16375.8,194559.05
CMP-3861,Telcel,Facebook Ads,Conversión,45-54,12/01/25,182233,9443,7,7684.72,159781.36
CMP-1032, Cerveza Modelo  ,LINKEDIN ADS,Leads,25-34,11/05/25,458895,12363,418,73591.76,167050.01
CMP-10248,OnStar,Google Ads,Leads,35-44,06/04/25,139507,13592,588,24144.34,70778.26
CMP-1170,Aeroméxico,,Leads,45-54,10/05/25,306308,7953,414,27687.74,214059.1
CMP-2938,Banco Azteca,Facebook Ads,Leads,55+,07/06/25,63832,14417,569,,41077.3
CMP-10403,OnStar,Instagram Ads,Reconocimiento,55+,01/02/25,9223,6655,457,6303.27,33035.47
CMP-4584,Banco Azteca,YouTube Ads,conversión,55+,19/09/25,103732,13018,179,4426.67,145025.07
CMP-10765,GM Financial,Instagram Ads,conversión,35-44,21/03/25,403958,11813,506,57432.76,175223.33
CMP-1336,OnStar,LinkedIn Ads,Alcance,35-44,22/02/25,221878,422,213,71012.37,168980.87
CMP-10476,OnStar,TikTok Ads,Alcance,35-44,16/06/25,148717,11599,558,3633.17,171813.09
CMP-3672,Telcel,Instagram Ads,Reconocimiento,45-54,04/10/25,386398,8854,342,49283.19,123473.33
CMP-5582,Liverpool,TIKTOK ADS,Leads,45-54,13/03/25,486823,7447,183,78580.05,90006.09
CMP-7227,Cerveza Modelo,TikTok Ads,Tráfico,45-54,30/07/25,190008,3686,,35311.17,134730.03
CMP-1105,Bimbo,Google Ads,Tráfico,35-44,12/09/25,221247,7926,626,83628.47,6600.37
CMP-8041,Aeroméxico,Google Ads,Conversión,18-24,06/10/25,339055,5516,307,31834.15,145407.94
CMP-5116,Telcel,GOOGLE ADS,Tráfico,25-34,06/03/25,234217,2581,597,65300.58,214964.81
CMP-9041,GM Financial,Instagram Ads,Leads,55+,11/08/25,499569,10272,438,75186,31062.08
CMP-5704,Cerveza Modelo,TikTok Ads,Reconocimiento,45-54,23/10/25,83025,2150,224,50460.71,98777.01
CMP-4139,Telcel,,conversión,25-34,02/06/25,55570,13335,49,27797.48,
CMP-7258,OnStar,Google Ads,Leads,25-34,16/06/25,20122,13173,470,31713.47,
CMP-2904,Bimbo,YouTube Ads,Leads,18-24,13/10/25,297820,1794,302,46187.14,
CMP-5333,Telcel,Instagram Ads,Alcance,55+,11/06/25,469034,9636,640,28966.31,75381.72
CMP-10895,GM Financial,YOUTUBE ADS,Leads,18-24,11/08/25,247953,7515,279,76218.52,23187.72
CMP-10769,OnStar,YouTube Ads,Alcance,25-34,12/03/25,248131,2090,492,43870.52,
CMP-6552,OnStar,LinkedIn Ads,Alcance,18-24,10/04/25,247436,6695,318,82767.56,141840.12
CMP-2052,GM Financial,TikTok Ads,Tráfico,45-54,12/10/25,260750,2801,496,78809.24,17648.5
CMP-5497,Cerveza Modelo,Google Ads,Leads,45-54,18/04/25,17858,12342,586,30956.82,193560.91
CMP-2539,GM Financial,Facebook Ads,Reconocimiento,18-24,09/08/25,225091,12939,511,20773.21,54171.61
CMP-7828,Bimbo,YouTube Ads,Conversión,25-34,15/05/25,257853,3819,94,27939.22,156169.05
CMP-7373,Telcel,YouTube Ads,Conversión,25-34,04/02/25,398084,10878,705,38046.03,158958.76
CMP-6966,Banco Azteca,FACEBOOK ADS,Leads,55+,18/03/25,333762,4735,532,81451.47,107713.59
CMP-6849,Aeroméxico,TikTok Ads,leads,35-44,05/05/25,58087,9630,702,61106,98780.35
CMP-1782,Banco Azteca,LinkedIn Ads,Reconocimiento,18-24,04/10/25,484776,3396,411,27729.52,987.39
CMP-4533,Banco Azteca,YouTube Ads,Reconocimiento,18-24,27/07/25,48873,14180,772,,53182.66
CMP-4446,Bimbo,LinkedIn Ads,Alcance,35-44,02/07/25,48030,9248,368,56080.13,133267.29
CMP-10728,GM Financial,LinkedIn Ads,Tráfico,55+,10/03/25,345361,6074,300,13834.26,94652.58
CMP-7095,OnStar,Google Ads,Leads,35-44,27/01/25,101432,8605,230,84570.99,130791.01
CMP-1096,Bimbo,YouTube Ads,Tráfico,35-44,21/06/25,393593,2386,345,5472.93,
CMP-6943,OnStar,INSTAGRAM ADS,Conversión,55+,06/10/25,440898,12535,107,9843.25,66837.64
CMP-10423,Liverpool,Google Ads,Conversión,18-24,16/01/25,440079,6752,183,50897.72,90374.66
CMP-4934,GM Financial,YouTube Ads,conversión,35-44,03/10/25,176233,4664,337,17967.83,77195.17
CMP-2324,Liverpool,TikTok Ads,alcance,35-44,09/02/25,226812,3771,130,69323.88,
CMP-1438,OnStar,YouTube Ads,Reconocimiento,55+,24/04/25,206378,6587,438,69349.29,35319.67
CMP-10197,Liverpool,Instagram Ads,Conversión,18-24,07/05/25,498300,14323,752,62556.88,98462.05
CMP-5876,Bimbo,TikTok Ads,Conversión,45-54,03/06/25,419268,4343,281,13925.91,86046.76
CMP-10271,Aeroméxico,Facebook Ads,Reconocimiento,18-24,26/07/25,185506,8160,673,,73835.12
CMP-4882,Cerveza Modelo,Instagram Ads,Tráfico,45-54,06/08/25,495886,12083,122,78678.74,95944.25
CMP-2506,Liverpool,YouTube Ads,Alcance,35-44,23/05/25,5392,2431,81,80144.82,87470.85
CMP-1246, Aeroméxico  ,YOUTUBE ADS,Conversión,35-44,04/10/25,490296,11898,53,57179.77,155032.82
CMP-3725,Aeroméxico,YouTube Ads,Tráfico,55+,25/03/25,263012,14799,764,17757.56,48577.29
CMP-4704, Bimbo  ,GOOGLE ADS,Conversión,55+,04/02/25,15476,1531,644,36545.51,218242.37
CMP-4086,GM Financial,LINKEDIN ADS,Leads,35-44,28/01/25,384571,274,274,1497.33,7794.97
CMP-5959,Banco Azteca,Google Ads,Conversión,25-34,12/05/25,372538,11948,794,26445.59,212529.92
CMP-8050,GM Financial,Facebook Ads,Conversión,25-34,31/05/25,9301,9301,222,44669.28,107133.23
CMP-10362,Bimbo,TikTok Ads,Tráfico,18-24,24/08/25,222269,4494,345,40911.67,180622.44
CMP-8423,Liverpool,Facebook Ads,Reconocimiento,18-24,17/08/25,421331,7302,654,32567.1,
CMP-2341,Cerveza Modelo,YouTube Ads,Tráfico,55+,26/09/25,407237,6657,657,9880.64,192538.24
CMP-9855,Bimbo,TikTok Ads,Reconocimiento,25-34,05/10/25,102960,4047,484,12789.62,170695.22
CMP-7112, Cerveza Modelo  ,Facebook Ads,Leads,45-54,25/05/25,414152,12035,136,78349.19,106936.29
CMP-7131,GM Financial,LinkedIn Ads,Alcance,18-24,08/05/25,57797,3343,58,6999.88,71990.13
CMP-6505,Telcel,Google Ads,Conversión,45-54,12/10/25,225243,11442,615,67755.07,163960
CMP-10649,GM Financial,YouTube Ads,Tráfico,18-24,15/03/25,455354,4491,82,50476.04,
CMP-6451,Aeroméxico,YouTube Ads,Conversión,35-44,10/04/25,495513,7248,373,36012.01,27500.05
CMP-3689, Banco Azteca  ,LinkedIn Ads,Alcance,18-24,25/09/25,42486,5335,653,,190435.82
CMP-10676,GM Financial,Instagram Ads,Tráfico,35-44,07/09/25,443300,12603,696,13007.75,218924.79
CMP-2518,OnStar,LINKEDIN ADS,Conversión,25-34,21/04/25,18351,5213,772,77523.19,161945.84
CMP-10786,Banco Azteca,LinkedIn Ads,Reconocimiento,25-34,18/01/25,442224,5397,359,64082.03,125577.36
CMP-4740,GM Financial,LinkedIn Ads,reconocimiento,18-24,28/01/25,134288,12283,791,63446.26,
CMP-9708,GM Financial,Facebook Ads,Alcance,45-54,20/06/25,253726,10037,650,7505.73,206923.85
CMP-9484,OnStar,TikTok Ads,Leads,55+,06/08/25,78085,9063,257,34526.31,107072.3
CMP-1798,Aeroméxico,LinkedIn Ads,alcance,18-24,08/08/25,362857,14748,485,22438.28,148385.8
CMP-1724,Telcel,Instagram Ads,Leads,35-44,29/06/25,411113,2811,445,24203.23,201024.23
CMP-10113,GM Financial,GOOGLE ADS,Reconocimiento,25-34,17/09/25,199364,13515,49,76691.35,206644.01
CMP-4943,Liverpool,LinkedIn Ads,Reconocimiento,25-34,26/09/25,138655,9498,28,26123.33,35462.76
CMP-1693,Telcel,TikTok Ads,Alcance,18-24,20/02/25,442332,12559,351,17147.08,138102.1
CMP-9952,Bimbo,,Conversión,25-34,04/08/25,138550,12347,183,53878.92,210622.84
CMP-6353,Cerveza Modelo,TikTok Ads,Reconocimiento,55+,03/10/25,206954,12037,521,40208.75,79269.74
CMP-2308,Aeroméxico,LINKEDIN ADS,Tráfico,45-54,19/06/25,351441,1318,409,28305.11,8926.51
CMP-10547,Cerveza Modelo,LinkedIn Ads,Alcance,35-44,06/09/25,38261,8019,525,22785.02,143058.08
CMP-8478,GM Financial,Instagram Ads,Tráfico,35-44,24/05/25,118560,6168,218,68917.6,116075.74
CMP-7612,Telcel,LinkedIn Ads,Tráfico,18-24,09/03/25,149443,537,,3164.24,28495.35
CMP-2926,Banco Azteca,TikTok Ads,Leads,45-54,23/05/25,447497,10355,82,13976.7,190380.67
CMP-7108,Aeroméxico,Instagram Ads,Alcance,45-54,31/05/25,86816,8413,425,59198.79,101205.1
CMP-7568, Liverpool  ,TIKTOK ADS,Conversión,18-24,14/03/25,35668,14660,303,,194023.06
CMP-1128,OnStar,TIKTOK ADS,Leads,45-54,11/10/25,326438,13045,489,32143.39,182446.57
CMP-3824,Cerveza Modelo,Google Ads,Alcance,25-34,19/05/25,50152,5176,217,16496.24,13556.36
CMP-2460, GM Financial  ,TikTok Ads,Alcance,35-44,09/01/25,152820,1728,490,52655.3,57730.76
CMP-4473,Aeroméxico,TikTok Ads,reconocimiento,45-54,31/05/25,183546,5994,359,4025.38,99521.38
CMP-6023,OnStar,Instagram Ads,Tráfico,25-34,04/07/25,315601,6706,47,21891.75,103610.03
CMP-7424,Aeroméxico,LinkedIn Ads,Alcance,25-34,28/03/25,386199,7305,695,3842.66,156982.66
CMP-5470,Cerveza Modelo,Instagram Ads,Conversión,18-24,25/08/25,30770,2904,791,73871.8,546.6
CMP-8894,Bimbo,Facebook Ads,Conversión,25-34,16/06/25,83901,5489,753,62633.76,60817.56
CMP-3198,Banco Azteca,Instagram Ads,Tráfico,35-44,03/01/25,201277,10951,416,,120458.61
CMP-1685,GM Financial,TIKTOK ADS,Conversión,45-54,08/10/25,304504,4257,89,21427.25,100554.92
CMP-4997,Liverpool,LinkedIn Ads,Tráfico,18-24,01/07/25,464175,5468,576,58483.33,109861.07
CMP-6160,Telcel,Facebook Ads,Alcance,25-34,13/08/25,281050,323,,14521.29,93386.47
CMP-3009,Banco Azteca,LinkedIn Ads,Alcance,35-44,04/03/25,410031,9618,313,74221.89,90904.32
CMP-2631,Banco Azteca,Google Ads,conversión,45-54,26/07/25,410680,2222,255,81153.65,215402.07
CMP-10212,Aeroméxico,Facebook Ads,Alcance,25-34,26/01/25,393031,1993,157,79828.12,63800.09
CMP-5896,Cerveza Modelo,YouTube Ads,Alcance,25-34,28/01/25,81565,9563,551,65115.45,203985.8
CMP-1650, Liverpool  ,INSTAGRAM ADS,Reconocimiento,35-44,13/04/25,418035,10768,289,57910.2,175274.86
CMP-2424,GM Financial,FACEBOOK ADS,Reconocimiento,55+,21/01/25,77659,9620,311,26867.44,39443.95
CMP-4184,GM Financial,Google Ads,Reconocimiento,18-24,26/01/25,376858,10031,201,60264.64,79411.48
CMP-4932,Telcel,TikTok Ads,alcance,25-34,25/06/25,358536,9338,728,70722.63,112483.34
CMP-4047,Banco Azteca,LinkedIn Ads,Reconocimiento,55+,13/01/25,390450,5410,777,34334.25,23198.75
CMP-8435, Liverpool  ,YouTube Ads,Conversión,45-54,29/04/25,48942,4015,293,24266.82,67023.02
CMP-7175,Bimbo,Instagram Ads,Conversión,35-44,18/01/25,328965,4490,246,31409.53,183027.58
CMP-1341,GM Financial,Facebook Ads,Leads,35-44,15/07/25,83541,2933,799,29938.43,204053.03
CMP-2821,Aeroméxico,Facebook Ads,Alcance,18-24,20/10/25,293081,7316,387,10216.25,3326.82
CMP-9567,Cerveza Modelo,Instagram Ads,Tráfico,35-44,15/03/25,187676,1221,115,,170452.92
CMP-6809,Telcel,INSTAGRAM ADS,tráfico,55+,23/01/25,41096,3718,600,81784.94,7641.31
CMP-5003,GM Financial,TikTok Ads,Reconocimiento,18-24,02/08/25,219158,7844,237,2826.48,36551.62
CMP-6182,Bimbo,YOUTUBE ADS,Alcance,25-34,02/04/25,232188,14185,480,52271.75,30366.17
CMP-10011,OnStar,Facebook Ads,Tráfico,18-24,09/01/25,435296,8365,328,42244.27,8557.86
CMP-2092,Liverpool,YouTube Ads,Reconocimiento,25-34,19/04/25,365589,3273,248,44594.08,200096.59
CMP-3829,Bimbo,YouTube Ads,Leads,18-24,19/05/25,223282,12711,131,50258.24,106378.59
CMP-7230,OnStar,YouTube Ads,Conversión,25-34,17/01/25,406578,8347,709,17111.73,219174.18
CMP-10773,Telcel,LinkedIn Ads,tráfico,25-34,13/10/25,273001,6179,400,39551.13,217060.09
CMP-6814,OnStar,YouTube Ads,Tráfico,25-34,03/04/25,50044,10897,599,10049.37,218932.31
CMP-7440, GM Financial  ,TikTok Ads,Leads,35-44,16/02/25,213849,6549,771,16766.05,201788.91
CMP-6875,Liverpool,LinkedIn Ads,Conversión,45-54,03/09/25,171546,2458,678,35678.35,177653.24
CMP-5504,Aeroméxico,Facebook Ads,Tráfico,35-44,28/09/25,22055,6709,382,75124.57,154203.94
CMP-7480,GM Financial,YOUTUBE ADS,conversión,35-44,10/07/25,223989,10357,124,,125720.79
CMP-8357,Liverpool,Google Ads,Leads,18-24,06/03/25,225015,7393,4,54188.18,126721.51
CMP-8171,Aeroméxico,TikTok Ads,Tráfico,35-44,17/09/25,130821,12262,334,69038.91,127921.92
CMP-8753,Banco Azteca,Instagram Ads,Reconocimiento,45-54,01/08/25,302446,2341,306,16512.12,132597.63
CMP-10394,Banco Azteca,LinkedIn Ads,Tráfico,35-44,17/08/25,75232,2268,23,19527.4,137623.44
CMP-9437,GM Financial,TikTok Ads,Leads,25-34,13/01/25,366997,5283,429,65595.87,112912.18
CMP-7153,Liverpool,LinkedIn Ads,Alcance,18-24,21/05/25,85013,748,2,1434.41,181819.27
CMP-2512,Banco Azteca,TikTok Ads,Leads,25-34,11/08/25,88840,5916,644,33385.71,92165.43
CMP-5457,OnStar,TikTok Ads,Conversión,25-34,19/02/25,74823,3586,542,71690.52,26039.01
CMP-8081,GM Financial,Google Ads,Reconocimiento,55+,30/09/25,280103,7165,299,13808.97,125357.67
CMP-4397,Liverpool,YouTube Ads,Leads,45-54,29/05/25,309662,947,595,46280.49,
CMP-8852, Telcel  ,TikTok Ads,Alcance,45-54,26/03/25,310386,5385,655,66135.08,
CMP-3858,Liverpool,LinkedIn Ads,Leads,55+,03/07/25,26860,14267,197,10442.34,203240.48
CMP-3802, Banco Azteca  ,FACEBOOK ADS,Reconocimiento,35-44,28/03/25,342276,1221,171,59776.11,
CMP-9691,OnStar,YouTube Ads,Conversión,25-34,28/02/25,465079,6955,727,6552.52,59552.48
CMP-9342,GM Financial,YouTube Ads,Alcance,55+,24/03/25,434969,8508,657,62863.12,107872.35
CMP-8910,Aeroméxico,TIKTOK ADS,alcance,25-34,01/01/25,172401,13092,257,84187.54,92683.44
CMP-5467,Telcel,Facebook Ads,Conversión,18-24,08/08/25,163870,12472,784,9754.04,463.29
CMP-7875, Liverpool  ,YouTube Ads,Conversión,35-44,31/05/25,268814,13472,303,64052.24,138214.63
CMP-8948, GM Financial  ,LINKEDIN ADS,Conversión,,10/05/25,449657,7364,307,61035.78,146796.2
CMP-6155,Aeroméxico,YouTube Ads,leads,25-34,25/04/25,162006,2669,265,60043.23,4864.77
CMP-6327,GM Financial,YouTube Ads,Conversión,18-24,07/01/25,120888,11451,508,2674.4,146062.1
CMP-5205,GM Financial,Facebook Ads,Alcance,35-44,21/09/25,47304,13184,357,31469.42,
CMP-2178,OnStar,Facebook Ads,Leads,18-24,21/09/25,38360,7941,166,19031.08,111253.05
CMP-3656,GM Financial,YouTube Ads,Reconocimiento,25-34,21/05/25,159935,14728,663,66109.48,
CMP-10038,GM Financial,TikTok Ads,alcance,55+,17/05/25,209024,14218,214,49618.82,7842.85
CMP-2752,OnStar,YouTube Ads,Reconocimiento,45-54,02/10/25,63660,4342,70,55447.28,106940.49
CMP-4375,OnStar,Google Ads,Conversión,45-54,18/05/25,77564,4390,600,65103.23,
CMP-5996,Banco Azteca,YouTube Ads,Tráfico,45-54,29/01/25,234999,14452,202,37422.69,175183.89
CMP-6986,Bimbo,YouTube Ads,Leads,25-34,09/02/25,310284,4195,307,76499.58,186080.67
CMP-5438,Telcel,YouTube Ads,Conversión,45-54,05/01/25,45696,1093,52,55788.37,85611.55
CMP-5036,Telcel,LINKEDIN ADS,Conversión,45-54,08/05/25,442926,2488,679,80842.43,177136.66
CMP-4992,Bimbo,LinkedIn Ads,Tráfico,35-44,29/07/25,281810,11732,259,59230.49,
CMP-10149,GM Financial,FACEBOOK ADS,Tráfico,35-44,25/01/25,125439,488,412,16778.43,126540.05
CMP-3690,Aeroméxico,LinkedIn Ads,Reconocimiento,35-44,28/08/25,52885,3971,723,38768.21,183241.65
CMP-7522,Banco Azteca,YouTube Ads,Leads,55+,05/08/25,165061,11850,682,42814.52,108504.57
CMP-7984,Bimbo,LinkedIn Ads,Reconocimiento,25-34,28/05/25,68975,10144,434,24179.35,182667.84
CMP-1024,Telcel,Instagram Ads,leads,35-44,19/06/25,437248,2647,700,54050.53,192360.67
CMP-7425,Telcel,TikTok Ads,Conversión,25-34,13/08/25,245360,3648,765,36805.12,8817.78
CMP-8516,Cerveza Modelo,TikTok Ads,Alcance,55+,23/04/25,92776,6214,705,35803.14,196367.34
CMP-5520,Telcel,FACEBOOK ADS,Leads,25-34,30/05/25,97912,6759,379,21956.34,
CMP-3669,Cerveza Modelo,Instagram Ads,alcance,18-24,06/02/25,124565,6549,462,83947.52,153518.13
CMP-3994,GM Financial,Facebook Ads,Tráfico,25-34,14/01/25,130435,9339,89,66156.96,188791.14
CMP-4475,Bimbo,YOUTUBE ADS,Alcance,55+,22/01/25,244200,12716,325,26989.17,186012.45
CMP-9442,Aeroméxico,Instagram Ads,Conversión,35-44,22/08/25,243289,7384,726,72913.3,97352.75
CMP-2643,Bimbo,TikTok Ads,Leads,18-24,02/09/25,159379,13871,53,22613.99,26950.63
CMP-10368,Liverpool,YouTube Ads,Conversión,18-24,22/08/25,336386,8362,100,3924.59,4158.3
CMP-2367, Liverpool  ,LinkedIn Ads,Reconocimiento,45-54,04/06/25,143282,5380,575,13193.42,3188.28
CMP-7145, Telcel  ,Google Ads,Leads,18-24,04/07/25,67938,240,240,18529.44,216554.77
CMP-7962,GM Financial,LinkedIn Ads,Alcance,45-54,09/04/25,98006,10769,683,39854.85,76448.02
CMP-1844,Cerveza Modelo,Google Ads,Alcance,55+,17/05/25,90369,12986,539,66336.8,69379.12
CMP-2749,OnStar,TikTok Ads,Reconocimiento,55+,28/09/25,479870,5775,27,25953,14063.52
CMP-7781,Telcel,INSTAGRAM ADS,Conversión,55+,03/01/25,50375,12079,793,18266.73,141339.75
CMP-2362,Aeroméxico,TikTok Ads,Leads,45-54,12/01/25,339163,7557,199,20664.97,190234.04
CMP-9908,Banco Azteca,TikTok Ads,Leads,55+,08/02/25,360084,6805,106,27699.7,129957.66
CMP-7993,Liverpool,Instagram Ads,Conversión,55+,17/02/25,402765,2861,95,72201.32,141376.59
CMP-7841,Aeroméxico,YouTube Ads,Conversión,55+,17/04/25,497179,3326,494,80071.22,150722.87
CMP-9071,GM Financial,FACEBOOK ADS,Tráfico,45-54,13/09/25,292254,10964,346,14687.98,71711.49
CMP-10672,Aeroméxico,Facebook Ads,alcance,18-24,19/05/25,307104,10807,436,50119.7,203180.83
CMP-9281, Banco Azteca  ,TikTok Ads,Alcance,18-24,29/08/25,178497,7214,277,,8948.23
CMP-8657,OnStar,INSTAGRAM ADS,Alcance,25-34,30/05/25,6826,6290,377,78260.83,216179.65
CMP-9577,Bimbo,LinkedIn Ads,Leads,18-24,30/06/25,428588,4673,714,18682.3,170967.18
CMP-7632, OnStar  ,Instagram Ads,Tráfico,55+,13/06/25,132113,8408,733,25931.7,31087.79
CMP-6987,OnStar,LinkedIn Ads,Alcance,45-54,12/09/25,177009,7273,332,,30121.74
CMP-5052,Aeroméxico,FACEBOOK ADS,Conversión,35-44,22/08/25,302486,3189,723,56716.05,48439.03
CMP-8013, OnStar  ,Facebook Ads,Leads,25-34,11/09/25,270002,10491,,60533.72,55069.43
CMP-6955,GM Financial,Instagram Ads,Alcance,18-24,12/10/25,206420,7991,287,68554.88,198126.47
CMP-2826,Telcel,Instagram Ads,Leads,25-34,19/03/25,393847,7675,135,36520.47,164971.19
CMP-7136,Bimbo,YouTube Ads,Alcance,25-34,19/03/25,29551,3423,414,83781.74,51842.69
CMP-8831,OnStar,Google Ads,Reconocimiento,35-44,13/10/25,29169,7216,704,19608.07,40342.91
CMP-1511,Banco Azteca,Google Ads,Leads,55+,05/01/25,173137,12245,636,12414.12,52972.85
CMP-10318, Cerveza Modelo  ,Google Ads,Alcance,18-24,24/10/25,340556,3999,501,61062.57,91188.4
CMP-10673,Banco Azteca,YouTube Ads,Tráfico,25-34,05/05/25,146714,11479,432,63328.8,161178.73
CMP-6377,Aeroméxico,LinkedIn Ads,Reconocimiento,35-44,27/06/25,144793,13904,208,4120.65,1966.47
CMP-2405,Aeroméxico,Google Ads,Reconocimiento,18-24,26/01/25,5367,5367,64,40169.66,133884.68
CMP-9962,OnStar,Google Ads,Alcance,55+,23/09/25,187889,7692,639,78407.3,212680.5
CMP-8782,GM Financial,FACEBOOK ADS,Tráfico,55+,11/02/25,18662,9848,318,13749.39,11191.21
CMP-10457,Aeroméxico,Google Ads,Conversión,55+,15/03/25,231240,3586,498,66510.08,140430.74
CMP-6960,Banco Azteca,Instagram Ads,Tráfico,,07/09/25,482649,1012,185,11409.85,217516.78
CMP-6834,Banco Azteca,YouTube Ads,Reconocimiento,55+,11/08/25,175041,11857,404,62529.46,217939.62
CMP-6967,Bimbo,Facebook Ads,reconocimiento,45-54,15/09/25,327662,9968,91,30822.4,141576.12
CMP-5064,Liverpool,,Leads,55+,30/09/25,82384,6317,517,16801.8,40391.61
CMP-8790,Aeroméxico,Facebook Ads,Conversión,55+,25/02/25,333351,2906,176,13544.09,177039.98
CMP-7389,Aeroméxico,LinkedIn Ads,Reconocimiento,,24/10/25,263740,232,155,,71692.03
CMP-2908,Bimbo,Instagram Ads,Tráfico,18-24,15/10/25,332634,10015,719,24847.87,130203.91
CMP-2579,OnStar,TikTok Ads,Leads,55+,25/08/25,270175,12666,377,40937.2,35957.35
CMP-5844,Liverpool,YouTube Ads,Alcance,45-54,21/02/25,305951,477,477,38769.9,99685.38
CMP-5646,Aeroméxico,TikTok Ads,alcance,35-44,05/10/25,399403,9554,607,71834.46,100721.99
CMP-2874,Aeroméxico,Instagram Ads,Reconocimiento,35-44,15/09/25,33294,13259,546,68154.94,15550.53
CMP-6681,Aeroméxico,Google Ads,Tráfico,45-54,15/03/25,441135,4014,739,38249.63,139329.79
CMP-6886,Cerveza Modelo,Facebook Ads,Alcance,35-44,30/04/25,370025,928,576,75598.05,53817.75
CMP-8229,Telcel,YouTube Ads,Tráfico,55+,04/03/25,30641,7666,602,6178.11,210278.29
CMP-3233,Banco Azteca,LinkedIn Ads,Tráfico,18-24,07/02/25,272211,5535,333,23499.63,124859.05
CMP-7252,Aeroméxico,Facebook Ads,Conversión,18-24,06/04/25,343104,5755,478,43902.72,171127.75
CMP-4131, Cerveza Modelo  ,Instagram Ads,Conversión,45-54,19/06/25,283857,8028,722,70727.54,159746.68
CMP-2988,GM Financial,LINKEDIN ADS,Alcance,55+,10/09/25,266005,10036,167,70477.02,191543.05
CMP-2677,Liverpool,YouTube Ads,Alcance,,06/08/25,194999,9955,566,10083.45,67113.09
CMP-5255,GM Financial,TikTok Ads,Tráfico,18-24,19/05/25,354320,10357,369,39678.63,92741.57
CMP-2659,Aeroméxico,Google Ads,Conversión,55+,08/02/25,358710,4656,506,57274.43,181816.48
CMP-10703,Banco Azteca,Instagram Ads,Leads,25-34,30/05/25,366709,52,52,43420.37,111379.51
CMP-5923,Bimbo,YouTube Ads,Reconocimiento,45-54,29/07/25,146003,6075,540,28824.4,15281.65
CMP-8463,OnStar,Instagram Ads,Leads,45-54,14/03/25,427126,8043,124,82687.64,94904.35
CMP-4151,OnStar,YouTube Ads,Tráfico,18-24,21/04/25,309642,6327,154,75494.02,54403.47
CMP-5129,Telcel,TikTok Ads,Conversión,35-44,28/09/25,489091,14562,,13178.07,139090.9
CMP-5456,Liverpool,YouTube Ads,Tráfico,25-34,25/05/25,35997,5679,92,43690.17,145459.83
CMP-2130,Aeroméxico,Google Ads,Conversión,18-24,11/01/25,68605,10609,158,66586.56,160934.48
CMP-8162,Cerveza Modelo,Instagram Ads,Tráfico,55+,15/01/25,226300,2530,278,55417.87,44816.19
CMP-4737,Cerveza Modelo,LinkedIn Ads,Leads,18-24,11/06/25,430939,962,83,40049.49,152743.57
CMP-8031,OnStar,Instagram Ads,Leads,35-44,16/01/25,30427,228,228,57917.93,134513.16
CMP-1847,Telcel,LinkedIn Ads,Leads,55+,01/01/25,7684,7171,356,10384.12,145814.05
CMP-9743,OnStar,Instagram Ads,Tráfico,35-44,06/07/25,488471,2958,713,15247.15,121835.68
CMP-5938,OnStar,TikTok Ads,Reconocimiento,35-44,08/07/25,74996,6336,579,53230.81,54341.85
CMP-7608,Liverpool,Instagram Ads,Conversión,25-34,24/09/25,241625,7118,201,29812.04,204899.89
CMP-1870,Bimbo,YouTube Ads,Reconocimiento,55+,28/06/25,153218,13338,298,71760.46,35070.93
CMP-8946,OnStar,Instagram Ads,Alcance,45-54,05/10/25,411626,12602,149,54686.71,140233.05
CMP-3810,GM Financial,TikTok Ads,Leads,25-34,06/05/25,191139,9483,,82964.84,156555.44
CMP-3216,Aeroméxico,,Alcance,18-24,16/03/25,180080,7891,683,,24726.74
CMP-9465, Aeroméxico  ,Facebook Ads,Tráfico,45-54,04/06/25,85907,11139,269,64428.97,174354.96
CMP-10608,Banco Azteca,TikTok Ads,Reconocimiento,18-24,26/07/25,336509,1864,528,7118.2,184674.6
CMP-10963,GM Financial,Facebook Ads,Leads,18-24,04/01/25,152425,2706,639,77871.15,33354.68
CMP-2618,Liverpool,TikTok Ads,Reconocimiento,35-44,21/09/25,9132,9132,69,42945.57,
CMP-3463,OnStar,Instagram Ads,Alcance,18-24,01/02/25,58593,13110,61,46678.22,109871.66
CMP-1267,OnStar,Google Ads,Alcance,18-24,04/01/25,416619,8445,767,1810.83,186181.22
CMP-8973,GM Financial,Facebook Ads,Tráfico,35-44,11/02/25,298662,10654,279,27808.5,58319.98
CMP-2398,Cerveza Modelo,Instagram Ads,Conversión,45-54,15/08/25,220766,12961,790,50137.12,157475.69
CMP-7337,Cerveza Modelo,TikTok Ads,Alcance,25-34,17/06/25,90361,5674,333,56235.89,186338.73
CMP-9780,Aeroméxico,Facebook Ads,Alcance,45-54,23/03/25,106832,6177,526,11259.41,13777.27
CMP-9443,Telcel,TikTok Ads,Alcance,18-24,17/09/25,218830,14240,539,19233.56,169250.21
CMP-2811,GM Financial,LinkedIn Ads,Leads,45-54,30/08/25,245560,13917,177,34644.57,173474.71
CMP-1687,Liverpool,LINKEDIN ADS,Conversión,18-24,14/07/25,328280,4714,740,39024.12,
CMP-6883,Aeroméxico,LinkedIn Ads,Alcance,55+,21/10/25,389886,4619,75,46815.68,95142.69
CMP-3341,Telcel,Google Ads,Leads,55+,07/09/25,15241,2106,240,9821.6,62774.59
CMP-5251, OnStar  ,Facebook Ads,Conversión,18-24,17/04/25,287463,2469,331,83720.46,42322.9
CMP-3868,GM Financial,Facebook Ads,Conversión,45-54,11/03/25,120805,4537,195,21497.15,198836.73
CMP-3141,Banco Azteca,Instagram Ads,Tráfico,18-24,15/10/25,130592,14071,138,18395.92,91955.85
CMP-5119,Banco Azteca,TikTok Ads,reconocimiento,45-54,16/04/25,458326,8528,56,28542.68,64490.04
CMP-7384,Banco Azteca,YouTube Ads,Conversión,55+,31/01/25,433144,8791,123,57811.03,192489.31
CMP-9387,OnStar,TikTok Ads,Alcance,25-34,21/04/25,256602,8917,400,54419.53,29329.31
CMP-3978,Cerveza Modelo,LINKEDIN ADS,Conversión,55+,26/09/25,271358,11026,529,,41661.7
CMP-7643,Banco Azteca,FACEBOOK ADS,Alcance,25-34,21/03/25,79784,7430,,24935.6,62466.22
CMP-5396,Aeroméxico,YOUTUBE ADS,Leads,45-54,31/01/25,383900,9325,748,2856.81,144752.92
CMP-8283, Cerveza Modelo  ,Facebook Ads,Reconocimiento,55+,19/09/25,430659,14785,444,54384.95,188605.77
CMP-2624,Telcel,Instagram Ads,Conversión,25-34,17/04/25,131882,12110,630,32873.48,217002.98
CMP-1518,Banco Azteca,Instagram Ads,Leads,45-54,19/10/25,179224,6833,130,19648.93,109520.5
CMP-5614, OnStar  ,INSTAGRAM ADS,Conversión,25-34,21/01/25,136979,344,344,55127.29,207201.06
CMP-2318,Cerveza Modelo,TikTok Ads,Reconocimiento,45-54,31/03/25,128745,3749,614,53605.41,147579.73
CMP-8430,Banco Azteca,Facebook Ads,Leads,45-54,08/03/25,13301,3931,380,38826.03,100717.35
CMP-3426,Cerveza Modelo,LinkedIn Ads,Alcance,45-54,15/08/25,280816,8728,113,25142.79,140951.37
CMP-2909,GM Financial,YouTube Ads,Reconocimiento,35-44,10/06/25,384202,6907,364,66976.56,45988.62
CMP-9742,Telcel,LinkedIn Ads,Conversión,55+,18/03/25,119386,1537,142,50602.52,39484.65
CMP-10132,OnStar,Facebook Ads,Leads,18-24,25/02/25,480846,10633,371,4154.21,191878.87
CMP-7152,OnStar,TikTok Ads,Reconocimiento,35-44,10/06/25,186786,11087,751,83449.85,
CMP-9785,Liverpool,TikTok Ads,Leads,45-54,22/08/25,188119,10939,107,9818.55,158122.66
CMP-2427,Bimbo,YouTube Ads,Leads,18-24,27/05/25,267741,11535,535,11741,194690.33
CMP-4956,OnStar,Google Ads,Conversión,45-54,16/07/25,92619,12432,97,20710.32,127160.57
CMP-8714,Cerveza Modelo,INSTAGRAM ADS,Tráfico,55+,16/10/25,83908,12937,178,56964.13,175792.03
CMP-4959,GM Financial,Google Ads,Reconocimiento,25-34,25/01/25,244864,13779,273,22432.69,171079.75
CMP-10682,GM Financial,Instagram Ads,Leads,55+,19/02/25,150444,11782,404,34437.69,194744.46
CMP-8542, Aeroméxico  ,LINKEDIN ADS,Alcance,35-44,29/09/25,59809,5353,76,22460.86,190768.02
CMP-3190,GM Financial,Instagram Ads,Conversión,55+,17/08/25,443326,4722,272,49770.78,208683.26
CMP-5821,Banco Azteca,LinkedIn Ads,Tráfico,25-34,08/01/25,148063,13814,289,35684.17,126876.78
CMP-1595,Telcel,Google Ads,Reconocimiento,18-24,05/01/25,483716,8802,739,34041.13,198060.92
CMP-2743,Aeroméxico,YouTube Ads,Alcance,45-54,27/04/25,233465,2322,498,70818.29,200193.57
CMP-2680,Telcel,Facebook Ads,Tráfico,25-34,26/01/25,262621,4413,183,22399.07,175420.73
CMP-1792,Aeroméxico,Google Ads,Reconocimiento,55+,31/01/25,143989,9016,35,77665.24,162181.09
CMP-8208,Cerveza Modelo,YouTube Ads,Conversión,25-34,05/06/25,475994,8613,450,58227.97,159121.34
CMP-5069,GM Financial,YouTube Ads,Leads,18-24,12/03/25,363417,9868,466,72216.53,58200.04
CMP-9556,Cerveza Modelo,Facebook Ads,Leads,25-34,29/03/25,223680,12969,27,27254.01,153514.53
CMP-5155,OnStar,YouTube Ads,Conversión,45-54,12/05/25,83054,8268,265,18720.21,17988.12
CMP-6584,OnStar,TikTok Ads,Tráfico,55+,27/01/25,200637,8826,82,74089.29,
CMP-3849,Liverpool,Facebook Ads,tráfico,45-54,27/04/25,447515,13952,526,35559.49,135922.74
CMP-7196,Bimbo,TikTok Ads,Leads,55+,02/10/25,36471,3674,190,13660.5,46677.68
CMP-2995,OnStar,YouTube Ads,Conversión,55+,20/09/25,85418,1532,719,40386.67,135129.09
CMP-5567,Telcel,Instagram Ads,Reconocimiento,35-44,29/09/25,270240,11012,338,78356.91,209115.93
CMP-2009,Bimbo,Instagram Ads,Conversión,35-44,24/04/25,54121,13502,511,,131469.37
CMP-1998,Liverpool,Instagram Ads,Alcance,55+,07/06/25,73099,12899,218,71199.42,82161.78
CMP-3437,Liverpool,YouTube Ads,Reconocimiento,35-44,24/10/25,133166,12481,668,48797.58,168614.76
CMP-3431,Telcel,,Reconocimiento,18-24,27/06/25,56330,9279,51,71118.95,52654.76
CMP-5615,GM Financial,Instagram Ads,conversión,35-44,05/03/25,914,11,11,75685.84,180190.56
CMP-9113,OnStar,Google Ads,Conversión,35-44,16/10/25,59094,14684,323,18486.88,19895.59
CMP-5170,Telcel,Instagram Ads,Leads,25-34,27/07/25,336046,13963,626,53802.77,59597.1
CMP-3973,Cerveza Modelo,YOUTUBE ADS,Leads,18-24,19/08/25,4960,1131,,77497.58,164873.17
CMP-7277,Cerveza Modelo,Instagram Ads,Leads,35-44,25/07/25,201861,5700,223,54820.77,
CMP-7847,Bimbo,Facebook Ads,Alcance,18-24,13/10/25,487905,10004,474,5649.2,80376.08
CMP-5936,OnStar,Instagram Ads,Reconocimiento,45-54,12/03/25,203536,557,303,54461.97,207643.32
CMP-2543,Bimbo,YouTube Ads,Reconocimiento,55+,27/10/25,194890,14635,17,26613.22,74437.84
CMP-8255,OnStar,LinkedIn Ads,leads,45-54,25/04/25,355814,7402,229,30621.48,61868.52
CMP-5324,Liverpool,LinkedIn Ads,Leads,35-44,10/10/25,20854,5794,701,58152.79,7357.38
CMP-2973,Banco Azteca,Google Ads,Leads,35-44,31/01/25,366020,7990,190,7601.27,105548.85
CMP-1134,GM Financial,Facebook Ads,Tráfico,25-34,11/10/25,274811,5490,611,79343.6,123114.91
CMP-1002,Aeroméxico,Google Ads,Alcance,35-44,17/04/25,113207,8200,128,6028.45,36415.58
CMP-9058,Telcel,TIKTOK ADS,Reconocimiento,55+,04/06/25,373825,610,28,37015.26,79887.44
CMP-5820,Bimbo,YouTube Ads,Alcance,45-54,13/07/25,377673,4472,295,80213.46,213371.97
CMP-6172,Aeroméxico,YouTube Ads,Reconocimiento,35-44,21/01/25,127781,905,518,84115.99,119136.52
CMP-7142,Telcel,INSTAGRAM ADS,Leads,25-34,25/05/25,211838,12166,346,,192063.06
CMP-9991,Liverpool,Google Ads,Reconocimiento,45-54,23/05/25,118857,5872,335,69263.16,197566.92
CMP-7011,Liverpool,GOOGLE ADS,Leads,55+,13/09/25,473366,6385,318,36199.76,197047.74
CMP-5242,Bimbo,Instagram Ads,Alcance,45-54,22/09/25,352396,9225,679,30947.14,
CMP-3560,Liverpool,FACEBOOK ADS,Conversión,55+,03/06/25,449630,3455,295,57220.59,149042.63
CMP-9909,Liverpool,TikTok Ads,Conversión,35-44,10/04/25,56435,2046,668,16660.39,120039.99
CMP-3759,Telcel,Instagram Ads,Conversión,18-24,16/03/25,187629,3109,612,,145991.24
CMP-9824,OnStar,Instagram Ads,Leads,45-54,11/08/25,176837,4919,146,,98213.92
CMP-5683, Cerveza Modelo  ,YouTube Ads,Leads,35-44,07/10/25,100503,14169,108,76843.33,114469.25
CMP-4735, Aeroméxico  ,INSTAGRAM ADS,Alcance,25-34,18/05/25,302040,13791,424,25525.02,13460.1
CMP-1387,Telcel,TikTok Ads,conversión,55+,26/08/25,15520,7093,,47930.69,95822.44
CMP-5274,Aeroméxico,TIKTOK ADS,Reconocimiento,45-54,06/01/25,239858,5513,561,628.1,80470.12
CMP-1456,Aeroméxico,YouTube Ads,Leads,18-24,02/07/25,482351,13502,518,16444.28,16841.64
CMP-9994,Banco Azteca,YOUTUBE ADS,Alcance,25-34,31/03/25,451892,9305,120,17801.77,131901.21
CMP-6753,OnStar,GOOGLE ADS,tráfico,35-44,18/02/25,66412,734,658,12656.32,194451.62
CMP-8540,GM Financial,TikTok Ads,Tráfico,35-44,24/03/25,392870,6852,55,45966.22,81550.61
CMP-3243,Bimbo,TIKTOK ADS,Conversión,35-44,14/01/25,191464,5752,139,73903.47,127031.79
CMP-6745,Banco Azteca,Instagram Ads,Conversión,25-34,01/05/25,219105,11167,86,38738.84,158643.93
CMP-2457,Banco Azteca,Google Ads,Tráfico,18-24,30/09/25,200988,6401,436,50569.47,
CMP-5561,Bimbo,Facebook Ads,Tráfico,35-44,28/07/25,19440,1961,569,35126.78,22194.27
CMP-6741,Aeroméxico,Instagram Ads,Alcance,35-44,31/03/25,370131,85,85,63556.23,183778.76
CMP-6413,Banco Azteca,TikTok Ads,Leads,18-24,26/09/25,11755,11755,685,27963.89,210399.44
CMP-4705,Bimbo,,Tráfico,,08/02/25,311927,14537,650,48895.08,
CMP-1999,Bimbo,Instagram Ads,Reconocimiento,18-24,12/10/25,233213,3769,415,48749.44,55238.76
CMP-9031,Telcel,LinkedIn Ads,Reconocimiento,25-34,19/06/25,69620,3421,364,55491.37,193504.43
CMP-5265, Banco Azteca  ,Instagram Ads,Alcance,18-24,21/08/25,255998,5891,200,71167.28,152890.84
CMP-4242,Telcel,YouTube Ads,Alcance,18-24,31/03/25,261493,10457,189,32603.99,179981.73
CMP-7008,GM Financial,YOUTUBE ADS,Leads,25-34,08/06/25,21205,7461,49,38633.96,188385.92
CMP-10374,Cerveza Modelo,Google Ads,Tráfico,25-34,11/06/25,117802,8221,748,53244.49,156342.97
CMP-1420,Liverpool,INSTAGRAM ADS,Alcance,45-54,06/03/25,326665,8240,35,60367.09,102113.97
CMP-7328,Cerveza Modelo,Facebook Ads,conversión,45-54,30/07/25,43346,3125,380,,47825.99
CMP-3876,Telcel,TikTok Ads,Reconocimiento,25-34,11/07/25,33576,6869,497,54128.53,128007.31
CMP-3811,Telcel,Google Ads,Tráfico,35-44,19/04/25,289477,11354,777,26626.22,199552.76
CMP-7185, Cerveza Modelo  ,Google Ads,leads,18-24,09/02/25,127769,12795,370,34123.66,15927.18
CMP-9777,GM Financial,TikTok Ads,Tráfico,45-54,05/09/25,94611,1761,787,65214.72,64130.07
CMP-4818,OnStar,Instagram Ads,Leads,25-34,22/06/25,31397,11407,93,11042.14,84611.46
CMP-8862,Aeroméxico,YouTube Ads,Reconocimiento,25-34,08/10/25,495774,9686,709,-6935.21,99728.74
CMP-10303,Banco Azteca,Facebook Ads,conversión,35-44,24/02/25,208305,14168,129,75184.63,165341.92
CMP-4962,Aeroméxico,YouTube Ads,Tráfico,55+,29/01/25,304073,77,77,11840.3,44349.04
CMP-5718,Bimbo,YouTube Ads,Tráfico,35-44,12/01/25,446179,6028,558,75513.23,103054.4
CMP-10096,Bimbo,LinkedIn Ads,Tráfico,55+,21/05/25,376905,7341,584,68986.92,148703.08
CMP-1800,GM Financial,Facebook Ads,leads,35-44,04/01/25,107273,5254,410,49440.69,123668.26
CMP-3161,Telcel,LinkedIn Ads,Reconocimiento,25-34,13/09/25,221306,4776,435,70278.4,135109.05
CMP-5529, Banco Azteca  ,Instagram Ads,Conversión,25-34,18/01/25,454589,5992,237,20863.7,3246.73
CMP-4036,Banco Azteca,TikTok Ads,Conversión,55+,22/04/25,173848,5910,688,25119.32,15678.49
CMP-3489,GM Financial,FACEBOOK ADS,Reconocimiento,45-54,22/09/25,298714,14718,701,12441.87,14743.84
CMP-8832,Cerveza Modelo,GOOGLE ADS,Alcance,25-34,27/08/25,365743,8400,28,57448.96,93708.98
CMP-2727,GM Financial,LinkedIn Ads,Leads,25-34,03/01/25,394852,12252,173,74419.87,51438.78
CMP-5156,OnStar,TikTok Ads,Conversión,45-54,08/02/25,134173,2297,354,78382.21,
CMP-7838,Aeroméxico,Google Ads,Reconocimiento,45-54,22/01/25,219264,2236,785,28443.25,191411
CMP-6039,Bimbo,Facebook Ads,Leads,35-44,08/09/25,343891,10335,593,,
CMP-4732,OnStar,FACEBOOK ADS,Conversión,35-44,06/05/25,163312,8179,,29833.17,28684.3
CMP-5659,OnStar,GOOGLE ADS,Alcance,55+,08/07/25,10565,1925,765,80511.91,595.26
CMP-8046,Bimbo,YouTube Ads,Conversión,25-34,07/06/25,466170,4341,312,39404.46,201079.89
CMP-2205, Liverpool  ,Google Ads,Conversión,45-54,11/08/25,492259,12574,564,54167.88,122469.27
CMP-3308,Liverpool,Facebook Ads,Leads,25-34,17/09/25,52766,10463,647,754.67,133917.88
CMP-7392,Bimbo,TikTok Ads,Alcance,25-34,18/07/25,316799,156,114,4854.97,45791.85
CMP-5752,Telcel,LinkedIn Ads,Alcance,35-44,07/05/25,61038,9800,754,52951.81,182749.99
CMP-4660,Banco Azteca,FACEBOOK ADS,Conversión,45-54,02/08/25,254045,14324,168,74414.99,64357.58
CMP-3008, Bimbo  ,YOUTUBE ADS,Leads,55+,27/06/25,369079,12376,741,64297.61,69610.12
CMP-6292,Liverpool,TikTok Ads,leads,55+,13/01/25,304206,3404,108,76834.01,63982.11
CMP-2977,Bimbo,YouTube Ads,Alcance,35-44,12/02/25,382465,12045,575,14618.89,11028.06
CMP-2497,GM Financial,TikTok Ads,Tráfico,25-34,18/03/25,378425,4491,12,,165757.01
CMP-4908,Bimbo,Facebook Ads,Leads,45-54,14/06/25,49125,5738,314,78922.76,75490.02
CMP-4748,OnStar,TikTok Ads,Alcance,35-44,27/05/25,408681,11273,521,21840.9,98465.08
CMP-9014,Banco Azteca,LinkedIn Ads,Tráfico,45-54,15/04/25,129423,1295,323,50545.9,111909.14
CMP-6254,Telcel,LinkedIn Ads,Reconocimiento,45-54,05/04/25,175114,1356,658,40225.51,88070
CMP-5542,Aeroméxico,Instagram Ads,Reconocimiento,25-34,30/01/25,403863,8741,521,,263.76
CMP-10841,GM Financial,Instagram Ads,Alcance,45-54,26/01/25,471883,2256,342,31369.31,202001.43
CMP-10922,Telcel,LINKEDIN ADS,Conversión,18-24,19/07/25,173038,5065,682,2714.01,166072.6
CMP-8337,Banco Azteca,Facebook Ads,Alcance,18-24,23/10/25,352519,458,229,,12382.61
CMP-9544,Bimbo,LinkedIn Ads,reconocimiento,18-24,28/09/25,145268,11496,462,65595.02,45746.44
CMP-2740,GM Financial,TIKTOK ADS,leads,45-54,12/02/25,300385,6630,4,18852.59,429.38
CMP-10532,Banco Azteca,Facebook Ads,reconocimiento,45-54,23/02/25,353559,2157,392,,
CMP-9273,Banco Azteca,TikTok Ads,Alcance,25-34,06/03/25,405127,1669,492,33410.04,64604.19
CMP-5575,Telcel,LinkedIn Ads,Leads,55+,25/10/25,108290,4922,148,60653.35,84026.11
CMP-9906,Aeroméxico,TikTok Ads,Leads,55+,29/07/25,65205,13736,305,42833.89,122241.48
CMP-6470,Cerveza Modelo,YouTube Ads,Alcance,25-34,10/06/25,434727,654,654,45160.36,128402.74
CMP-3034,Liverpool,YouTube Ads,leads,,30/06/25,331545,3081,333,43836.64,189812.12
CMP-8544,Bimbo,Facebook Ads,Conversión,25-34,28/08/25,325979,7171,309,72186.22,134062.12
CMP-7383,OnStar,Google Ads,Conversión,25-34,19/07/25,305365,10243,238,,55904.25
CMP-3706,OnStar,INSTAGRAM ADS,Leads,35-44,27/08/25,259019,1876,253,20890.49,175409.23
CMP-3644,OnStar,Google Ads,tráfico,45-54,25/09/25,403389,12547,34,37652.57,56054.29
CMP-6137,OnStar,,Tráfico,45-54,17/06/25,371144,3917,180,4693.45,87782.89
CMP-7478,GM Financial,Instagram Ads,Alcance,35-44,12/02/25,102702,10471,675,11198.67,185048
CMP-10952,Bimbo,Facebook Ads,Conversión,55+,26/02/25,260165,11871,101,37695.07,149569.24
CMP-9814,Bimbo,GOOGLE ADS,Tráfico,,21/08/25,441409,9496,524,77928.18,170725.16
CMP-4915,Aeroméxico,Instagram Ads,Conversión,55+,05/01/25,40201,11003,5,10374.52,51128.53
CMP-6252,Telcel,Facebook Ads,conversión,35-44,19/04/25,290217,12402,415,39513.72,218663.03
CMP-6442,Liverpool,Google Ads,Alcance,55+,10/03/25,471018,799,119,25758.22,109192.71
CMP-8541,Liverpool,Facebook Ads,alcance,35-44,19/09/25,57783,7049,552,38668.39,17826.84
CMP-7408,Aeroméxico,TikTok Ads,Leads,45-54,16/10/25,186398,6494,398,49643.99,69291.92
CMP-1318,Aeroméxico,Google Ads,Alcance,45-54,23/05/25,179814,9154,364,7253.18,147445.53
CMP-9628,OnStar,YOUTUBE ADS,Leads,45-54,15/09/25,402193,1318,370,3176.21,243.77
CMP-1039, Banco Azteca  ,,Alcance,18-24,30/08/25,30292,6443,322,83979.89,81237.98
CMP-2855,Bimbo,Facebook Ads,Conversión,35-44,15/07/25,23717,559,559,38816.71,131783.83
CMP-4803,Bimbo,Google Ads,Tráfico,45-54,20/08/25,26026,11047,514,19222.63,126916.62
CMP-5884,Cerveza Modelo,TikTok Ads,Alcance,35-44,30/03/25,49557,14178,412,13961.7,176763.32
CMP-4994,Banco Azteca,TikTok Ads,Alcance,45-54,04/10/25,399879,11014,349,8288.79,205589.97
CMP-2275,Telcel,Google Ads,Conversión,45-54,29/08/25,252738,3445,377,42517.09,186672.85
CMP-1172, OnStar  ,YouTube Ads,Alcance,35-44,23/02/25,110760,6539,650,17522.91,178129.49
CMP-8294,Bimbo,Facebook Ads,Alcance,25-34,24/08/25,307042,5357,740,40528.93,23113.09
CMP-6140,GM Financial,LinkedIn Ads,Tráfico,18-24,06/05/25,166139,4444,435,38582.3,199303.16
CMP-6483,GM Financial,Google Ads,Tráfico,55+,01/07/25,400073,13058,742,51767.91,173524.5
CMP-10183, Telcel  ,LinkedIn Ads,Leads,25-34,22/08/25,479481,1358,122,65825.97,114430.5
CMP-6018,Aeroméxico,Google Ads,conversión,25-34,03/04/25,390328,8811,512,66542.39,203181.65
CMP-6610,Liverpool,LinkedIn Ads,Alcance,25-34,12/03/25,384476,10527,214,9393.9,24409.32
CMP-7788,Telcel,YouTube Ads,Alcance,18-24,05/07/25,371300,2646,582,53215.58,82283.35
CMP-3743,Banco Azteca,Instagram Ads,Reconocimiento,55+,11/10/25,427249,11049,769,31940.74,53043.82
CMP-7851,Liverpool,Google Ads,Conversión,35-44,08/02/25,406032,4280,111,34934.88,161432.67
CMP-7846,Telcel,LinkedIn Ads,Conversión,18-24,27/04/25,278377,6494,109,34544.98,209575.86
CMP-2319,Liverpool,LinkedIn Ads,Alcance,55+,06/02/25,134277,6935,186,75023.78,196394.86
CMP-10930,GM Financial,TikTok Ads,Reconocimiento,45-54,11/06/25,15886,9844,187,30950.62,144.43
CMP-8573,GM Financial,Google Ads,Reconocimiento,55+,24/03/25,296269,8257,548,80798.95,
CMP-1331,Liverpool,GOOGLE ADS,Tráfico,18-24,19/06/25,389889,4478,506,82837.99,60916.26
CMP-9052,Cerveza Modelo,TikTok Ads,tráfico,35-44,22/02/25,198511,8571,191,36050.4,195870.55
CMP-9451,Aeroméxico,Instagram Ads,Reconocimiento,25-34,10/01/25,227897,6792,562,39624.15,61482.98
CMP-10373,Aeroméxico,Google Ads,Reconocimiento,55+,29/01/25,195850,2506,275,33116.31,194683.43
CMP-2315,Liverpool,FACEBOOK ADS,Leads,25-34,07/02/25,405143,10044,507,67770.1,8525.92
CMP-7729,Liverpool,Facebook Ads,Alcance,35-44,02/04/25,152741,3261,481,61683.45,35037.75
CMP-4605,Liverpool,Google Ads,Tráfico,25-34,02/09/25,136588,920,,2815.03,193387.29
CMP-6749,Aeroméxico,TikTok Ads,Tráfico,18-24,10/09/25,240668,1984,733,53000.1,131702.78
CMP-8375,Telcel,YouTube Ads,Conversión,18-24,28/04/25,250133,2130,,11573.8,167368.96
CMP-6634,OnStar,Instagram Ads,Leads,55+,25/04/25,230978,11696,152,43622.43,120566.32
CMP-9463,GM Financial,Google Ads,Alcance,55+,24/04/25,476540,5985,640,59168.49,143752.79
CMP-4833,Liverpool,Facebook Ads,Tráfico,18-24,01/03/25,193630,10284,275,13879.52,124973.26
CMP-1477,Banco Azteca,Google Ads,Tráfico,45-54,10/03/25,473921,2642,392,1334.99,168506.71
CMP-10931,Aeroméxico,TikTok Ads,Reconocimiento,55+,09/03/25,253076,3194,749,42088.62,147914.8
CMP-3229,Cerveza Modelo,TikTok Ads,Alcance,55+,03/06/25,341723,14032,436,12736.7,59666.55
CMP-1287,Liverpool,Google Ads,Alcance,18-24,10/09/25,251587,3919,678,67580.13,118824.76
CMP-4208,Banco Azteca,LinkedIn Ads,Alcance,55+,15/01/25,121284,1391,183,45043.19,35800.06
CMP-9410,Aeroméxico,INSTAGRAM ADS,Reconocimiento,25-34,12/04/25,376485,6582,,79694.26,110188.41
CMP-7619,Aeroméxico,LinkedIn Ads,Conversión,18-24,08/02/25,392219,8016,160,21125.65,215572.35
CMP-3550,GM Financial,TIKTOK ADS,Tráfico,35-44,07/02/25,282579,3456,143,79993.1,66885.62
CMP-6371,Banco Azteca,Instagram Ads,Conversión,35-44,18/08/25,150326,10495,556,49909.08,
CMP-7509,Banco Azteca,Instagram Ads,Tráfico,55+,14/09/25,3132,1264,172,44948.98,120679.9
CMP-4191, Telcel  ,Instagram Ads,Alcance,25-34,21/02/25,112256,4412,432,68232.78,14135.04
CMP-10437,GM Financial,LINKEDIN ADS,Tráfico,55+,03/04/25,456522,3896,110,49636.79,209426.88
CMP-10054,Cerveza Modelo,LinkedIn Ads,Conversión,55+,08/10/25,304493,10583,74,61198.76,96698.09
CMP-10439, Banco Azteca  ,Facebook Ads,Alcance,45-54,03/08/25,198453,4098,227,8125.7,17096.38
CMP-1137,OnStar,LinkedIn Ads,Reconocimiento,35-44,13/02/25,243728,13530,682,40088.41,121727.88
CMP-3703,Telcel,LinkedIn Ads,Conversión,,07/05/25,154398,9781,235,55176.5,109266.04
CMP-3891,Cerveza Modelo,TikTok Ads,Alcance,18-24,04/03/25,194418,1149,187,20749.42,23655.14
CMP-8594, Banco Azteca  ,Google Ads,Leads,18-24,18/03/25,362021,9765,674,55387.03,90146.42
CMP-3783,OnStar,Facebook Ads,Leads,55+,23/04/25,458315,11331,389,8639.26,147259.73
CMP-7400,Liverpool,LinkedIn Ads,Conversión,18-24,10/05/25,479298,1009,248,68079.18,19493
CMP-7977,OnStar,TikTok Ads,Tráfico,45-54,11/04/25,91668,13885,586,69746.61,181471.24
CMP-4342,Banco Azteca,LINKEDIN ADS,Alcance,25-34,06/10/25,60657,14121,615,27747.99,116183.76
CMP-10983,GM Financial,YouTube Ads,Tráfico,45-54,07/01/25,223472,11218,233,38435.99,118432.74
CMP-10444,Cerveza Modelo,YouTube Ads,conversión,45-54,19/10/25,268243,12092,141,24803.9,40619.05
CMP-3745,OnStar,TikTok Ads,Tráfico,55+,17/04/25,159364,13973,428,9661.13,179572.66
CMP-8491,Liverpool,YouTube Ads,Tráfico,18-24,15/02/25,194091,790,460,29202.38,74260.91
CMP-4251,Liverpool,Instagram Ads,Alcance,25-34,28/02/25,129848,13666,208,24894.37,154285.12
CMP-1232,Bimbo,TikTok Ads,alcance,25-34,23/04/25,68896,7276,559,12103.73,50076.98
CMP-5055, Banco Azteca  ,Google Ads,Tráfico,55+,29/04/25,78867,8802,,43809.17,130481.88
CMP-7044,Banco Azteca,Google Ads,Alcance,18-24,04/01/25,339063,11250,757,59459.4,204731.28
CMP-9641,GM Financial,Instagram Ads,Leads,55+,25/07/25,44177,14278,177,79739.64,215120.31
CMP-5249,Telcel,Instagram Ads,Conversión,25-34,09/07/25,347575,347,182,28570.89,23086.37
CMP-7699,Bimbo,YouTube Ads,Conversión,35-44,10/03/25,61655,11455,235,64174.14,182026.38
CMP-8841,Telcel,GOOGLE ADS,Leads,25-34,30/03/25,1066,1066,626,53914.95,78766.89
CMP-2776,OnStar,YouTube Ads,Reconocimiento,35-44,25/10/25,7580,7243,504,3087.23,130900.83
CMP-9414,Telcel,YouTube Ads,Alcance,25-34,18/09/25,213860,1478,507,1005.9,211209.92
CMP-2716,Cerveza Modelo,Instagram Ads,Conversión,45-54,06/03/25,63459,3728,338,31783.94,106915.64
CMP-5654,Banco Azteca,YouTube Ads,Leads,25-34,15/05/25,190064,5076,513,49490.88,156569.27
CMP-10326,Telcel,YouTube Ads,Tráfico,18-24,26/09/25,171933,8990,607,73273.47,
CMP-2301,Cerveza Modelo,Instagram Ads,Tráfico,55+,24/09/25,120270,5154,25,4131.4,141626.57
CMP-5192,Aeroméxico,FACEBOOK ADS,Leads,35-44,25/03/25,137370,1536,270,82297.6,
CMP-2943,GM Financial,Google Ads,Alcance,55+,14/03/25,5783,5783,790,77659.93,172158.36
CMP-9666,GM Financial,TikTok Ads,Leads,55+,21/02/25,66747,1548,298,55425.12,61510.83
CMP-9194,Cerveza Modelo,LinkedIn Ads,Alcance,25-34,17/06/25,245165,14282,77,66411.65,218950.36
CMP-4009,GM Financial,Google Ads,Alcance,25-34,16/03/25,332327,14929,,69144.44,136999.05
CMP-1476,GM Financial,LinkedIn Ads,Alcance,18-24,24/05/25,105979,1955,680,83322.07,8693.86
CMP-2487,Aeroméxico,,Alcance,25-34,27/03/25,137917,6063,266,44051.3,143575.93
CMP-1087,GM Financial,TikTok Ads,Reconocimiento,,15/05/25,309527,2986,496,27153.78,178478.47
CMP-10584,Liverpool,INSTAGRAM ADS,tráfico,25-34,21/03/25,250941,1024,194,80877.52,71651.2
CMP-2469,OnStar,Facebook Ads,Tráfico,45-54,04/10/25,392846,8599,504,74914.97,183953.95
CMP-7435,Liverpool,Instagram Ads,Tráfico,18-24,28/05/25,399087,2126,361,70142.85,197213.53
CMP-8103,Telcel,INSTAGRAM ADS,Conversión,55+,02/05/25,187296,7210,606,27337.27,90233.15
CMP-8990,Aeroméxico,LinkedIn Ads,Reconocimiento,18-24,05/10/25,231793,13407,743,15882.47,184909.31
CMP-1187,GM Financial,Google Ads,Conversión,25-34,21/10/25,187589,7076,491,49809.03,110749.55
CMP-2696,Liverpool,LinkedIn Ads,Leads,45-54,10/06/25,488345,9970,536,75354.34,48912.35
CMP-1676,OnStar,GOOGLE ADS,Leads,18-24,12/02/25,51154,2037,342,48478.58,205743.56
CMP-8731,Telcel,TikTok Ads,Leads,55+,22/07/25,111849,12527,643,76889.82,87200.31
CMP-9891,Telcel,Facebook Ads,Conversión,18-24,24/05/25,58811,13764,490,8468.24,644.21
CMP-6021,GM Financial,YouTube Ads,Leads,45-54,14/05/25,138960,8243,163,66625,207886.28
CMP-9782, Cerveza Modelo  ,Google Ads,Conversión,55+,14/10/25,454589,6104,794,69010.97,26753.06
CMP-9763,Liverpool,YouTube Ads,Conversión,45-54,01/05/25,224331,13353,788,48485.88,169348.31
CMP-9154,Liverpool,Instagram Ads,Conversión,45-54,11/05/25,102805,2139,593,3732.61,207880.54
CMP-4456,Aeroméxico,Google Ads,Conversión,55+,27/09/25,388642,8330,283,14912.12,112032.43
CMP-4812,Liverpool,Instagram Ads,Reconocimiento,45-54,27/08/25,207436,7895,725,12166.19,151687.76
CMP-7833,OnStar,Facebook Ads,Leads,45-54,16/04/25,84945,6651,760,79702.92,96885.8
CMP-10866,Aeroméxico,Google Ads,Reconocimiento,18-24,02/09/25,282582,7480,404,43214.12,23373.33
CMP-6573,Cerveza Modelo,YouTube Ads,Reconocimiento,55+,15/10/25,89062,1999,592,6567.42,72485.66
CMP-6767,Aeroméxico,Google Ads,Leads,,20/03/25,315144,13140,70,20573.87,105077.95
CMP-7306,OnStar,YouTube Ads,Alcance,18-24,28/06/25,183963,9763,179,23971.67,
CMP-2144,OnStar,LINKEDIN ADS,Alcance,18-24,07/09/25,346649,13006,91,49746.46,71455.69
CMP-5278,Banco Azteca,Google Ads,Reconocimiento,55+,07/02/25,212933,5866,207,74353.26,
CMP-8209,Liverpool,YOUTUBE ADS,Tráfico,25-34,18/07/25,133072,321,321,32985.62,49018.53
CMP-3432,Cerveza Modelo,Google Ads,Reconocimiento,55+,16/07/25,208450,9171,299,18548.98,122401.6
CMP-8290,Banco Azteca,Facebook Ads,Reconocimiento,45-54,15/09/25,26427,6638,5,44524.69,25996.39
CMP-9379,Bimbo,TikTok Ads,Leads,25-34,26/08/25,734,734,591,3551.22,
CMP-6064, Aeroméxico  ,YouTube Ads,Leads,55+,14/08/25,95244,7823,504,72359.75,33047.06
CMP-2849,OnStar,TikTok Ads,Tráfico,35-44,20/08/25,340938,7257,96,19740.42,67651.46
CMP-2908,Bimbo,Instagram Ads,Tráfico,18-24,15/10/25,332634,10015,719,24847.87,130203.91
CMP-3304,GM Financial,Google Ads,Alcance,55+,11/07/25,294486,5133,773,12289.57,37784.2
CMP-6737,Aeroméxico,LinkedIn Ads,Reconocimiento,55+,12/03/25,308345,1183,392,42940.47,170488.58
CMP-3046,Liverpool,LinkedIn Ads,Alcance,35-44,21/02/25,112737,8001,150,47920.32,183653.64
CMP-3442,Cerveza Modelo,TikTok Ads,Tráfico,35-44,16/02/25,28748,12698,502,7718.82,204314.03
CMP-1938,Liverpool,Instagram Ads,Leads,35-44,20/10/25,189076,8763,260,8378.73,
CMP-7415,Cerveza Modelo,Instagram Ads,Alcance,45-54,20/10/25,370651,6822,459,62702.65,129186.19
CMP-9100,Liverpool,Google Ads,Reconocimiento,35-44,12/02/25,136710,8541,583,19217.75,24617.21
CMP-3716,Liverpool,Google Ads,Conversión,45-54,21/07/25,229979,11682,79,17294.06,144521.63
CMP-8745,Bimbo,TikTok Ads,Reconocimiento,55+,12/02/25,163455,4935,389,76426.43,188169.86
CMP-6666,Banco Azteca,Facebook Ads,Conversión,55+,30/04/25,396041,3789,537,80233.76,
CMP-5858,Cerveza Modelo,YouTube Ads,Leads,25-34,28/08/25,118072,5784,369,77819.8,60940.35
CMP-10191, Liverpool  ,Instagram Ads,Reconocimiento,25-34,04/07/25,451203,10281,685,57494.37,90280.43
CMP-9632,Banco Azteca,Facebook Ads,Reconocimiento,45-54,31/01/25,98854,7464,489,81595.04,57144.92
CMP-8524,OnStar,TikTok Ads,Tráfico,18-24,26/06/25,18830,707,411,15789.37,203010.06
CMP-10075,GM Financial,GOOGLE ADS,Tráfico,,26/10/25,457427,4679,255,34735.33,158736.79
CMP-7668,Telcel,TikTok Ads,Alcance,25-34,26/03/25,281807,468,84,32813.31,83992.6
CMP-7549,GM Financial,TikTok Ads,leads,45-54,08/06/25,124742,5824,797,7176.33,131894.3
CMP-8201,Liverpool,YouTube Ads,Conversión,18-24,16/02/25,411516,7798,564,21584.67,38628.01
CMP-5199,Telcel,Google Ads,Reconocimiento,18-24,30/09/25,304351,9346,125,36957.26,170720.7
CMP-4864,GM Financial,GOOGLE ADS,Reconocimiento,18-24,03/03/25,442325,3820,602,19150.39,179806.26
CMP-5233,Telcel,Google Ads,Conversión,55+,22/02/25,100007,2051,218,8375.36,68793.28
CMP-2012,Telcel,YouTube Ads,Conversión,35-44,12/05/25,133681,8374,225,,149725.67
CMP-8539, Bimbo  ,YOUTUBE ADS,Conversión,18-24,30/06/25,258267,6917,143,32691.22,106380.22
CMP-5924,GM Financial,Google Ads,Conversión,55+,18/06/25,373033,4398,358,67754.64,
CMP-2944,Bimbo,Google Ads,Leads,55+,12/06/25,472432,6855,404,19886.35,
CMP-5857,Bimbo,FACEBOOK ADS,Tráfico,35-44,30/07/25,397206,4460,486,11633.16,162996.9
CMP-7957,Banco Azteca,LinkedIn Ads,Reconocimiento,18-24,07/06/25,496388,2149,793,59605.28,
CMP-6329,Bimbo,YOUTUBE ADS,Tráfico,45-54,10/01/25,52017,6257,717,,198231.38
CMP-5643,Aeroméxico,Instagram Ads,Alcance,35-44,06/05/25,449612,5561,223,48688.14,1303.07
CMP-4275,Banco Azteca,TikTok Ads,Tráfico,45-54,05/06/25,204765,10666,558,48264.97,153696.12
CMP-3976,Telcel,Google Ads,Alcance,35-44,21/08/25,95332,254,254,77633.43,
CMP-8272,Banco Azteca,Facebook Ads,Alcance,35-44,11/10/25,24884,5891,239,16588.21,141822.05
CMP-1276,Cerveza Modelo,LINKEDIN ADS,Leads,25-34,06/01/25,139560,5633,438,55175.68,177512.86
CMP-9571, Cerveza Modelo  ,Instagram Ads,Conversión,18-24,07/08/25,257368,12966,,23657.95,157323.73
CMP-6828,Aeroméxico,LinkedIn Ads,Tráfico,55+,26/08/25,118959,14768,387,74968.57,61653.55
CMP-5554,Liverpool,LinkedIn Ads,reconocimiento,35-44,14/08/25,217540,10986,461,20045.55,160635.41
CMP-4862,GM Financial,YOUTUBE ADS,Reconocimiento,35-44,19/10/25,480294,4375,422,29749.27,69469.76
CMP-10289,Bimbo,LinkedIn Ads,Reconocimiento,25-34,12/09/25,177032,12890,20,,9969.15
CMP-6453,Telcel,Google Ads,Alcance,18-24,05/10/25,200698,14785,25,3240.62,170935.96
CMP-10134,Bimbo,Facebook Ads,Alcance,18-24,28/02/25,458556,1722,258,4947.28,
CMP-10481,GM Financial,Google Ads,Reconocimiento,35-44,19/05/25,345162,807,764,23489.72,196753.24
CMP-2615,GM Financial,FACEBOOK ADS,Alcance,35-44,14/09/25,286862,10660,651,49487.74,29760.25
CMP-10180,Bimbo,TikTok Ads,Alcance,45-54,23/08/25,233887,935,696,71485.33,63948.13
CMP-10488,Liverpool,Facebook Ads,Alcance,18-24,10/04/25,249677,7012,336,1427.97,76790.92
CMP-5973,Bimbo,Instagram Ads,Leads,35-44,10/09/25,293851,2646,534,45068.53,190914.56
CMP-2184,OnStar,LinkedIn Ads,Reconocimiento,35-44,25/01/25,94999,5497,521,70531.37,59375.79
CMP-6032,Liverpool,Google Ads,leads,18-24,29/04/25,255759,2904,659,,77394.19
CMP-7816,Bimbo,Instagram Ads,Alcance,45-54,27/01/25,247077,14232,523,38012.42,30487.48
CMP-6114,Aeroméxico,TIKTOK ADS,Tráfico,45-54,26/08/25,169406,10,10,,16906.07
CMP-9826,Liverpool,LinkedIn Ads,tráfico,45-54,22/06/25,143147,1493,685,20768.41,67566.95
CMP-10251,Aeroméxico,Google Ads,Leads,35-44,23/08/25,335100,8442,302,72830.55,40404.75
CMP-5932,Aeroméxico,TikTok Ads,Tráfico,25-34,12/05/25,27359,5056,241,19691.85,154537.76
CMP-3777,Banco Azteca,Instagram Ads,Alcance,25-34,21/10/25,378143,14045,219,52971.99,189142.65
CMP-1873,Bimbo,Instagram Ads,Reconocimiento,35-44,04/03/25,117052,14566,478,28460.83,214028.71
CMP-10139,Telcel,TIKTOK ADS,Reconocimiento,35-44,14/08/25,410465,8943,474,75120.14,95905.27
CMP-6733,Aeroméxico,TikTok Ads,conversión,55+,19/07/25,143662,7111,282,74516.77,203225
CMP-4871,Cerveza Modelo,LinkedIn Ads,Leads,18-24,14/04/25,438660,13561,425,18180.73,79130.02
CMP-5062,Bimbo,Google Ads,Reconocimiento,25-34,29/04/25,376494,13202,459,34166.62,
CMP-6701,OnStar,Facebook Ads,Tráfico,35-44,28/09/25,399168,5916,10,23023.8,
CMP-2024,GM Financial,TIKTOK ADS,Tráfico,25-34,04/09/25,283918,4451,314,68560.39,162841.97
CMP-3006,Telcel,TikTok Ads,Tráfico,18-24,04/05/25,219388,10750,304,19240.58,24834.45
CMP-9812,Liverpool,Instagram Ads,Reconocimiento,45-54,26/08/25,1232,1177,49,35707.23,125036.55
CMP-5227,Telcel,LINKEDIN ADS,Leads,45-54,24/02/25,228063,11980,605,3702.72,88440.16
CMP-4511,Aeroméxico,LinkedIn Ads,Conversión,55+,08/05/25,11754,5604,46,7511.98,142697.45
CMP-5027,Cerveza Modelo,LinkedIn Ads,Reconocimiento,35-44,26/01/25,93551,591,330,6936.35,141966.75
CMP-2741,Banco Azteca,Instagram Ads,Conversión,55+,21/01/25,256436,11835,732,64908.61,10303.82
CMP-3337,Telcel,Facebook Ads,Reconocimiento,35-44,16/08/25,318010,2620,710,7942.68,35110.61
CMP-10416,Cerveza Modelo,Instagram Ads,reconocimiento,55+,24/06/25,480095,9497,523,11632.13,88559.77
CMP-8952,Aeroméxico,Google Ads,Tráfico,35-44,23/07/25,92856,13371,311,58433.97,92119.12
CMP-8219,Banco Azteca,LinkedIn Ads,Tráfico,55+,08/08/25,382244,10487,501,56849.27,4129.51
CMP-10626,Banco Azteca,LinkedIn Ads,Alcance,25-34,23/02/25,356388,9485,65,48737.88,79151.36
CMP-8282,GM Financial,Google Ads,Conversión,55+,23/07/25,458479,3167,749,46307.22,47116.36
CMP-4537,OnStar,LinkedIn Ads,alcance,18-24,15/03/25,475693,6737,122,24663.58,212808.16
CMP-1819,Telcel,LinkedIn Ads,conversión,18-24,01/01/25,452411,1516,377,67798.77,85849.13
CMP-6324,OnStar,LinkedIn Ads,Tráfico,55+,30/09/25,408257,8975,732,27459.09,115047.84
CMP-4906,GM Financial,Google Ads,Alcance,45-54,28/01/25,53758,1493,756,27061.65,189901.29
CMP-1546,Banco Azteca,YouTube Ads,Conversión,55+,29/05/25,385237,7102,509,4053.23,38255.81
CMP-1261,Bimbo,YouTube Ads,Alcance,45-54,14/08/25,484929,12750,723,33433.35,50934.07
CMP-1940,Bimbo,Google Ads,Reconocimiento,18-24,16/04/25,268805,13992,603,15931.78,43289.67
CMP-6555,GM Financial,TikTok Ads,Leads,18-24,20/06/25,167434,14996,56,43528.62,145097.28
CMP-6750,GM Financial,TikTok Ads,Tráfico,35-44,02/01/25,433389,4780,736,45093.93,119444.76
CMP-3073, Bimbo  ,TikTok Ads,Reconocimiento,25-34,22/07/25,383209,13282,163,16624.74,20042.85
CMP-6336,Aeroméxico,LinkedIn Ads,Alcance,25-34,06/05/25,302524,10042,14,13188.87,62750.04
CMP-8003,Liverpool,Google Ads,Reconocimiento,18-24,03/09/25,461115,8365,88,15546.2,100579.09
CMP-4033,Cerveza Modelo,Facebook Ads,Conversión,55+,24/03/25,65396,12669,592,16001.77,165840.82
CMP-8919,Aeroméxico,Facebook Ads,Tráfico,45-54,17/04/25,83951,6154,359,30196.98,174833.16
CMP-1197,Banco Azteca,FACEBOOK ADS,Leads,45-54,16/09/25,301218,8138,,6622.1,152.72
CMP-6007,Banco Azteca,Instagram Ads,Reconocimiento,25-34,15/05/25,37973,4661,659,16158.91,
CMP-6670,Aeroméxico,Google Ads,Alcance,25-34,17/08/25,479624,5425,236,50866.42,148421.84
CMP-1926,Cerveza Modelo,Instagram Ads,Conversión,45-54,07/02/25,224549,10319,91,18631.03,188566.81
CMP-2671,Telcel,YouTube Ads,Tráfico,35-44,05/01/25,33899,7810,716,68020.87,88713.2
CMP-1923,GM Financial,FACEBOOK ADS,Leads,35-44,28/05/25,299622,3732,176,4484.54,162224.33
CMP-6627,GM Financial,TikTok Ads,Leads,55+,14/08/25,7984,6547,471,7925.2,141657.78
CMP-3302,Aeroméxico,Facebook Ads,Alcance,18-24,18/02/25,75375,7779,708,41435.5,198052.79
CMP-3883,Bimbo,INSTAGRAM ADS,Tráfico,35-44,24/06/25,171219,10645,150,60731.8,115454.88
CMP-9861,Banco Azteca,Facebook Ads,Alcance,45-54,27/07/25,139879,10019,198,24186.03,
CMP-5084,Aeroméxico,INSTAGRAM ADS,conversión,45-54,24/08/25,493674,11303,93,42572.98,213717.13
CMP-10141,Banco Azteca,Instagram Ads,Tráfico,25-34,12/03/25,123382,7574,340,47624.88,
CMP-8574,Telcel,Instagram Ads,Alcance,18-24,17/08/25,222221,3580,233,40011.92,129449.58
CMP-8224,Liverpool,Facebook Ads,Reconocimiento,45-54,25/08/25,297476,4227,556,68997.09,62127.6
CMP-10572, GM Financial  ,Facebook Ads,Conversión,25-34,18/01/25,430436,1150,395,24600.64,103229.67
CMP-4642,Banco Azteca,LinkedIn Ads,Alcance,45-54,27/02/25,195463,13129,82,42703.67,141685.12
CMP-5688,Bimbo,LINKEDIN ADS,Tráfico,45-54,20/06/25,479420,4017,617,27217.44,142220.4
CMP-2592,Banco Azteca,Google Ads,Reconocimiento,55+,20/10/25,363174,5950,99,34804.68,130076.3
CMP-10708,Aeroméxico,YouTube Ads,Conversión,45-54,25/04/25,449691,7053,639,31938.46,103311.13
CMP-10438,Banco Azteca,YouTube Ads,Tráfico,,04/07/25,97993,2151,710,11229.36,155006.47
CMP-10696,Bimbo,Google Ads,Tráfico,55+,17/05/25,321029,14508,712,76175.55,166548.22
CMP-9798,GM Financial,Facebook Ads,Tráfico,18-24,22/04/25,103091,4702,350,77456.18,187775.33
CMP-8956, Aeroméxico  ,INSTAGRAM ADS,Alcance,45-54,15/01/25,148998,6785,234,48887.77,51763.15
CMP-1864,OnStar,YouTube Ads,Conversión,18-24,30/03/25,387327,3291,537,7177.22,182163.49
CMP-7676,Cerveza Modelo,YouTube Ads,Tráfico,25-34,02/01/25,223625,3916,533,83121.33,184213.7
CMP-1241,Cerveza Modelo,TikTok Ads,Leads,55+,27/07/25,221333,10290,87,59179.77,165705.6
CMP-6398,Telcel,YOUTUBE ADS,Leads,25-34,20/03/25,186132,11829,1,23256.86,116680.4
CMP-4387,Telcel,Instagram Ads,Alcance,55+,25/01/25,430655,12411,82,53313.7,77813.71
CMP-5364,Liverpool,FACEBOOK ADS,Alcance,45-54,30/08/25,120297,12652,739,27308.52,76785.85
CMP-6803,OnStar,Facebook Ads,Leads,,15/05/25,16851,4803,276,41450.87,9697.67
CMP-8642,Telcel,Instagram Ads,Alcance,35-44,16/08/25,341073,7281,223,19588.88,217737.98
CMP-9938,Telcel,LinkedIn Ads,Tráfico,35-44,27/06/25,398664,2966,753,76623.58,145620.69
CMP-6367,OnStar,YouTube Ads,Tráfico,18-24,07/01/25,388480,7703,529,19176.76,44275.23
CMP-9614,Banco Azteca,Facebook Ads,Conversión,18-24,16/04/25,82767,13586,40,76460.13,27323.64
CMP-3119,GM Financial,YouTube Ads,Reconocimiento,35-44,23/09/25,114512,10288,594,60252.38,214117.51
CMP-2311,Cerveza Modelo,Instagram Ads,Leads,35-44,25/01/25,129348,13964,543,62040.8,188965.88
CMP-8951, Liverpool  ,Google Ads,Leads,18-24,16/04/25,256441,14900,304,9566.56,69683.42
CMP-9386, Bimbo  ,YouTube Ads,Leads,45-54,15/07/25,188624,722,130,38905.67,140087.42
CMP-3241, Banco Azteca  ,Google Ads,Leads,25-34,04/01/25,349850,13753,150,73031.24,15615.78
CMP-4548,Telcel,Google Ads,Leads,18-24,18/04/25,180470,1895,396,14911.3,150605.74
CMP-10047,GM Financial,Instagram Ads,Conversión,35-44,22/04/25,165400,11483,760,61882.57,196455.82
CMP-2611,Telcel,TikTok Ads,Alcance,18-24,27/09/25,107037,12616,124,47115.88,50926.32
CMP-4187,Aeroméxico,INSTAGRAM ADS,Reconocimiento,18-24,30/06/25,189810,5282,72,40947.27,138128.08
CMP-2380,Aeroméxico,FACEBOOK ADS,Leads,25-34,05/10/25,189983,10357,668,67365.61,138032.05
CMP-1911,OnStar,LINKEDIN ADS,Reconocimiento,25-34,06/06/25,356841,2463,104,48284.75,93483.41
CMP-1492,Liverpool,Facebook Ads,Tráfico,45-54,12/06/25,156472,8321,59,,90764.42
CMP-7506,Bimbo,Facebook Ads,Leads,25-34,28/09/25,291744,4025,83,61311.97,177679.21
CMP-7758,GM Financial,LinkedIn Ads,Leads,18-24,19/08/25,6014,5683,271,81485.96,71847.3
CMP-4787,Cerveza Modelo,LinkedIn Ads,Tráfico,25-34,25/01/25,224195,13446,517,,78654.24
CMP-4839,Cerveza Modelo,GOOGLE ADS,Conversión,,13/09/25,286577,5743,374,35073.46,48186.72
CMP-2329,Aeroméxico,Google Ads,Reconocimiento,55+,09/02/25,126660,11116,,40123.52,172854.19
CMP-1585,OnStar,Instagram Ads,Alcance,18-24,15/02/25,164927,8295,347,8096.93,206518.33
CMP-7974,Telcel,LINKEDIN ADS,Alcance,18-24,27/01/25,26272,6425,335,22612.25,19754.89
CMP-9878,Banco Azteca,Google Ads,Conversión,55+,05/04/25,31643,7481,561,75123.74,145486.68
CMP-3894,Bimbo,TIKTOK ADS,Alcance,18-24,08/07/25,364024,14043,182,7029.15,206639.2
CMP-2854,Bimbo,YouTube Ads,Reconocimiento,55+,11/03/25,200033,9368,628,61647.4,217381.21
CMP-2224,Bimbo,Facebook Ads,Tráfico,25-34,18/04/25,189324,1827,778,44061.74,43978.89
CMP-8402,Banco Azteca,YOUTUBE ADS,leads,25-34,25/05/25,483863,14002,64,45732.63,87674.49
CMP-6192,Telcel,Facebook Ads,Alcance,55+,17/06/25,303040,13454,389,31741.67,104710.65
CMP-6743,Liverpool,TikTok Ads,Conversión,25-34,10/06/25,276706,8646,175,64800.96,
CMP-2122,Banco Azteca,GOOGLE ADS,Leads,25-34,12/07/25,324938,3172,229,3633.27,59529.19
CMP-7719,Bimbo,Instagram Ads,Tráfico,,27/09/25,80435,7145,50,73329.47,93996.8
CMP-7994, Bimbo  ,YouTube Ads,Conversión,25-34,18/10/25,228801,8848,523,32717.38,58171.74
CMP-9745,Liverpool,TikTok Ads,Leads,18-24,28/03/25,246970,1838,545,26454.91,59004.57
CMP-4160,Telcel,GOOGLE ADS,Leads,35-44,14/04/25,472844,2256,313,8394.92,
CMP-5300, OnStar  ,YOUTUBE ADS,Conversión,45-54,03/07/25,420509,2512,404,74588.13,206796.27
CMP-4118, Liverpool  ,YouTube Ads,Reconocimiento,18-24,20/06/25,326719,13398,17,38212.32,63002.87
CMP-8868,GM Financial,TikTok Ads,Tráfico,35-44,13/08/25,81972,4990,550,49705.44,44896.62
CMP-6699,OnStar,TikTok Ads,Leads,45-54,20/03/25,156031,14165,649,26590.05,40948.85
CMP-3970,GM Financial,Google Ads,Conversión,25-34,27/01/25,405747,8390,691,38110.81,186559.77
CMP-3548,OnStar,Instagram Ads,Tráfico,55+,01/04/25,346186,11456,,53889.8,25082.77
CMP-1972,Banco Azteca,Google Ads,Alcance,45-54,01/07/25,246067,6215,395,18533.16,46451.93
CMP-3407,OnStar,Google Ads,Tráfico,55+,02/08/25,192627,2255,587,1362.32,141357.86
CMP-1833,OnStar,LinkedIn Ads,Leads,,17/06/25,17214,3230,130,3818.63,130925.41
CMP-6974,GM Financial,Google Ads,Tráfico,35-44,11/09/25,304687,2009,120,22517.36,8230.52
CMP-6431,Bimbo,Facebook Ads,Conversión,35-44,22/01/25,324911,974,386,31260.59,66975.32
CMP-9860,Bimbo,Google Ads,Leads,45-54,08/01/25,8485,8485,41,38749.93,188631.47
CMP-1288,Telcel,GOOGLE ADS,Reconocimiento,25-34,10/06/25,173156,8303,349,24976.94,26534.94
CMP-3431,Telcel,,Reconocimiento,18-24,27/06/25,56330,9279,51,71118.95,52654.76
CMP-7706, Aeroméxico  ,Google Ads,Tráfico,45-54,29/01/25,52307,13920,616,28762.07,162583.3
CMP-1335,Cerveza Modelo,FACEBOOK ADS,Tráfico,18-24,21/09/25,53050,9971,179,42443.25,177216.31
CMP-7176, Bimbo  ,YouTube Ads,Conversión,55+,17/07/25,373270,612,535,73389.51,157928.3
CMP-10328,GM Financial,TikTok Ads,Tráfico,25-34,12/06/25,178106,864,633,84171.68,83873.53
CMP-4532,GM Financial,LinkedIn Ads,Conversión,25-34,18/10/25,87914,13382,155,75265.05,171315.55
CMP-10716,Aeroméxico,,Alcance,25-34,09/09/25,127269,9277,195,35368.28,176889.56
CMP-2240,Telcel,Facebook Ads,Alcance,55+,29/09/25,461410,8648,627,9873.14,19694.17
CMP-2135,Cerveza Modelo,YouTube Ads,leads,45-54,20/08/25,189820,3137,329,72400.57,5284.82
CMP-2584,Telcel,LinkedIn Ads,leads,45-54,09/10/25,175516,10569,587,74063.24,156184.33
CMP-1769,Liverpool,TikTok Ads,Leads,55+,21/04/25,235673,13705,84,5498.3,135477.54
CMP-5892,Bimbo,TikTok Ads,Alcance,45-54,02/05/25,26475,11564,307,16277.42,73087.46
CMP-5781,Cerveza Modelo,GOOGLE ADS,Conversión,55+,10/10/25,428342,3608,244,17378.18,39499.15
CMP-5655,Cerveza Modelo,Facebook Ads,Alcance,45-54,09/03/25,225089,7375,668,36466.19,141203.5
CMP-2412,Telcel,Instagram Ads,Alcance,25-34,12/10/25,47955,14352,86,77604.27,18918.16
CMP-9757,Aeroméxico,Google Ads,Reconocimiento,25-34,06/04/25,159566,7664,499,73759.29,55491.13
CMP-9954, OnStar  ,Instagram Ads,Reconocimiento,45-54,10/03/25,33813,11009,16,7903.82,135663.75
CMP-5293,Liverpool,TikTok Ads,Alcance,25-34,16/08/25,300195,10932,692,56437.62,129732.57
CMP-8300,Telcel,LinkedIn Ads,Conversión,45-54,24/08/25,62394,9226,332,17450.88,120902.3
CMP-8170, Aeroméxico  ,LinkedIn Ads,Conversión,55+,10/03/25,296259,5961,415,43739.81,98803.42
CMP-1709, Liverpool  ,Instagram Ads,Alcance,35-44,06/09/25,73853,8594,24,72420.35,124243.12
CMP-4696,Bimbo,Google Ads,Leads,45-54,20/04/25,44404,11595,681,37783.73,71175.76
CMP-9417,Banco Azteca,LinkedIn Ads,Leads,18-24,30/07/25,385605,2074,150,51987.02,213912.76
CMP-6540,Liverpool,YOUTUBE ADS,Tráfico,45-54,18/10/25,401179,3380,361,28278.39,202367.4
CMP-1352,Telcel,TikTok Ads,Conversión,18-24,02/10/25,198873,5380,135,29073.96,122028.27
CMP-7661,GM Financial,YouTube Ads,Leads,55+,10/04/25,66476,7403,160,39782.96,63233.14
CMP-7533,Aeroméxico,LinkedIn Ads,Reconocimiento,25-34,31/01/25,158868,13009,249,67909.22,125788.15
CMP-10520,Aeroméxico,LinkedIn Ads,Alcance,45-54,20/06/25,414324,6831,181,23463.11,67052.6
CMP-1663,Telcel,LinkedIn Ads,Conversión,,22/03/25,247859,2006,727,28980.7,153183.48
CMP-8535,Telcel,LinkedIn Ads,Conversión,55+,01/08/25,88451,1916,368,81418.59,64614.9
CMP-10882,Telcel,LINKEDIN ADS,Conversión,35-44,26/06/25,125796,7694,243,38882.49,180479.39
CMP-5397,Aeroméxico,YouTube Ads,Leads,55+,21/02/25,471868,9306,311,52365.23,17184.23
CMP-8274,Liverpool,LinkedIn Ads,Tráfico,18-24,03/05/25,303171,7632,664,71552.43,165491.92
CMP-3513, Aeroméxico  ,YouTube Ads,Leads,18-24,18/04/25,450643,6376,301,19173.46,115981.15
CMP-8122,Cerveza Modelo,Facebook Ads,Leads,18-24,01/07/25,281405,326,204,38336.2,2283.24
CMP-6049,Telcel,TikTok Ads,Tráfico,45-54,18/03/25,341622,4925,170,50901.87,30399.56
CMP-3999,Liverpool,FACEBOOK ADS,Conversión,55+,10/07/25,424970,6045,620,39300.59,25181.77
CMP-4813,Cerveza Modelo,Instagram Ads,Reconocimiento,18-24,04/07/25,135682,6738,429,18842.45,116535.35
CMP-6632,Banco Azteca,TikTok Ads,Alcance,55+,07/04/25,134928,6322,299,61593.58,90009.84
CMP-10073,Aeroméxico,LINKEDIN ADS,Reconocimiento,18-24,26/09/25,394373,13509,110,35539.07,175701.69
CMP-2712,Aeroméxico,YouTube Ads,Leads,45-54,09/05/25,44452,14188,718,23234.97,62399.42
CMP-8713,OnStar,Instagram Ads,Alcance,45-54,14/10/25,124451,13784,386,11755.59,140657.7
CMP-5241, Telcel  ,Google Ads,Conversión,25-34,27/07/25,47878,4619,765,43488.79,191653.17
CMP-1797,Liverpool,TikTok Ads,Tráfico,55+,06/01/25,171153,5225,694,37471.17,88585.26
CMP-9247,Bimbo,Google Ads,Tráfico,18-24,23/01/25,213187,3692,671,44739.49,125941.11
CMP-6981,GM Financial,Google Ads,Reconocimiento,18-24,27/06/25,92652,9805,640,30456.11,166869.98
CMP-8846,Liverpool,YouTube Ads,Conversión,18-24,27/02/25,281534,1233,769,37193.7,165684.28
CMP-1686, Aeroméxico  ,Google Ads,Reconocimiento,18-24,14/07/25,435524,11936,528,45423.97,120100.6
CMP-4974,Cerveza Modelo,Google Ads,Alcance,25-34,28/01/25,58631,14249,613,70098.13,36990.77
CMP-10009,Telcel,Facebook Ads,Tráfico,25-34,05/04/25,251166,12916,213,39947.77,105350.21
CMP-4747,Telcel,Google Ads,Leads,18-24,07/05/25,168678,9440,519,30366.31,176532.65
CMP-3482,Banco Azteca,LinkedIn Ads,Reconocimiento,55+,11/05/25,119910,8808,610,63455.98,165725
CMP-4820,Bimbo,Google Ads,Tráfico,25-34,14/02/25,142080,6116,213,46127.48,110419.28
CMP-2549, Cerveza Modelo  ,TikTok Ads,Tráfico,25-34,11/05/25,431117,1155,521,59360.52,
CMP-5158,Cerveza Modelo,YouTube Ads,Conversión,25-34,08/10/25,390039,14982,54,44163.38,42406.11
CMP-7409,Cerveza Modelo,Google Ads,Reconocimiento,25-34,05/10/25,463426,9933,532,39671.19,86451.04
CMP-1553,Aeroméxico,Instagram Ads,Conversión,45-54,15/08/25,170457,11574,433,72175.53,218747.39
CMP-6014, GM Financial  ,,Alcance,45-54,09/03/25,325615,9000,663,14824.98,43980.78
CMP-6166,Bimbo,Instagram Ads,Conversión,55+,19/02/25,138433,14147,536,21519.13,166442.38
CMP-9148,Aeroméxico,LinkedIn Ads,conversión,45-54,03/09/25,101620,10231,615,35440.02,164247.08
CMP-2898,GM Financial,YOUTUBE ADS,Leads,35-44,25/04/25,349841,13896,548,84693.02,29286.89
CMP-6061,Bimbo,TikTok Ads,conversión,45-54,09/01/25,457544,12328,53,11436.95,161693.27
CMP-8214,Aeroméxico,INSTAGRAM ADS,Reconocimiento,18-24,03/04/25,146111,11041,678,67136.95,64078.09
CMP-4318,Aeroméxico,Facebook Ads,Alcance,18-24,26/04/25,486943,14103,469,16526.37,218569.1
CMP-2448,Telcel,LinkedIn Ads,alcance,35-44,19/02/25,11437,11437,98,73006.14,77721.08
CMP-1100,OnStar,Google Ads,Leads,45-54,11/04/25,179978,8659,271,80556.09,51404.25
CMP-5106,Bimbo,,Leads,18-24,31/01/25,385834,13854,454,67100.91,193647.94
CMP-7527,Cerveza Modelo,YouTube Ads,Leads,45-54,21/01/25,199453,12309,742,80356.62,116869.31
CMP-5878,Bimbo,Instagram Ads,conversión,55+,20/02/25,411413,6662,552,39279.9,
CMP-1600,Banco Azteca,TIKTOK ADS,Leads,18-24,12/08/25,262133,5943,180,30737.11,101949.68
CMP-7436,Aeroméxico,YouTube Ads,Tráfico,25-34,07/10/25,201811,7268,365,,164687.23
CMP-4780,OnStar,TikTok Ads,Alcance,45-54,08/09/25,121037,6739,209,62825.65,96528.49
CMP-3983,OnStar,Google Ads,Reconocimiento,35-44,02/08/25,168684,7792,359,500.71,69954.87
CMP-7554,GM Financial,Facebook Ads,leads,25-34,01/04/25,40606,12766,175,62522.7,56651.91
CMP-5841,Liverpool,Instagram Ads,reconocimiento,25-34,21/05/25,80113,8190,77,31230.08,109703.89
CMP-4941,Liverpool,YouTube Ads,reconocimiento,35-44,23/05/25,66052,59,59,9744.26,86324.24
CMP-5157,Liverpool,Facebook Ads,Alcance,18-24,13/03/25,378524,4679,552,49315.28,212815.41
CMP-10867,GM Financial,YOUTUBE ADS,Tráfico,45-54,14/02/25,228033,4710,711,9522.22,81774.73
CMP-9429,Liverpool,Google Ads,Conversión,18-24,10/10/25,281868,3997,63,16825.13,90416.23
CMP-6715,Cerveza Modelo,Google Ads,Conversión,55+,17/03/25,113103,13442,198,80382.38,184683.26
CMP-6617,Liverpool,Google Ads,Leads,45-54,01/01/25,323341,11077,147,1313.6,57351.77
CMP-2201, Banco Azteca  ,Instagram Ads,Tráfico,35-44,17/05/25,203471,12645,144,1193.32,92973.75
CMP-10175,GM Financial,TikTok Ads,Reconocimiento,45-54,25/10/25,282551,1824,144,18035.24,50727.41
CMP-5800, Liverpool  ,Facebook Ads,Tráfico,18-24,05/10/25,15606,8270,600,6274.13,131043.87
CMP-4332,Liverpool,,Alcance,,09/04/25,481487,2588,557,59008.83,127565.52
CMP-6362,Cerveza Modelo,YouTube Ads,Tráfico,35-44,15/07/25,418093,2780,413,58413.59,
CMP-10870,Aeroméxico,TikTok Ads,Conversión,45-54,22/08/25,246517,2071,213,13102.96,189167.26
CMP-5110,Aeroméxico,LinkedIn Ads,Tráfico,18-24,11/07/25,47137,6447,428,59574.92,73817.09
CMP-9623,Cerveza Modelo,Facebook Ads,Reconocimiento,18-24,07/01/25,170953,6046,327,3250.02,82223.17
CMP-4214,Bimbo,Google Ads,Reconocimiento,55+,21/10/25,468048,8182,209,60467.55,123846.95
CMP-8075, Aeroméxico  ,Instagram Ads,Reconocimiento,35-44,12/01/25,497324,9286,691,28946.76,176111.19
CMP-8148,GM Financial,TikTok Ads,Leads,35-44,19/05/25,81954,340,340,1238.48,
CMP-1722,Cerveza Modelo,Facebook Ads,Alcance,45-54,23/04/25,437880,1451,632,62119.11,153999.01
CMP-2364,Telcel,LinkedIn Ads,reconocimiento,55+,12/08/25,141802,12221,402,37224.9,27085.14
CMP-1716,OnStar,Google Ads,Leads,55+,17/02/25,195439,9059,325,48125.41,64463.08
CMP-6721, Banco Azteca  ,Facebook Ads,Conversión,55+,03/06/25,333299,10812,530,1443.39,191085.29
CMP-5865,Cerveza Modelo,TikTok Ads,reconocimiento,45-54,11/01/25,372590,6061,765,6205.23,97941.56
CMP-5492,Bimbo,Google Ads,Alcance,45-54,08/04/25,255975,3195,432,47242.18,120683.65
CMP-7688,Aeroméxico,Google Ads,Conversión,45-54,23/03/25,118526,762,396,83124.6,147063.07
CMP-7128,Banco Azteca,FACEBOOK ADS,Conversión,35-44,24/10/25,17349,14015,670,33173.37,31161.76
CMP-10754, OnStar  ,Facebook Ads,Conversión,18-24,22/03/25,461786,13707,219,48400.07,176332.39
CMP-5008,GM Financial,Facebook Ads,reconocimiento,35-44,22/04/25,54721,3524,,4992.43,109854.53
CMP-1104,Bimbo,YouTube Ads,Alcance,25-34,06/08/25,147116,14342,643,58244.7,156854.12
CMP-9558, GM Financial  ,TikTok Ads,Tráfico,25-34,20/07/25,477488,13008,526,55848.44,183034.69
CMP-8036,Telcel,Instagram Ads,Alcance,35-44,27/09/25,392310,2746,188,938.93,118600.95
CMP-1986, Bimbo  ,Facebook Ads,Reconocimiento,25-34,26/06/25,468397,11296,327,45308.49,136804.41
CMP-10845,Bimbo,LinkedIn Ads,Conversión,18-24,17/06/25,385154,5653,33,40410.99,46212.36
CMP-6092,Liverpool,Google Ads,Reconocimiento,18-24,20/08/25,51389,8505,395,2770.23,4601.26
CMP-7394,OnStar,Facebook Ads,Alcance,35-44,25/05/25,412203,12449,330,69418.02,58395.58
CMP-3960,Liverpool,LinkedIn Ads,reconocimiento,25-34,24/05/25,68147,14587,711,76712.94,72481.23
CMP-4358,GM Financial,LINKEDIN ADS,Leads,25-34,08/07/25,337244,10748,141,46121.25,177988.97
CMP-1856,Liverpool,Facebook Ads,Conversión,35-44,14/06/25,55539,10602,692,56003.9,53287.34
CMP-10340,Banco Azteca,YouTube Ads,reconocimiento,,15/07/25,97544,12409,288,51076.9,180646.32
CMP-5164,OnStar,Google Ads,Conversión,55+,22/02/25,190974,12585,252,1047.19,192995.74
CMP-4576,Telcel,LINKEDIN ADS,Conversión,55+,13/06/25,329711,12161,592,73873.98,113891.93
CMP-10155,Banco Azteca,LinkedIn Ads,Reconocimiento,55+,10/07/25,236934,2911,198,72305.39,136860.4
CMP-6504,Telcel,Instagram Ads,Leads,35-44,21/02/25,154180,2215,,55117.7,218585.65
CMP-1201,GM Financial,Google Ads,Conversión,35-44,28/05/25,2259,2259,716,4856.9,119815.62
CMP-4835,GM Financial,INSTAGRAM ADS,Leads,25-34,17/04/25,242932,9276,761,66078.74,147071.36
CMP-2047,Aeroméxico,Google Ads,Leads,,31/05/25,301633,3135,43,75628.92,105814.77
CMP-5300, OnStar  ,YOUTUBE ADS,Conversión,45-54,03/07/25,420509,2512,404,74588.13,206796.27
CMP-10709,OnStar,Instagram Ads,Reconocimiento,55+,14/07/25,440048,7567,366,68073.41,94416.5
CMP-10493,Liverpool,LinkedIn Ads,tráfico,45-54,29/06/25,123329,12860,452,47280.32,25734.9
CMP-10308, OnStar  ,Facebook Ads,Alcance,35-44,20/10/25,372674,275,275,35918.68,162872.14
CMP-7209,GM Financial,LinkedIn Ads,Reconocimiento,18-24,19/01/25,231837,12634,23,16426.78,67769.42
CMP-6235,Aeroméxico,Facebook Ads,Tráfico,35-44,17/05/25,440717,1365,691,5877.13,125691.48
CMP-4789, Bimbo  ,Facebook Ads,Leads,45-54,14/03/25,458118,10504,220,52699.53,43955.36
CMP-3605,OnStar,Google Ads,Conversión,18-24,05/03/25,223671,13804,106,44186.3,188000.77
CMP-9997,Banco Azteca,YouTube Ads,tráfico,45-54,25/03/25,326173,1902,183,63926.64,79908.28
CMP-10462,Liverpool,INSTAGRAM ADS,reconocimiento,55+,07/09/25,14789,13571,715,25621.84,34815.36
CMP-3411, Bimbo  ,TikTok Ads,Leads,55+,20/03/25,401889,13536,289,10022.36,82864.14
CMP-9125,Liverpool,TikTok Ads,reconocimiento,45-54,15/02/25,259707,9201,97,33113.87,205411.74
CMP-7429,GM Financial,Facebook Ads,Leads,45-54,05/06/25,51210,5233,177,20338.35,190680.06
CMP-4957,OnStar,TikTok Ads,Tráfico,25-34,05/05/25,458005,8817,411,48430.1,188125.82
CMP-6206, Bimbo  ,Google Ads,Alcance,18-24,09/08/25,256029,4763,700,33773.59,73240.56
CMP-1775,Cerveza Modelo,Instagram Ads,Conversión,18-24,06/01/25,316124,13621,217,67314.95,58656.95
CMP-9362,Cerveza Modelo,Instagram Ads,Reconocimiento,18-24,17/07/25,358287,9509,215,20682.08,146175.19
CMP-3947,Cerveza Modelo,TikTok Ads,Alcance,18-24,16/09/25,170685,2635,411,6212.32,34729.35
CMP-3514,Bimbo,Instagram Ads,Leads,25-34,19/05/25,336559,6393,578,37756.67,69050.47
CMP-5310,GM Financial,Google Ads,Conversión,35-44,22/05/25,357006,645,587,15203.95,166812.07
CMP-8069, GM Financial  ,Instagram Ads,Alcance,,10/08/25,24519,8099,565,,61310.38
CMP-5818,Liverpool,Google Ads,Reconocimiento,35-44,21/04/25,225452,7344,42,52645.14,209881.69
CMP-7329, Banco Azteca  ,Google Ads,Reconocimiento,35-44,07/08/25,59676,1031,125,53970,165680.66
CMP-2181,GM Financial,Google Ads,Alcance,35-44,03/08/25,310845,14368,336,82412.85,92717.6
CMP-3561,Telcel,Facebook Ads,conversión,25-34,12/04/25,94858,3710,130,71132.96,159396.1
CMP-3197,Aeroméxico,YouTube Ads,Tráfico,25-34,18/09/25,183263,8041,232,80461.28,55597.41
CMP-3520,Banco Azteca,TikTok Ads,Reconocimiento,,05/09/25,130013,829,372,51377.56,216723.23
CMP-9399,Aeroméxico,YouTube Ads,Conversión,25-34,08/07/25,58184,634,367,51239.45,73935.14
CMP-3116,Liverpool,LINKEDIN ADS,Alcance,18-24,29/04/25,107313,3461,733,14080.42,144247.24
CMP-9643,Telcel,Google Ads,Reconocimiento,18-24,02/10/25,276435,3334,526,56549.04,175536.75
CMP-8386,OnStar,TikTok Ads,Alcance,35-44,13/08/25,278952,8182,110,83189.63,158455.72
CMP-3172,Liverpool,Facebook Ads,Leads,18-24,19/02/25,110902,6658,581,55423.25,34391.46
CMP-1070,Bimbo,Facebook Ads,Alcance,45-54,07/07/25,175758,1045,79,2062.9,83941.57
CMP-8565,Telcel,FACEBOOK ADS,Reconocimiento,25-34,07/10/25,177400,14159,221,37771.25,194037.47
CMP-4038,Cerveza Modelo,GOOGLE ADS,Conversión,25-34,28/06/25,393823,10099,117,30276.88,105576.54
CMP-5557,Bimbo,TIKTOK ADS,conversión,18-24,11/01/25,18061,13502,105,73297.42,29318.22
CMP-2342,OnStar,YouTube Ads,Leads,25-34,14/02/25,446683,7693,180,22025.97,151357.32
CMP-6071,Bimbo,Google Ads,Conversión,25-34,19/07/25,131442,8010,105,53086.97,70724.56
CMP-3717,Banco Azteca,Instagram Ads,alcance,18-24,23/09/25,204405,8913,38,14154.69,49478.33
CMP-1464,Aeroméxico,TikTok Ads,Tráfico,25-34,05/08/25,168522,11273,753,50999.08,159524.07
CMP-10994, Bimbo  ,LinkedIn Ads,Conversión,25-34,14/01/25,46121,4392,647,60860.05,173140.69
CMP-4081,Banco Azteca,LinkedIn Ads,Reconocimiento,55+,21/09/25,471720,9396,286,12726.56,194974.25
CMP-1223,Cerveza Modelo,TikTok Ads,Reconocimiento,45-54,27/05/25,480355,5726,527,31391.05,84154.98
CMP-3086,Bimbo,YouTube Ads,Conversión,35-44,28/03/25,505,505,437,33232.84,155503.4
CMP-6652,Aeroméxico,YouTube Ads,Reconocimiento,45-54,18/07/25,233710,8054,765,46440.4,9361.56
CMP-8588,Liverpool,YouTube Ads,Leads,25-34,18/03/25,312585,13469,312,77311.96,189540.87
CMP-8685,OnStar,GOOGLE ADS,Leads,25-34,04/06/25,62290,754,211,21751.99,
CMP-6647,GM Financial,GOOGLE ADS,Alcance,35-44,06/07/25,14689,10870,747,83791.87,62181.58
CMP-2866,Telcel,Google Ads,Conversión,55+,19/02/25,468176,1445,504,62310.41,200223.9
CMP-7660, Liverpool  ,Google Ads,Reconocimiento,35-44,21/01/25,55917,4137,533,7650.25,92214.15
CMP-4241,Liverpool,YouTube Ads,Reconocimiento,,06/07/25,24278,11002,566,79924.35,121271.22
CMP-1843,Aeroméxico,TikTok Ads,Reconocimiento,25-34,24/08/25,256580,2711,791,40917.69,177003.82
CMP-9325,Aeroméxico,YouTube Ads,Tráfico,18-24,27/03/25,42378,2913,363,19054.01,94827.43
CMP-5730,Banco Azteca,TIKTOK ADS,Alcance,55+,13/06/25,109222,4505,,44395.95,46523.64
CMP-3930,Telcel,TikTok Ads,Conversión,35-44,16/05/25,119391,11764,167,70210.21,118181.97
CMP-10777,GM Financial,Google Ads,Tráfico,18-24,30/08/25,245944,1033,82,74052.34,26373.86
CMP-3667,Telcel,Facebook Ads,Alcance,35-44,21/08/25,317763,6340,,61831.85,31231.09
CMP-6247,Banco Azteca,YouTube Ads,Tráfico,35-44,21/04/25,379644,8658,229,4921.33,119551.34
CMP-9370,GM Financial,Facebook Ads,conversión,45-54,02/10/25,344953,7602,388,63019.07,30503.89
CMP-8590, GM Financial  ,Google Ads,Reconocimiento,45-54,22/03/25,164920,2693,248,20321.62,49580.5
CMP-3050,Aeroméxico,TikTok Ads,Tráfico,18-24,20/08/25,187561,14585,310,15411.09,138812.47
CMP-6552,OnStar,LinkedIn Ads,Alcance,18-24,10/04/25,247436,6695,318,82767.56,141840.12
CMP-7812,Telcel,LinkedIn Ads,Alcance,45-54,30/07/25,222624,8458,519,64811.55,196570.52
CMP-9301,Banco Azteca,Google Ads,Leads,35-44,30/08/25,72154,10890,47,82517.61,156232.48
CMP-9583, Liverpool  ,TikTok Ads,Tráfico,35-44,08/06/25,271414,13539,771,81768.37,136713.11
CMP-9854,Liverpool,LinkedIn Ads,Conversión,25-34,29/05/25,207265,14023,401,39185.33,172077.63
CMP-1111,Cerveza Modelo,LinkedIn Ads,Tráfico,35-44,04/03/25,358869,8784,395,35886.56,188754.51
CMP-7685,Cerveza Modelo,Instagram Ads,Conversión,25-34,30/07/25,423748,6440,632,23135.48,99602.51
CMP-7121,Telcel,Facebook Ads,Leads,35-44,27/04/25,461958,12588,437,69509.33,142384.56
CMP-8012,Cerveza Modelo,LINKEDIN ADS,Alcance,25-34,13/09/25,486719,1292,,59459.83,45455.71
CMP-10976,Aeroméxico,Instagram Ads,Reconocimiento,18-24,03/02/25,149344,13835,,13771.09,172336.55
CMP-9886,GM Financial,YouTube Ads,Leads,25-34,23/08/25,473511,5136,547,28390.14,96249.08
CMP-9899,OnStar,LINKEDIN ADS,Alcance,55+,25/09/25,164078,12005,596,60227.62,150865.69
CMP-9263,Banco Azteca,Instagram Ads,Conversión,25-34,11/01/25,228992,5082,227,19108.35,100819.03
CMP-2121,Bimbo,Facebook Ads,Leads,35-44,10/05/25,353559,8327,478,73734.71,202337.56
CMP-7195,Aeroméxico,GOOGLE ADS,Tráfico,45-54,20/07/25,169977,12145,358,10704.08,32415.77
CMP-2035,GM Financial,Google Ads,Reconocimiento,25-34,18/10/25,484335,2098,557,6130.33,18819.44
CMP-9139,Aeroméxico,LINKEDIN ADS,Alcance,,02/02/25,131385,13273,593,39659.38,
CMP-9497,Aeroméxico,FACEBOOK ADS,Reconocimiento,25-34,20/10/25,411323,13745,,20464.13,37914.31
CMP-4460,Liverpool,Google Ads,Reconocimiento,45-54,04/08/25,94346,13299,506,34626.23,78123.39
CMP-6036,Banco Azteca,Facebook Ads,Leads,25-34,16/07/25,84928,1012,198,14132.9,130957.39
CMP-5498,Banco Azteca,INSTAGRAM ADS,Reconocimiento,,04/01/25,268920,11633,220,44126.91,132376.72
CMP-8975,Aeroméxico,Facebook Ads,Reconocimiento,55+,09/03/25,348131,147,147,61083.42,24832.79
CMP-2932,Aeroméxico,TikTok Ads,Tráfico,35-44,11/02/25,357492,1719,346,6709.19,23643.95
CMP-2269,GM Financial,Facebook Ads,Alcance,55+,28/05/25,422394,1845,306,57169.32,205059.78
CMP-7101,Liverpool,YouTube Ads,Alcance,25-34,17/03/25,310630,5980,610,67784.79,144343.35
CMP-1575,Aeroméxico,INSTAGRAM ADS,Leads,18-24,28/01/25,171317,4623,794,7571.46,124118.44
CMP-1876, Aeroméxico  ,YOUTUBE ADS,Leads,25-34,25/05/25,220792,8033,785,79436.02,104888.94
CMP-1845,OnStar,Facebook Ads,Reconocimiento,45-54,17/03/25,374096,13394,486,41771.48,26113.87
CMP-2739,Telcel,TikTok Ads,Reconocimiento,18-24,28/09/25,39768,11572,116,73860,101975.27
CMP-10345,Aeroméxico,Facebook Ads,Tráfico,45-54,19/05/25,480050,7187,286,27590.48,61468.83
CMP-5186,Cerveza Modelo,FACEBOOK ADS,Conversión,55+,09/07/25,150700,4168,5,31504.68,114903.55
CMP-10776,Aeroméxico,Instagram Ads,Leads,55+,09/04/25,258753,8621,392,,204793.06
CMP-7404,Aeroméxico,YouTube Ads,Tráfico,45-54,13/03/25,31685,3665,220,83094.52,38972.11
CMP-3809, GM Financial  ,YouTube Ads,Alcance,25-34,28/02/25,43746,2716,238,61217.31,140392.68
CMP-3079,GM Financial,LinkedIn Ads,Reconocimiento,35-44,20/03/25,317170,1897,415,64044.74,93739.48
CMP-1949,Cerveza Modelo,Facebook Ads,Tráfico,35-44,14/09/25,77911,959,356,64055.77,118948.97
CMP-10319,Liverpool,Instagram Ads,Reconocimiento,35-44,18/03/25,90335,11661,661,37995.55,110844.3
CMP-9821,Bimbo,Facebook Ads,Reconocimiento,18-24,03/06/25,423203,75,75,57100.89,171081.05
CMP-1441,Liverpool,Instagram Ads,Alcance,18-24,04/10/25,152205,2897,454,9499.95,158229.83
CMP-1386,Aeroméxico,YOUTUBE ADS,Tráfico,55+,04/04/25,248423,13275,775,37877.39,170617.33
CMP-9926,GM Financial,Instagram Ads,Reconocimiento,45-54,08/04/25,466820,14944,115,25422.03,1614.2
CMP-1353,OnStar,YouTube Ads,Leads,18-24,02/04/25,427288,10165,158,83803.1,66781.91
CMP-1293,Banco Azteca,GOOGLE ADS,Tráfico,18-24,11/08/25,48040,3136,538,7492.42,85745.04
CMP-8079,OnStar,LinkedIn Ads,Leads,45-54,27/06/25,270408,3053,675,36691.79,210469.25
CMP-10967,Telcel,YouTube Ads,Alcance,55+,23/05/25,125365,3708,,71212.64,11189.95
CMP-5059,Cerveza Modelo,LinkedIn Ads,Reconocimiento,45-54,10/08/25,392715,7433,312,8536.41,187542.81
CMP-3267,Cerveza Modelo,LinkedIn Ads,Reconocimiento,18-24,02/07/25,35574,6794,464,10106.68,172581.18
CMP-9341,GM Financial,LinkedIn Ads,Reconocimiento,35-44,15/10/25,167409,5504,606,74930.05,99587.54
CMP-6372,Cerveza Modelo,Google Ads,tráfico,18-24,21/06/25,490060,14581,405,,207337.95
CMP-10970,OnStar,Facebook Ads,Alcance,18-24,20/10/25,339765,746,139,45740.85,110809.3
CMP-9521,Liverpool,FACEBOOK ADS,alcance,35-44,10/03/25,368380,4050,663,12863.62,19949.43
CMP-8797,OnStar,Instagram Ads,Tráfico,18-24,01/04/25,289977,13231,482,14784.47,
CMP-10538,OnStar,LINKEDIN ADS,Reconocimiento,35-44,29/04/25,195661,4744,737,67835.55,31133.21
CMP-9717,Bimbo,TikTok Ads,Alcance,45-54,24/09/25,447612,14752,0,77776.34,64364.92
CMP-6533, GM Financial  ,FACEBOOK ADS,Reconocimiento,35-44,30/09/25,28249,1899,156,9986.45,205742.01
CMP-4654,Cerveza Modelo,Instagram Ads,Leads,18-24,30/05/25,215339,11007,281,61453.54,22655.12
CMP-4046,OnStar,Google Ads,Conversión,,23/08/25,155119,2753,458,41272.26,45187.82
CMP-5942,Cerveza Modelo,TIKTOK ADS,alcance,45-54,19/10/25,8951,8951,18,5339.68,87116.93
CMP-2852,Cerveza Modelo,TikTok Ads,Reconocimiento,45-54,14/03/25,448467,10294,164,51596.5,71162.62
CMP-3575,Aeroméxico,Instagram Ads,Reconocimiento,55+,01/05/25,165065,8231,402,1551.15,194614.02
CMP-5303,GM Financial,TikTok Ads,Reconocimiento,18-24,23/10/25,404335,10969,303,8918.09,72356.47
CMP-1129,Cerveza Modelo,YOUTUBE ADS,Conversión,35-44,07/03/25,351269,10094,181,77999.07,28066.3
CMP-8238,Bimbo,Instagram Ads,Leads,25-34,22/02/25,496901,14593,423,13830.01,154676.82
CMP-5879,Aeroméxico,YouTube Ads,Leads,18-24,27/04/25,221661,9875,441,44554.41,36092.96
CMP-5002,Telcel,Facebook Ads,alcance,45-54,14/04/25,406336,10374,118,40030.51,73749.31
CMP-5910, Bimbo  ,Google Ads,Tráfico,45-54,20/03/25,338097,194,194,66183.85,163314.67
CMP-9351,OnStar,Facebook Ads,Reconocimiento,55+,28/09/25,111501,1436,622,14356.59,75361.89
CMP-1886,Bimbo,,Alcance,55+,15/01/25,439917,6235,511,34058.38,68038.27
CMP-2259, OnStar  ,LinkedIn Ads,Conversión,25-34,22/10/25,499601,8363,702,54167.39,211092.57
CMP-4371,Cerveza Modelo,Google Ads,Reconocimiento,55+,18/06/25,458729,10503,671,55894.98,969.68
CMP-7806,Aeroméxico,TIKTOK ADS,Leads,45-54,25/04/25,478859,86,86,32611.99,
CMP-7172,Telcel,YouTube Ads,Conversión,35-44,05/01/25,383884,2158,607,64701.3,171727.01
CMP-7515, Aeroméxico  ,Google Ads,Conversión,45-54,23/08/25,28194,7991,147,42183.73,38805.1
CMP-10467,Cerveza Modelo,Instagram Ads,Alcance,25-34,16/08/25,280607,2275,349,22767.58,50850.06
CMP-7808,Bimbo,Facebook Ads,Conversión,25-34,08/10/25,176826,12426,349,26814.13,106744.85
CMP-5664,Aeroméxico,YouTube Ads,Conversión,35-44,18/05/25,311969,79,18,527.31,2015.23
CMP-7148,Bimbo,TikTok Ads,conversión,25-34,15/06/25,384389,3339,225,69524.15,196853.1
CMP-5041,Liverpool,LinkedIn Ads,Tráfico,45-54,14/02/25,270293,7914,770,54431.37,115160.28
CMP-2637,Cerveza Modelo,Google Ads,Leads,18-24,09/10/25,499603,13096,387,70003.55,135651.89
CMP-7307,Banco Azteca,LinkedIn Ads,Reconocimiento,25-34,13/02/25,368904,6897,661,78256.77,
CMP-6884,OnStar,Instagram Ads,Leads,45-54,20/02/25,299669,6035,741,65291.96,130572.99
CMP-6060, Banco Azteca  ,Google Ads,Tráfico,,14/07/25,206547,178,178,83549.38,
CMP-1865,Aeroméxico,TikTok Ads,Alcance,45-54,23/10/25,5193,5193,261,6692.99,38017.81
CMP-3060,Liverpool,YouTube Ads,Conversión,55+,17/01/25,35915,11529,130,83582.71,23472.93
CMP-8629,Banco Azteca,Facebook Ads,tráfico,25-34,02/01/25,217868,13638,25,33503.67,134488.52
CMP-1222, Liverpool  ,YOUTUBE ADS,Tráfico,18-24,09/04/25,347785,6489,18,24212.35,609.51
CMP-7835, GM Financial  ,LinkedIn Ads,Conversión,25-34,26/06/25,382349,10096,307,27861.01,90209.93
CMP-1638,GM Financial,TikTok Ads,Leads,18-24,16/09/25,79232,8526,786,29424.88,76113.09
CMP-9611,Cerveza Modelo,Instagram Ads,Tráfico,18-24,17/05/25,149696,13708,437,7099.08,81258
CMP-7589,Aeroméxico,Google Ads,Conversión,35-44,28/07/25,498333,2201,791,9338.38,129388.08
CMP-1767,OnStar,Facebook Ads,Leads,35-44,21/04/25,267976,10508,204,75143.84,63140.37
CMP-7270,GM Financial,YouTube Ads,alcance,35-44,08/08/25,180420,13786,53,33518.29,188489.19
CMP-5049,GM Financial,INSTAGRAM ADS,Tráfico,18-24,28/06/25,22834,9146,626,45928.98,
CMP-8331,Telcel,Facebook Ads,Tráfico,45-54,23/08/25,314058,13785,491,3204.45,205476.74
CMP-7499,Telcel,TikTok Ads,Conversión,55+,18/08/25,130476,10209,742,8152.6,207914.73
CMP-4531,Liverpool,TikTok Ads,Reconocimiento,25-34,08/04/25,262606,12847,303,41752.22,79235.37
CMP-2585,Cerveza Modelo,Google Ads,Alcance,55+,08/01/25,456592,7422,294,6649.47,59564.2
CMP-8566,Aeroméxico,Facebook Ads,conversión,35-44,11/01/25,366111,5761,715,,144313.12
CMP-5891,Bimbo,LinkedIn Ads,Conversión,25-34,07/01/25,114545,8901,388,44142.52,169432.15
CMP-1783,OnStar,LINKEDIN ADS,Leads,25-34,17/07/25,40209,740,740,82428.77,25128.25
CMP-10549,GM Financial,Instagram Ads,Tráfico,55+,24/03/25,256206,12817,526,39585.51,195597.07
CMP-9302,Liverpool,LinkedIn Ads,Leads,35-44,26/10/25,366661,9426,636,68374.18,175780.29
CMP-6730,Banco Azteca,YouTube Ads,Alcance,55+,23/09/25,66601,7920,22,,78354.53
CMP-2864,Bimbo,Facebook Ads,Alcance,,18/08/25,189740,10074,340,73282.4,43234.04
CMP-3746,OnStar,TikTok Ads,Reconocimiento,45-54,26/05/25,124720,10234,,64868.24,134999.27
CMP-7303,GM Financial,LINKEDIN ADS,Conversión,35-44,11/06/25,215861,12953,241,75148.53,14524.69
CMP-3760,Bimbo,TikTok Ads,Leads,35-44,17/02/25,322460,2942,,11381.53,51046.74
CMP-2577,Telcel,Facebook Ads,Tráfico,35-44,25/09/25,280380,386,291,81459.05,180235.91
CMP-9712,Liverpool,TikTok Ads,Leads,55+,10/02/25,387344,12501,623,75265.72,4057
CMP-6694,Aeroméxico,Google Ads,Leads,55+,16/02/25,217151,2450,452,66957.68,92160.63
CMP-5914,Bimbo,Instagram Ads,Conversión,35-44,16/02/25,463220,14276,200,14748.88,167868.34
CMP-8619,OnStar,YouTube Ads,Reconocimiento,45-54,02/04/25,475942,12596,724,76090.06,155718.64
CMP-9490,Aeroméxico,TikTok Ads,Leads,55+,11/03/25,447454,4861,263,47704.51,
CMP-8965,Cerveza Modelo,YouTube Ads,Leads,18-24,26/10/25,235429,11256,,82340.02,12972.32
CMP-7482, Banco Azteca  ,YouTube Ads,Conversión,18-24,29/07/25,216365,10520,363,79583.98,175506.37
CMP-4901, Bimbo  ,YouTube Ads,Conversión,25-34,15/03/25,59156,10490,172,12809.02,23728.54
CMP-6546, Liverpool  ,YouTube Ads,Conversión,18-24,16/01/25,340685,8150,337,42719.15,8117.53
CMP-3977,Aeroméxico,Facebook Ads,Reconocimiento,35-44,07/06/25,373742,11664,229,15690.73,22932.74
CMP-6120,Telcel,Facebook Ads,Tráfico,18-24,20/02/25,262305,8114,301,28631.18,32798.34
CMP-9612,Telcel,LinkedIn Ads,Tráfico,55+,08/07/25,311521,14193,224,15855.4,89621.07
CMP-10306,OnStar,Google Ads,Tráfico,25-34,30/07/25,448883,3420,65,5556.29,64459.62
CMP-10069,Cerveza Modelo,Facebook Ads,Conversión,18-24,26/04/25,239193,1533,607,1561.57,181633.39
CMP-2706,OnStar,Google Ads,Tráfico,55+,12/04/25,421736,13702,522,38189.42,113038.68
CMP-8456,GM Financial,YouTube Ads,Alcance,,07/02/25,283494,4749,745,27941.19,214329.9
CMP-5856,Banco Azteca,INSTAGRAM ADS,Alcance,55+,20/01/25,411117,6665,107,47108.9,69588.73
CMP-8504,Telcel,,Tráfico,55+,03/05/25,372034,4821,440,77859.32,159880.42
CMP-7014,Aeroméxico,FACEBOOK ADS,Conversión,18-24,12/01/25,327542,13701,759,12315.79,191624.09
CMP-5792,Cerveza Modelo,Instagram Ads,Leads,25-34,15/10/25,473323,6310,448,4589.57,61808.19
CMP-3447,OnStar,Instagram Ads,Leads,35-44,25/09/25,401121,8580,305,11722.41,
CMP-6411,Liverpool,YouTube Ads,Conversión,35-44,10/08/25,249218,17,17,77353.66,154146.89
CMP-4507,OnStar,LinkedIn Ads,Tráfico,45-54,20/03/25,453072,10330,151,16313.32,218532.6
CMP-4168,Bimbo,Instagram Ads,Reconocimiento,55+,06/08/25,81331,9229,458,43069.52,177475.89
CMP-7243,Aeroméxico,TIKTOK ADS,Conversión,35-44,10/10/25,239932,212,212,21108.25,11390.9
CMP-3057, Cerveza Modelo  ,Facebook Ads,Tráfico,55+,23/04/25,378682,355,355,33782.41,83205.3
CMP-4094,Liverpool,TikTok Ads,Alcance,55+,13/01/25,66638,13725,504,63886.33,87792.06
CMP-2265,Banco Azteca,LinkedIn Ads,Alcance,18-24,21/02/25,132531,6295,179,7965.43,180224.9
CMP-6098,Cerveza Modelo,Facebook Ads,Leads,35-44,04/04/25,149677,8581,367,9513.29,143482.98
CMP-4273,Aeroméxico,Facebook Ads,Tráfico,18-24,05/02/25,68085,12789,204,18358.77,204134.02
CMP-9649,Bimbo,Facebook Ads,Conversión,35-44,25/09/25,245367,9614,551,74810.2,59507.98
CMP-5719,Banco Azteca,FACEBOOK ADS,Reconocimiento,18-24,14/03/25,348849,11078,561,70585.63,17223.52
CMP-3017,GM Financial,Instagram Ads,Alcance,45-54,14/01/25,8938,7715,608,57885.63,32865.29
CMP-8701,Bimbo,Facebook Ads,Leads,45-54,15/08/25,303276,1253,300,10984.68,
CMP-7801,Bimbo,LinkedIn Ads,Alcance,45-54,24/04/25,100655,62,62,7248.65,30233.96
CMP-6586,OnStar,YouTube Ads,Conversión,25-34,07/04/25,62930,12831,119,44006.46,
CMP-3405, Cerveza Modelo  ,YouTube Ads,Leads,35-44,03/06/25,375132,1838,583,10769.49,28151.01
CMP-1691,GM Financial,YOUTUBE ADS,Conversión,55+,02/03/25,57046,11096,232,57526.44,178657.84
CMP-1479,GM Financial,TikTok Ads,Reconocimiento,18-24,25/01/25,285835,6263,695,57390.71,
CMP-3212,Liverpool,TikTok Ads,Reconocimiento,35-44,28/07/25,23192,5333,162,28749.69,108361.18
CMP-10913,OnStar,,Alcance,35-44,05/10/25,43232,13812,187,8293.19,42257.72
CMP-4586,Bimbo,LinkedIn Ads,Leads,45-54,15/06/25,28562,14726,753,36304,26571.51
CMP-5317,OnStar,Instagram Ads,Leads,25-34,14/03/25,43528,10585,308,48976,56202.53
CMP-3979,Bimbo,YOUTUBE ADS,Alcance,45-54,21/01/25,418997,5056,487,27605.74,171223.2
CMP-3284,OnStar,TikTok Ads,Tráfico,45-54,19/03/25,446308,13915,764,26707.55,52878.34
CMP-2652,GM Financial,YouTube Ads,Leads,45-54,04/08/25,154599,5289,222,78787.18,216294.75
CMP-1349,Telcel,LinkedIn Ads,Conversión,35-44,27/05/25,134295,4293,242,36556.72,192707.2
CMP-8686,Cerveza Modelo,Instagram Ads,Conversión,18-24,05/07/25,259797,3560,108,3865.96,174141.66
CMP-5226,Cerveza Modelo,YouTube Ads,Conversión,25-34,22/04/25,481888,804,611,54712.56,
CMP-9364,Telcel,TIKTOK ADS,Tráfico,45-54,05/07/25,50179,10652,656,66686.97,64894.2
CMP-9255, Liverpool  ,LinkedIn Ads,Reconocimiento,55+,11/07/25,206018,8256,458,32640.03,103428.83
CMP-7919,Aeroméxico,Google Ads,Leads,35-44,29/01/25,101254,4397,587,31838.46,2131.83
CMP-8257,Bimbo,TikTok Ads,Tráfico,25-34,10/02/25,373136,5831,225,35263.13,81602.53
CMP-3278,Banco Azteca,Instagram Ads,tráfico,25-34,17/09/25,463292,1319,614,19604.99,9553.61
CMP-8718, Telcel  ,LINKEDIN ADS,Conversión,45-54,01/06/25,276228,8053,528,78014.79,70033.41
CMP-9402, Telcel  ,Google Ads,Reconocimiento,35-44,24/10/25,143741,5669,204,60175.08,122057.67
CMP-2015,Liverpool,Google Ads,Leads,45-54,11/05/25,445253,766,603,72278.04,208324.38
CMP-6052, Bimbo  ,YouTube Ads,Tráfico,18-24,08/01/25,315926,13912,496,50843.16,145285.46
CMP-7314, OnStar  ,TikTok Ads,Tráfico,45-54,20/02/25,48042,5544,518,64653.39,202925.17
CMP-1359,Cerveza Modelo,LINKEDIN ADS,Reconocimiento,55+,09/05/25,15039,12940,468,57281.01,152804.23
CMP-10599,GM Financial,Instagram Ads,Alcance,45-54,28/09/25,445542,11888,348,10149.06,
CMP-6495, OnStar  ,YouTube Ads,Alcance,25-34,12/03/25,333114,3268,9,34317.16,
CMP-8805, Cerveza Modelo  ,Google Ads,Tráfico,45-54,17/06/25,450023,1315,716,52974.37,219972.52
CMP-6045,Cerveza Modelo,Google Ads,Tráfico,45-54,04/02/25,48472,1291,551,6301.23,158676.51
CMP-7060,Banco Azteca,LinkedIn Ads,Tráfico,18-24,28/01/25,367185,12884,571,10887.43,161576.23
CMP-2077,OnStar,TikTok Ads,Conversión,35-44,28/07/25,86394,1750,736,57783.71,105812.41
CMP-8172,OnStar,FACEBOOK ADS,Leads,25-34,09/01/25,455140,3349,314,76720.48,
CMP-9665,OnStar,Google Ads,Alcance,55+,21/01/25,69370,13156,178,2099.45,216895.46
CMP-8666,Cerveza Modelo,TikTok Ads,alcance,45-54,27/08/25,125977,2928,,83042.61,
CMP-5803,GM Financial,Google Ads,Alcance,45-54,13/03/25,163995,14921,15,26089.05,194451.58
CMP-6152, Liverpool  ,Google Ads,Alcance,45-54,06/03/25,59888,12757,316,20179.67,157639.63
CMP-1550,Liverpool,YOUTUBE ADS,Alcance,25-34,09/09/25,121397,14307,352,61120.73,207104.78
CMP-9437,GM Financial,TikTok Ads,Leads,25-34,13/01/25,366997,5283,429,65595.87,112912.18
CMP-10489,OnStar,LINKEDIN ADS,Reconocimiento,55+,23/07/25,245381,11125,642,41620.36,164155.17
CMP-10311,GM Financial,LinkedIn Ads,Reconocimiento,25-34,07/06/25,452033,10086,363,75266.25,54790.27
CMP-9835,Liverpool,LinkedIn Ads,Reconocimiento,35-44,11/01/25,362964,9969,328,50918.8,90017.5
CMP-6734,Bimbo,TikTok Ads,reconocimiento,35-44,06/06/25,337172,879,5,62101.27,210658.63
CMP-7024,GM Financial,TikTok Ads,alcance,45-54,19/03/25,135291,13548,424,18805.7,153772.4
CMP-8779,Aeroméxico,Google Ads,Leads,25-34,05/07/25,389353,8671,77,76045.9,151053.09
CMP-4691,OnStar,LinkedIn Ads,tráfico,55+,02/06/25,251604,5901,364,18608.37,22572.4
CMP-8352,Aeroméxico,TIKTOK ADS,Conversión,18-24,19/09/25,327700,7138,331,48886.14,36139.04
CMP-6117,OnStar,Google Ads,reconocimiento,55+,04/08/25,249435,6943,29,22620.53,143125.87
CMP-6075,Telcel,INSTAGRAM ADS,Reconocimiento,25-34,06/10/25,49416,10970,117,84142.18,111756.42
CMP-7492,Banco Azteca,TikTok Ads,Conversión,45-54,17/03/25,297926,8687,140,22847.31,39386.32
CMP-7458,Banco Azteca,TikTok Ads,Tráfico,18-24,29/01/25,27583,4644,786,5719.51,37419.25
CMP-3992,Telcel,FACEBOOK ADS,Conversión,45-54,28/05/25,222787,14596,576,23713.96,192340.08
CMP-1980, Banco Azteca  ,Instagram Ads,Leads,55+,04/03/25,332545,5777,791,70328.67,74482.18
CMP-8972,Liverpool,YouTube Ads,Reconocimiento,25-34,08/06/25,380951,908,,5304.29,87877.23
CMP-10299,Cerveza Modelo,YouTube Ads,Tráfico,55+,08/05/25,403253,11548,739,52215.62,4286.37
CMP-8740,GM Financial,LinkedIn Ads,Reconocimiento,25-34,23/03/25,471138,11264,,37336.8,36211.76
CMP-10280,Cerveza Modelo,GOOGLE ADS,Conversión,18-24,07/06/25,250319,12910,263,17462.09,217471.14
CMP-3671,GM Financial,Google Ads,Leads,35-44,17/01/25,360196,13201,354,31772.73,70967.54
CMP-6542,Liverpool,TikTok Ads,Tráfico,45-54,17/07/25,444830,6892,143,40523.44,
CMP-1702,GM Financial,Google Ads,Tráfico,18-24,12/01/25,193432,1716,158,47466.83,10210.37
CMP-6927,Telcel,TikTok Ads,Tráfico,18-24,30/01/25,371303,157,157,43384.85,72637.15
CMP-10497,Liverpool,Instagram Ads,Reconocimiento,18-24,03/04/25,292087,3063,644,44218.15,49742.73
CMP-4091,Liverpool,Instagram Ads,Alcance,35-44,09/09/25,105034,9583,288,35173.35,119355.83
CMP-9278,Banco Azteca,TikTok Ads,Leads,35-44,29/07/25,203143,11200,418,,109335.7
CMP-4921,Aeroméxico,Facebook Ads,Reconocimiento,35-44,06/07/25,396735,8553,268,81460.94,134235.54
CMP-9580, GM Financial  ,Google Ads,Tráfico,45-54,15/05/25,239666,5695,,46062.61,145883.75
CMP-1205,Cerveza Modelo,YouTube Ads,Reconocimiento,,09/05/25,161247,9657,23,34325.3,205087.6
CMP-6462,Liverpool,Instagram Ads,Leads,25-34,12/05/25,197748,9854,,22405.81,218013.92
CMP-10734,Aeroméxico,GOOGLE ADS,Conversión,25-34,13/03/25,290995,12224,679,33581.95,16208.08
CMP-9141,Aeroméxico,Instagram Ads,Reconocimiento,25-34,15/02/25,134828,2373,759,31616.7,140831.47
CMP-10741,Liverpool,Instagram Ads,Conversión,35-44,04/09/25,350289,13229,122,34579.42,48737.35
CMP-3043,Liverpool,LinkedIn Ads,Tráfico,18-24,09/10/25,128148,6702,560,40435.55,84527.63
CMP-5727,Liverpool,YouTube Ads,Tráfico,18-24,01/03/25,431842,11021,562,24853.09,
CMP-3013,Cerveza Modelo,YouTube Ads,tráfico,18-24,13/09/25,127793,6341,39,50879.8,184067.03
CMP-5295,Cerveza Modelo,YouTube Ads,Alcance,35-44,07/07/25,280784,8583,173,73301.54,7801.83
CMP-10215,Bimbo,LinkedIn Ads,Reconocimiento,35-44,02/04/25,444398,6175,119,9464.37,133629.69
CMP-7818,Telcel,Facebook Ads,Leads,45-54,24/03/25,20800,2322,703,33747.05,198669.47
CMP-5697,Bimbo,Instagram Ads,Tráfico,45-54,25/03/25,216921,11721,492,5056.77,109909.08
CMP-9097,OnStar,TikTok Ads,Alcance,55+,24/05/25,188303,5538,623,31418.32,120587.62
CMP-8521, Bimbo  ,LinkedIn Ads,Leads,35-44,14/02/25,303472,388,388,,153432.07
CMP-7624,Banco Azteca,Google Ads,tráfico,45-54,26/01/25,104033,14897,51,54022.63,
CMP-4785,Banco Azteca,YOUTUBE ADS,Tráfico,45-54,09/10/25,451159,13851,64,27125.03,48820.19
CMP-5783,Bimbo,TikTok Ads,Tráfico,45-54,13/09/25,270973,5457,51,64281.33,118689.9
CMP-8635,GM Financial,LinkedIn Ads,Tráfico,18-24,28/04/25,254811,6001,166,47804.21,178946.62
CMP-3016,OnStar,LinkedIn Ads,Leads,18-24,02/04/25,240086,13411,244,83141.64,8885.64
CMP-2707, Banco Azteca  ,Google Ads,Conversión,55+,12/05/25,386653,8178,461,48198.33,188484.25
CMP-2309,Telcel,Instagram Ads,Reconocimiento,35-44,09/01/25,197150,13268,135,44068.68,213619.29
CMP-1273,Liverpool,YouTube Ads,Leads,45-54,08/08/25,436374,14511,414,74690.71,15325.12
CMP-1136,Aeroméxico,TIKTOK ADS,Conversión,35-44,18/04/25,44779,6365,326,24839.87,172611.86
CMP-4779,Liverpool,Instagram Ads,Conversión,35-44,25/01/25,103620,8982,222,72330.62,
CMP-5742, Cerveza Modelo  ,YouTube Ads,Leads,35-44,20/04/25,9534,9534,31,,176883.47
CMP-3387,GM Financial,LinkedIn Ads,Alcance,55+,26/02/25,436481,10446,25,61004.3,
CMP-3913,Bimbo,TikTok Ads,Leads,,10/08/25,208945,11019,320,45262.48,21364.56
CMP-1313,Cerveza Modelo,Instagram Ads,alcance,18-24,05/02/25,454476,4049,211,1989.55,177927.44
CMP-3944,OnStar,YouTube Ads,Alcance,25-34,17/09/25,222947,1519,110,27612.21,20800.68
CMP-8382,Telcel,Google Ads,conversión,55+,15/07/25,445368,12906,1,79190.3,204467.48
CMP-9964,Bimbo,LinkedIn Ads,Conversión,18-24,26/07/25,145812,1327,51,,41904.68
CMP-3889,Telcel,TikTok Ads,Tráfico,25-34,13/08/25,166024,10657,795,70523.78,19242.6
CMP-1612, Liverpool  ,TikTok Ads,Conversión,25-34,06/01/25,497581,6841,753,61804.93,201862.11
CMP-5681,Bimbo,Google Ads,Leads,25-34,18/07/25,249311,7959,667,,176433.66
CMP-1231, Cerveza Modelo  ,Instagram Ads,conversión,25-34,16/03/25,266673,12532,148,4314.36,23738.03
CMP-1018,Aeroméxico,Google Ads,Reconocimiento,35-44,10/06/25,478802,8387,442,3306.2,61187.48
CMP-6525,OnStar,INSTAGRAM ADS,Reconocimiento,45-54,06/05/25,419580,11118,38,10836.93,170372.1
CMP-9430, Liverpool  ,TIKTOK ADS,Reconocimiento,45-54,22/07/25,349910,1466,172,25102.04,104839.27
CMP-4346,Aeroméxico,Facebook Ads,tráfico,55+,19/04/25,480368,1227,548,32015.92,198034.98
CMP-5603,Liverpool,Instagram Ads,reconocimiento,55+,31/05/25,317677,2370,499,61044.85,4389.24
CMP-3170,Banco Azteca,YouTube Ads,Tráfico,35-44,01/08/25,196836,850,562,3226.87,137481.57
CMP-1526,Liverpool,YOUTUBE ADS,Leads,45-54,19/01/25,457383,295,295,52972.29,23698.7
CMP-2142, Banco Azteca  ,YouTube Ads,reconocimiento,,10/03/25,194892,8241,613,12992.42,51447.17
CMP-1271,Banco Azteca,Facebook Ads,Reconocimiento,45-54,17/01/25,275304,4268,337,,3197.84
CMP-1460, Aeroméxico  ,YouTube Ads,tráfico,45-54,13/10/25,406131,14270,97,71651.24,91887.78
CMP-5571,Aeroméxico,FACEBOOK ADS,Conversión,35-44,06/07/25,218270,6442,93,15285.68,197550.13
CMP-10799,Telcel,Facebook Ads,Tráfico,35-44,28/06/25,286008,12501,,29136.75,188877.49
CMP-4312,Aeroméxico,LINKEDIN ADS,Leads,18-24,01/04/25,312762,8642,401,12020.66,143454.81
CMP-7099,Bimbo,Facebook Ads,Alcance,25-34,30/08/25,352612,14462,449,72951.85,189663.64
CMP-2582,Telcel,YouTube Ads,Alcance,18-24,21/01/25,303864,10481,605,13840.72,33694.95
CMP-2999,GM Financial,LinkedIn Ads,Alcance,35-44,17/09/25,266436,6151,30,10290.02,
CMP-9457,Bimbo,Google Ads,Conversión,45-54,27/09/25,109662,1126,,7488.26,206116.63
CMP-2990,Liverpool,TIKTOK ADS,Alcance,18-24,24/03/25,487332,4064,580,69842.13,195725.37
CMP-9961,Bimbo,Facebook Ads,Tráfico,35-44,01/08/25,214880,9996,314,6146.56,153778.29
CMP-8644,Bimbo,Instagram Ads,Reconocimiento,18-24,15/02/25,268868,11122,132,17127.87,196908.65
CMP-7255, Liverpool  ,Facebook Ads,Alcance,25-34,27/01/25,92342,2284,110,3442.79,134430.01
CMP-7019,Bimbo,Facebook Ads,Alcance,35-44,16/07/25,359847,4671,241,60557.7,158884.69
CMP-6123,Telcel,INSTAGRAM ADS,Leads,18-24,02/10/25,309497,7039,23,30570.64,103299
CMP-2078,Cerveza Modelo,TIKTOK ADS,Reconocimiento,55+,25/04/25,319739,12605,233,9884.95,35488.18
CMP-4309,Bimbo,YouTube Ads,Reconocimiento,55+,22/06/25,98794,8756,652,65928.52,73861.24
CMP-1491,Liverpool,Instagram Ads,Leads,,13/05/25,165706,9128,512,54670.16,120223.57
CMP-5421,GM Financial,Google Ads,Conversión,18-24,19/09/25,86926,887,606,14630.39,55454.46
CMP-8788,Liverpool,LinkedIn Ads,Reconocimiento,,15/10/25,385423,11957,3,54334.75,119549.88
CMP-7164,Telcel,Instagram Ads,Conversión,45-54,21/01/25,7724,7724,517,26359.38,139936.37
CMP-2371, Banco Azteca  ,YouTube Ads,leads,25-34,11/08/25,479694,10269,664,49966.56,27288.69
CMP-2238,Cerveza Modelo,LinkedIn Ads,Conversión,45-54,24/08/25,361598,4895,264,21725.89,143723.14
CMP-5196,Banco Azteca,Instagram Ads,Conversión,25-34,24/04/25,399096,1780,512,69031.88,186286.62
CMP-1524,Aeroméxico,Facebook Ads,Reconocimiento,25-34,01/04/25,459665,14884,16,3611.24,114133.37
CMP-10883,Cerveza Modelo,FACEBOOK ADS,Leads,25-34,31/08/25,381995,11028,682,42386.85,33711.83
CMP-8043,Liverpool,Facebook Ads,Conversión,18-24,05/07/25,424316,11891,360,31492.43,69931.91
CMP-8659,Banco Azteca,LINKEDIN ADS,Tráfico,55+,23/04/25,202041,13505,424,40033.05,149109.32
CMP-2725,Telcel,Facebook Ads,Alcance,35-44,20/04/25,119698,2169,259,45693.16,61218.19
CMP-9685, Bimbo  ,Google Ads,Leads,18-24,03/07/25,202912,2198,194,81057.15,147967.36
CMP-5955,Liverpool,TikTok Ads,Reconocimiento,18-24,17/09/25,370779,13925,349,39660.72,184864.89
CMP-8749,Aeroméxico,TikTok Ads,Reconocimiento,35-44,13/05/25,318905,409,144,73406.93,111298.65
CMP-7012,Banco Azteca,Instagram Ads,Tráfico,18-24,08/08/25,59701,8916,561,42488.13,
CMP-4278,Aeroméxico,Google Ads,Alcance,18-24,04/08/25,324917,6217,402,43592.67,138630.38
CMP-3007,OnStar,Instagram Ads,Alcance,25-34,19/08/25,395024,14986,655,36198.42,23762.95
CMP-3702,Banco Azteca,,Alcance,25-34,10/06/25,331549,13190,743,59283,21082.07
CMP-2333, Cerveza Modelo  ,,Leads,45-54,19/09/25,423923,3380,361,72019.62,31766.98
CMP-4967,Telcel,YouTube Ads,Tráfico,25-34,02/06/25,335429,8864,245,62401.47,144941.43
CMP-9566,Bimbo,Instagram Ads,Reconocimiento,55+,02/08/25,419489,7053,347,67730.78,4560.11
CMP-9517,Liverpool,FACEBOOK ADS,Alcance,25-34,17/02/25,163838,1017,296,59996.94,52390.74
CMP-10968,GM Financial,TikTok Ads,Reconocimiento,55+,02/09/25,321714,13871,203,80990.2,187097.29
CMP-10638,GM Financial,Google Ads,Reconocimiento,25-34,08/01/25,321502,14360,400,75537.13,45900.38
CMP-7082,Bimbo,Google Ads,Conversión,55+,18/02/25,331731,8943,112,,
CMP-3288,Banco Azteca,Google Ads,Alcance,45-54,31/03/25,287134,8531,238,53779.75,151487.38
CMP-9737,Telcel,,Reconocimiento,18-24,24/07/25,185558,3606,550,5391.12,156713.34
CMP-2095,Telcel,YouTube Ads,Conversión,25-34,20/10/25,7676,991,146,47205.11,20228.02
CMP-10932,OnStar,FACEBOOK ADS,Conversión,55+,04/10/25,291466,11942,496,10208.66,46735.89
CMP-6945,GM Financial,LinkedIn Ads,Conversión,18-24,27/07/25,465154,7606,473,75358.22,159037.44
CMP-7935,Liverpool,FACEBOOK ADS,Reconocimiento,18-24,29/01/25,242464,5885,272,73061.39,113767.84
CMP-6595,Bimbo,LinkedIn Ads,Leads,25-34,24/02/25,33415,4158,370,80096.64,
CMP-5651,Banco Azteca,Instagram Ads,Reconocimiento,35-44,17/05/25,362404,1076,,29506.26,118594.83
CMP-6334,Liverpool,TikTok Ads,Leads,25-34,14/05/25,469898,10809,471,25440.66,101235.95
CMP-3570,Aeroméxico,Google Ads,Leads,25-34,25/07/25,290559,6417,5,49186.64,96697.67
CMP-7946,Liverpool,YouTube Ads,Tráfico,35-44,28/01/25,299890,433,246,18230.31,102323.08
CMP-2278, Banco Azteca  ,TikTok Ads,Conversión,18-24,05/01/25,183432,2865,618,69768.04,120319.09
CMP-6718,Cerveza Modelo,TIKTOK ADS,reconocimiento,,11/05/25,292503,2320,49,81333.46,47183.89
CMP-5079,Banco Azteca,Google Ads,Leads,45-54,20/10/25,39224,12026,542,72418.38,212822.71
CMP-7228,OnStar,Google Ads,Tráfico,55+,25/09/25,2104,2104,739,,80461.82
CMP-3554,Liverpool,YouTube Ads,Leads,25-34,04/02/25,60533,5597,748,65128.66,
CMP-10379,Telcel,YouTube Ads,Leads,18-24,06/09/25,391243,12526,776,81350.48,207305.72
CMP-6784,Aeroméxico,TikTok Ads,Conversión,55+,26/08/25,11602,1969,349,76189.86,91388.28
CMP-3915,Telcel,Instagram Ads,Conversión,18-24,19/01/25,208507,9176,67,75248.96,
CMP-8830,GM Financial,Facebook Ads,Reconocimiento,35-44,07/03/25,50012,1143,791,18121.43,114929.54
CMP-1548,Cerveza Modelo,Facebook Ads,Alcance,55+,01/08/25,397293,2240,348,,132288.12
CMP-6703,GM Financial,TikTok Ads,Alcance,18-24,19/01/25,73629,12885,447,8190.94,74710.93
CMP-10399, GM Financial  ,Facebook Ads,Alcance,35-44,06/09/25,310085,12441,329,65430.5,24754.07
CMP-4394,GM Financial,Facebook Ads,Alcance,35-44,16/01/25,4001,4001,715,21692.87,26067.17
CMP-4464,Cerveza Modelo,Google Ads,Conversión,55+,13/01/25,363121,7036,146,70216.8,142070.71
CMP-5810,Bimbo,YouTube Ads,Leads,55+,23/02/25,99050,14248,156,,216717.4
CMP-6307,GM Financial,Instagram Ads,Tráfico,45-54,05/08/25,43877,14827,367,67943.65,60860.45
CMP-8203,GM Financial,,Tráfico,25-34,02/08/25,326178,286,286,66330.6,32499.27
CMP-2913,Aeroméxico,Google Ads,Reconocimiento,18-24,22/05/25,466666,1438,271,40634.7,17039.91
CMP-4002,OnStar,Instagram Ads,Reconocimiento,45-54,28/02/25,21926,5658,,51516.42,123883.74
CMP-7642,OnStar,Google Ads,Tráfico,35-44,05/08/25,283762,9898,187,39638.7,54847.67
CMP-1446,Banco Azteca,Instagram Ads,Tráfico,35-44,26/06/25,7857,7857,351,52886.82,48239.75
CMP-1485,Banco Azteca,YouTube Ads,Reconocimiento,18-24,19/04/25,102281,7496,273,17677.2,188057.95
CMP-8496,Banco Azteca,TikTok Ads,Leads,18-24,28/06/25,207898,8572,716,47190.35,34406.08
CMP-2209,Liverpool,Instagram Ads,Conversión,25-34,08/06/25,417423,8956,60,4692.66,48500.67
CMP-6253,Telcel,Instagram Ads,tráfico,35-44,08/07/25,496498,5599,12,1620.37,177971.55
CMP-5268,GM Financial,FACEBOOK ADS,Leads,18-24,29/05/25,54474,1626,278,2136.2,211545.99
CMP-5685,Bimbo,Google Ads,Alcance,35-44,18/04/25,318464,2095,494,59448.03,49076.12
CMP-6702,Banco Azteca,Instagram Ads,Alcance,25-34,04/09/25,414939,12295,530,68161.19,115223.76
CMP-2194,Cerveza Modelo,Facebook Ads,Tráfico,18-24,18/07/25,164145,11156,697,15436.06,218708.64
CMP-6959,Bimbo,Facebook Ads,Tráfico,35-44,05/07/25,193479,10525,659,,42550.88
CMP-2067,Aeroméxico,TikTok Ads,Conversión,55+,22/02/25,466473,9470,173,77563.51,34768.03
CMP-3632,GM Financial,Facebook Ads,Alcance,18-24,17/03/25,139318,13013,593,66671.99,211510.22
CMP-5029,GM Financial,YouTube Ads,Conversión,25-34,26/10/25,344832,9251,408,70363.97,100099.85
CMP-6692,Banco Azteca,FACEBOOK ADS,Conversión,55+,11/08/25,407315,10710,519,66450.33,127731.87
CMP-7611,OnStar,TIKTOK ADS,Conversión,45-54,25/04/25,217417,12177,769,60902.74,
CMP-6090,OnStar,TikTok Ads,Tráfico,18-24,21/04/25,279955,3121,611,35201.7,102983.08
CMP-10126,GM Financial,YouTube Ads,reconocimiento,35-44,18/01/25,198596,1223,166,9412.72,132530.34
CMP-10718,Cerveza Modelo,Instagram Ads,Conversión,55+,27/02/25,324982,8050,424,,173655.92
CMP-10650, Liverpool  ,Google Ads,Conversión,18-24,16/06/25,206128,1083,769,5430.48,36157.47
CMP-6740,Banco Azteca,Instagram Ads,Alcance,18-24,03/06/25,315300,6019,473,3056.1,177373
CMP-10833,OnStar,YouTube Ads,reconocimiento,55+,13/09/25,432370,1832,445,25002.72,212025.97
CMP-7749,Telcel,Instagram Ads,Leads,45-54,04/07/25,252522,9691,110,63947.6,22948.9
CMP-7667,Cerveza Modelo,TikTok Ads,Tráfico,55+,31/03/25,117045,8433,681,24128.04,61250.77
CMP-5448,Cerveza Modelo,Facebook Ads,Alcance,45-54,13/02/25,94053,12150,251,40266.85,138871.64
CMP-5685,Bimbo,Google Ads,Alcance,35-44,18/04/25,318464,2095,494,59448.03,49076.12
CMP-5703,Bimbo,YouTube Ads,Reconocimiento,35-44,25/10/25,87759,38,38,62216.99,38501.84
CMP-3419,Aeroméxico,Facebook Ads,Reconocimiento,25-34,26/01/25,449944,4280,112,19318.29,35093.06
CMP-6793,Liverpool,FACEBOOK ADS,Tráfico,55+,10/08/25,497446,809,429,54503.02,
CMP-7652,Cerveza Modelo,Instagram Ads,Tráfico,35-44,13/06/25,299192,4488,70,31544.32,
CMP-9770,Liverpool,TikTok Ads,reconocimiento,55+,23/02/25,459429,998,339,75463.18,84712.76
CMP-9648,OnStar,LinkedIn Ads,Conversión,18-24,05/04/25,27465,12392,666,26459.25,113693.56
CMP-7473,OnStar,YouTube Ads,Leads,,09/04/25,411350,1984,295,31476.03,91929.08
CMP-2940,Aeroméxico,TikTok Ads,Conversión,45-54,08/03/25,148068,2903,704,66874.72,22519.88
CMP-8850,Banco Azteca,Google Ads,Tráfico,18-24,05/05/25,25804,11261,440,36765.23,56374.98
CMP-7158,Liverpool,YouTube Ads,Conversión,25-34,18/04/25,269783,1855,308,6789.14,95816.72
CMP-1239,OnStar,LinkedIn Ads,Reconocimiento,55+,13/07/25,268116,10673,213,44005.14,16204.42
CMP-4338, Cerveza Modelo  ,LinkedIn Ads,Alcance,18-24,03/06/25,68842,1819,660,18385.63,73692.74
CMP-2690,OnStar,YouTube Ads,Conversión,35-44,10/03/25,94878,10635,642,81728.57,101779.69
CMP-2900,Liverpool,YouTube Ads,Reconocimiento,55+,28/04/25,260181,4274,264,56972.41,170335.23
CMP-7163,OnStar,YouTube Ads,Alcance,18-24,07/08/25,15328,9180,675,4591.05,
CMP-6173,Bimbo,Instagram Ads,Conversión,45-54,31/03/25,190673,9817,688,50094.37,135117.71
CMP-1534,GM Financial,Instagram Ads,Alcance,45-54,27/02/25,369410,12055,657,26678.34,117408.36
CMP-7333,Aeroméxico,Facebook Ads,Conversión,45-54,24/01/25,390393,14081,490,,56606.27
CMP-4524, Liverpool  ,Google Ads,Alcance,45-54,18/06/25,81227,13472,4,70799.92,44862.16
CMP-9189, Aeroméxico  ,LinkedIn Ads,Leads,25-34,10/04/25,423805,9318,417,80167.77,124497.77
CMP-3541, OnStar  ,Facebook Ads,Conversión,25-34,26/07/25,431364,13140,303,80437.04,69680.41
CMP-9825,OnStar,Google Ads,Alcance,18-24,01/05/25,115955,606,381,34292.04,177437.08
CMP-4101,GM Financial,Instagram Ads,Leads,45-54,22/02/25,237717,11111,378,76910.43,61456.24
CMP-10351,Cerveza Modelo,Instagram Ads,Leads,35-44,03/10/25,317028,4509,414,55565.55,175055.99
CMP-10398,Liverpool,Google Ads,Reconocimiento,55+,17/03/25,183858,7405,756,9809.07,88021.03
CMP-4000,GM Financial,Facebook Ads,Alcance,55+,17/09/25,122284,1144,518,50298.23,164001.64
CMP-3306,OnStar,Instagram Ads,Leads,18-24,11/03/25,384275,1117,126,63783.94,208996.29
CMP-1692,Cerveza Modelo,Instagram Ads,Conversión,55+,02/05/25,167580,1280,792,68443.79,114093.41
CMP-8444,Cerveza Modelo,,Alcance,55+,28/08/25,207546,707,,79926.74,206911.99
CMP-9217,Cerveza Modelo,Google Ads,Leads,45-54,09/07/25,177367,11227,514,81820.09,11071.35
CMP-3131, Aeroméxico  ,Instagram Ads,Conversión,35-44,10/01/25,247714,12700,685,75095.82,73256.02
CMP-2647,OnStar,Google Ads,Tráfico,45-54,25/07/25,108618,9782,359,65803.19,73332.99
CMP-7968,Telcel,TikTok Ads,Tráfico,,25/04/25,220030,5347,750,34678.28,22195.43
CMP-6731,Liverpool,Instagram Ads,leads,25-34,28/04/25,454751,6548,75,59759.35,27133.51
CMP-6496,GM Financial,YouTube Ads,tráfico,55+,05/09/25,265310,8044,784,81225.69,32665.8
CMP-10106,Aeroméxico,YouTube Ads,Leads,25-34,31/05/25,104957,6745,425,12756.61,186172.21
CMP-1803,Liverpool,YouTube Ads,Conversión,25-34,04/04/25,188628,9040,297,52662.15,
CMP-4644,OnStar,Google Ads,Leads,18-24,07/07/25,284735,3881,433,80650.91,183632.15
CMP-9892,GM Financial,YOUTUBE ADS,Reconocimiento,25-34,17/03/25,55588,8233,635,46377.4,81061.99
CMP-9173,Aeroméxico,Google Ads,alcance,55+,17/03/25,408138,1314,322,81052.04,126952.82
CMP-8176,GM Financial,LinkedIn Ads,Alcance,55+,26/05/25,482210,3554,193,40353.75,104803.83
CMP-10291,Bimbo,Instagram Ads,Conversión,55+,05/04/25,138644,1446,354,65933.8,46245.68
CMP-4703,OnStar,Google Ads,Conversión,25-34,19/04/25,79407,10257,316,66407.81,104338.68
CMP-10918,Cerveza Modelo,YouTube Ads,Conversión,18-24,15/01/25,310690,3924,453,63566.67,162334.54
CMP-9697,GM Financial,Facebook Ads,Alcance,,30/03/25,466804,10778,31,64839.17,8041.28
CMP-1807,Cerveza Modelo,TikTok Ads,Reconocimiento,55+,26/01/25,174409,14060,277,13882.68,61357.65
CMP-1957,Liverpool,TikTok Ads,Leads,55+,21/07/25,389274,14344,497,60385.02,21505.72
CMP-6105,Cerveza Modelo,TikTok Ads,Alcance,25-34,24/06/25,175266,7350,741,61086.87,145548.9
CMP-6596, Bimbo  ,Instagram Ads,Reconocimiento,25-34,07/04/25,196774,9679,660,15131.67,110644.31
CMP-10984,Telcel,FACEBOOK ADS,Leads,55+,19/10/25,205151,12531,89,77058.44,105297.76
CMP-6195,Aeroméxico,Facebook Ads,Leads,18-24,01/06/25,425056,10729,56,74846.38,4548.21
CMP-8807,Cerveza Modelo,Instagram Ads,Tráfico,35-44,15/04/25,442691,9137,125,75799.07,172661.66
CMP-9460,Cerveza Modelo,FACEBOOK ADS,Conversión,25-34,24/01/25,245171,10075,625,27985.1,36959.02
CMP-6447, Liverpool  ,TikTok Ads,Alcance,45-54,20/07/25,323817,11038,182,28052.67,58699.11
CMP-5988,OnStar,Instagram Ads,Leads,25-34,06/09/25,14795,3724,240,56160.8,40853.44
CMP-2633,Bimbo,TIKTOK ADS,conversión,25-34,08/09/25,450511,11786,481,42557.63,62355.1
CMP-5176,OnStar,Google Ads,Tráfico,18-24,06/01/25,19069,8125,503,79735.36,27056.78
CMP-5921,Aeroméxico,YouTube Ads,Tráfico,18-24,07/01/25,482923,2063,739,30694.56,217818.82
CMP-4175,Telcel,TikTok Ads,alcance,25-34,23/05/25,215554,10291,380,84632.1,8015.45
CMP-10425,GM Financial,YouTube Ads,Leads,55+,07/09/25,236596,14791,146,70945.35,99715.21
CMP-2150,Banco Azteca,TikTok Ads,Leads,55+,20/07/25,6302,2547,239,20334.89,177111.61
CMP-7734,GM Financial,Instagram Ads,Conversión,35-44,08/04/25,18165,10876,75,3633.84,111915.9
CMP-7575,Cerveza Modelo,TIKTOK ADS,Leads,,06/01/25,214369,9455,747,26715.38,60866.58
CMP-6603, GM Financial  ,Facebook Ads,Reconocimiento,18-24,20/03/25,336034,2139,480,31652.96,18409.67
CMP-3005,Banco Azteca,YouTube Ads,Alcance,18-24,09/08/25,482627,9368,496,44805.01,188778.73
CMP-4082,OnStar,TikTok Ads,Tráfico,45-54,20/09/25,455565,1722,233,26192.21,218324.54
CMP-9779,Aeroméxico,Facebook Ads,Reconocimiento,25-34,28/03/25,206896,5533,330,57329.6,214582.19
CMP-9315,Cerveza Modelo,LINKEDIN ADS,Reconocimiento,55+,10/06/25,72518,4870,438,24032.74,122928.21
CMP-10844,Telcel,Facebook Ads,Conversión,25-34,05/07/25,171653,2665,547,44316.26,207042.81
CMP-5273,Aeroméxico,LinkedIn Ads,Leads,18-24,30/09/25,20530,1162,635,12098.57,121013.48
CMP-8937,Bimbo,TikTok Ads,Conversión,18-24,20/10/25,399474,5567,671,58458.59,134794.56
CMP-2045,Liverpool,TikTok Ads,Conversión,55+,20/09/25,199493,14297,128,63315.2,46091.83
CMP-3294,Liverpool,LinkedIn Ads,Reconocimiento,25-34,23/04/25,12761,8097,79,25891.68,74989.58
CMP-10761,Liverpool,TikTok Ads,Leads,45-54,28/02/25,199661,14409,128,69798.3,
CMP-3049,Cerveza Modelo,YouTube Ads,Leads,55+,23/03/25,252868,124,124,4742.19,211797.79
CMP-3663,Telcel,Google Ads,Conversión,35-44,22/10/25,410311,13385,35,58666.13,
CMP-4891,Bimbo,LinkedIn Ads,Alcance,25-34,14/07/25,355739,8082,75,64853.8,11520.86
CMP-1322,OnStar,Instagram Ads,reconocimiento,45-54,20/02/25,274932,4819,691,66600.35,82771.97
CMP-9029,Telcel,INSTAGRAM ADS,Leads,25-34,31/01/25,391396,11814,551,44017.06,
CMP-5855,Telcel,Facebook Ads,Reconocimiento,55+,17/05/25,205793,10020,454,10296.9,198331.68
CMP-8777,Bimbo,LinkedIn Ads,Reconocimiento,35-44,29/01/25,87088,3434,571,61970.52,79188.08
CMP-8888, Telcel  ,Instagram Ads,Reconocimiento,25-34,18/08/25,264134,3444,667,39779.58,204268.94
CMP-4604,Liverpool,TikTok Ads,Conversión,55+,08/02/25,23618,10732,512,33880.78,96901.66
CMP-4232,Bimbo,YouTube Ads,Reconocimiento,55+,11/01/25,453584,13074,62,42957.96,203466.79
CMP-3797,GM Financial,TikTok Ads,Alcance,45-54,05/05/25,28435,9780,634,46367.21,54685.13
CMP-3469,Telcel,LinkedIn Ads,Reconocimiento,25-34,19/04/25,70626,7849,514,21588.83,112054.33
CMP-4457,Liverpool,TikTok Ads,Alcance,35-44,11/06/25,334779,3755,98,48758.91,186338.27
CMP-6468,Telcel,INSTAGRAM ADS,reconocimiento,55+,28/02/25,288194,3878,207,75959.88,175824.52
CMP-10432,GM Financial,LinkedIn Ads,Alcance,45-54,10/02/25,295145,9217,397,21735.58,
CMP-7431,Cerveza Modelo,YouTube Ads,Leads,25-34,18/06/25,396641,11963,464,64828.69,9796
CMP-4577, Liverpool  ,YouTube Ads,alcance,45-54,24/03/25,339538,3119,97,80311.02,
CMP-7678, Banco Azteca  ,LinkedIn Ads,Leads,45-54,25/06/25,387070,14207,372,83857.09,209141.41
CMP-3553, Banco Azteca  ,TikTok Ads,Leads,25-34,09/07/25,109007,14580,,73471.14,146427.66
CMP-2011,Telcel,,Conversión,18-24,15/06/25,106459,6212,773,42113.11,168074.23
CMP-6220,Telcel,FACEBOOK ADS,Leads,25-34,17/02/25,441120,2337,637,59702.02,60206.35
CMP-6421,Telcel,Facebook Ads,Leads,55+,10/09/25,6603,5601,604,81538.51,91025.74
CMP-2883,Telcel,GOOGLE ADS,Alcance,18-24,05/02/25,125708,616,43,14807.85,170881.28
CMP-4521,OnStar,INSTAGRAM ADS,Tráfico,35-44,17/01/25,99113,10850,159,64628.15,65856.61
CMP-8959,Aeroméxico,Google Ads,Reconocimiento,18-24,15/02/25,125900,10177,474,81498.42,97279.66
CMP-5877,Cerveza Modelo,YouTube Ads,Reconocimiento,18-24,20/05/25,289284,10132,403,,
CMP-8259,Bimbo,YouTube Ads,Leads,35-44,22/08/25,261602,9391,734,28482,134095.16
CMP-8584,Bimbo,TikTok Ads,Tráfico,55+,15/07/25,234513,13587,498,26558.24,
CMP-8596,Cerveza Modelo,TikTok Ads,Leads,18-24,24/10/25,32266,514,229,34793.07,35914.4
CMP-4621, Telcel  ,Google Ads,Alcance,55+,07/02/25,449580,1977,661,78189.11,196961.91
CMP-5555,OnStar,Instagram Ads,Conversión,45-54,23/09/25,96495,4227,381,33919.28,146187.6
CMP-7132,Bimbo,YouTube Ads,Conversión,,28/06/25,48787,2171,236,3978.1,24186.31
CMP-5839,Banco Azteca,TikTok Ads,Reconocimiento,55+,22/06/25,399184,7619,385,82143.23,56715.48
CMP-1380,Cerveza Modelo,TikTok Ads,reconocimiento,45-54,27/03/25,387661,277,277,77728.5,3016.14
CMP-10586, Aeroméxico  ,LinkedIn Ads,Tráfico,25-34,09/09/25,41773,10150,126,68469.8,203467.35
CMP-8029,Bimbo,YouTube Ads,Tráfico,25-34,31/03/25,21149,1897,71,55544.59,19316.26
CMP-3654,Telcel,Facebook Ads,Reconocimiento,25-34,25/08/25,245621,3391,360,,120178.03
CMP-10707,Banco Azteca,YouTube Ads,Leads,25-34,27/07/25,100754,2293,611,22079.11,65989.55
CMP-3042,GM Financial,TikTok Ads,alcance,45-54,27/04/25,464225,6878,439,24246.74,92089.75
CMP-2401,Telcel,Instagram Ads,Leads,55+,02/02/25,117775,13750,555,58435.34,185468.45
CMP-7653,OnStar,Google Ads,Leads,35-44,09/03/25,74510,14118,23,46310.16,13508.12
CMP-5409,Telcel,YouTube Ads,Tráfico,25-34,09/04/25,57814,3619,683,58444.08,13687.21
CMP-10427,Telcel,Google Ads,Conversión,55+,17/10/25,296489,6218,298,,5612.46
CMP-1101,GM Financial,TikTok Ads,Alcance,55+,11/05/25,77632,5198,460,,217035.98
CMP-3074,Liverpool,Google Ads,Conversión,55+,04/09/25,27573,14292,260,37179.38,110458.95
CMP-6926,Aeroméxico,Google Ads,Reconocimiento,18-24,13/03/25,275381,10285,408,61144.95,102913.09
CMP-2152,Liverpool,Facebook Ads,Conversión,25-34,14/03/25,115331,8256,271,51358.67,124075.01
CMP-1003,OnStar,TikTok Ads,Conversión,45-54,13/03/25,488002,1289,122,34229.52,159440.88
CMP-1028,Banco Azteca,GOOGLE ADS,Leads,45-54,24/06/25,275349,11044,779,23789.85,70801.74
CMP-3280,Cerveza Modelo,YouTube Ads,Tráfico,55+,28/08/25,461119,4283,60,44636.87,195643.9
CMP-4037,GM Financial,Google Ads,Tráfico,55+,25/02/25,281332,2120,94,66573.75,130851.73
CMP-10130,OnStar,YouTube Ads,Alcance,35-44,13/08/25,175549,4641,,4207.24,71448.91
CMP-4048,Bimbo,Instagram Ads,Leads,55+,11/04/25,188425,9026,746,25591.34,86848.55
CMP-5732,Aeroméxico,LINKEDIN ADS,Conversión,18-24,26/02/25,408299,9475,444,81960.38,100128.75
CMP-3032,Telcel,Facebook Ads,Conversión,35-44,30/08/25,51450,2168,342,19336.82,47589.25
CMP-1112,Liverpool,TIKTOK ADS,Tráfico,55+,19/08/25,299141,12715,407,36041.84,147312.65
CMP-8335,Telcel,Google Ads,Conversión,25-34,16/05/25,113816,7769,160,64347.44,196286.87
CMP-7201,OnStar,LinkedIn Ads,Conversión,18-24,11/02/25,436092,8144,30,49033.07,187261.61
CMP-5519,Aeroméxico,LINKEDIN ADS,Alcance,18-24,12/07/25,144420,14348,664,19564.65,187122.7
CMP-3519,GM Financial,FACEBOOK ADS,Reconocimiento,18-24,07/03/25,434045,5937,585,20322.94,189660
CMP-4193,Banco Azteca,TikTok Ads,Conversión,45-54,04/08/25,304390,14405,794,66669.52,95179.28
CMP-9441, Bimbo  ,TikTok Ads,Conversión,35-44,14/03/25,252967,5304,715,84291.56,142991.21
CMP-9616,Aeroméxico,Google Ads,Tráfico,35-44,06/05/25,281693,9233,743,19922.51,119076.81
CMP-10935,Cerveza Modelo,Instagram Ads,Conversión,55+,05/04/25,274775,2626,,48561.03,146276.28
CMP-3490,Liverpool,Google Ads,Tráfico,18-24,14/05/25,34063,13632,788,81973.01,176023.41
CMP-6779,Telcel,Facebook Ads,Tráfico,25-34,10/04/25,286648,8986,6,20133.32,184770.31
CMP-8310,Cerveza Modelo,YouTube Ads,reconocimiento,25-34,16/07/25,170459,1751,613,16715.66,203009.34
CMP-7773,Banco Azteca,LinkedIn Ads,Conversión,45-54,27/10/25,443191,13487,340,10168.93,92117.46
CMP-2964,Cerveza Modelo,TikTok Ads,Reconocimiento,25-34,20/03/25,257757,5242,455,,43162.35
CMP-3655, Aeroméxico  ,Google Ads,Alcance,55+,26/06/25,335751,7035,589,38631.34,112893.81
CMP-1199,GM Financial,YouTube Ads,Conversión,25-34,09/09/25,290323,216,216,51229.82,219856.47
CMP-4067,Telcel,Google Ads,Conversión,55+,13/01/25,223919,14602,115,72735.23,196999.73
CMP-1757,Telcel,Facebook Ads,Alcance,18-24,13/01/25,188335,14951,478,71957.69,11748.42
CMP-6449, Telcel  ,TikTok Ads,Tráfico,45-54,04/07/25,409475,8287,569,58497.07,208673.3
CMP-2784,Banco Azteca,TikTok Ads,Alcance,18-24,28/04/25,485557,3307,332,82068.38,119412.18
CMP-4174,Liverpool,YouTube Ads,Reconocimiento,18-24,06/04/25,367745,8536,337,34547.19,145966.17
CMP-4146,Telcel,Google Ads,Conversión,18-24,16/01/25,465755,9558,545,,69372.06
CMP-1049,Banco Azteca,Instagram Ads,Leads,55+,23/02/25,453913,3915,54,80031,53972.89
CMP-8156, Liverpool  ,LinkedIn Ads,alcance,55+,19/03/25,436753,7793,760,76202.21,85450.13
CMP-1243,Bimbo,LinkedIn Ads,Alcance,25-34,10/06/25,417930,3252,471,47808.33,2594.87
CMP-1831,Aeroméxico,YouTube Ads,Tráfico,18-24,21/06/25,15617,2050,666,19044.07,189608.51
CMP-6426,GM Financial,YouTube Ads,Leads,45-54,25/02/25,233851,4258,505,65309.03,147070.28
CMP-8195,Banco Azteca,Facebook Ads,Conversión,55+,19/09/25,435970,9368,572,51375.47,74668.17
CMP-2717,GM Financial,YouTube Ads,tráfico,35-44,17/03/25,384684,662,662,80360.45,130354.27
CMP-4484,Telcel,LinkedIn Ads,Reconocimiento,25-34,23/04/25,117070,13908,402,7959.5,136331.35
CMP-6630,GM Financial,Facebook Ads,Leads,18-24,06/05/25,221074,1901,381,64150.09,30624.54
CMP-7074, Banco Azteca  ,Google Ads,leads,18-24,31/03/25,203029,1778,516,82676.72,176420.74
CMP-3033,Liverpool,LinkedIn Ads,Reconocimiento,35-44,01/08/25,184179,13253,32,80790.8,36202.31
CMP-8448, Banco Azteca  ,Google Ads,Conversión,18-24,11/09/25,230141,9152,534,58479.03,59649.2
CMP-9489,Liverpool,Instagram Ads,conversión,35-44,19/05/25,23460,7259,577,31833.08,186481.96
CMP-10658,Telcel,YouTube Ads,Reconocimiento,35-44,25/06/25,495106,4245,121,56947.41,68880.81
CMP-2116,Liverpool,Google Ads,Tráfico,25-34,22/06/25,442127,12284,529,42110.06,179568.85
CMP-2935,Aeroméxico,TikTok Ads,Reconocimiento,18-24,18/10/25,266088,10981,135,73193.57,74479.57
CMP-3399,OnStar,Facebook Ads,Reconocimiento,35-44,11/07/25,81073,12583,26,17622.84,11197.68
CMP-10162,Aeroméxico,TikTok Ads,Reconocimiento,45-54,15/04/25,226895,11519,227,41064.32,96510.77
CMP-9048,Banco Azteca,Facebook Ads,Reconocimiento,45-54,14/06/25,197141,8938,544,31440.13,70922.08
CMP-9429,Liverpool,Google Ads,Conversión,18-24,10/10/25,281868,3997,63,16825.13,90416.23
CMP-9313,Liverpool,YouTube Ads,Reconocimiento,35-44,06/08/25,266461,12514,467,74986.16,29875.26
CMP-10187,Banco Azteca,GOOGLE ADS,Conversión,18-24,11/08/25,388201,2872,74,73483.07,217825.81
CMP-6437,Cerveza Modelo,FACEBOOK ADS,Alcance,55+,30/09/25,2793,2793,579,68463.68,33578.12
CMP-4919,Liverpool,YouTube Ads,Reconocimiento,25-34,05/08/25,271115,13704,434,40157.47,175377.37
CMP-6491,Cerveza Modelo,Facebook Ads,Alcance,18-24,01/07/25,447801,14564,319,34597.19,
CMP-8696,Cerveza Modelo,Google Ads,Conversión,45-54,20/02/25,348681,13853,179,716.14,78060.31
CMP-10108,Cerveza Modelo,TIKTOK ADS,Leads,35-44,27/03/25,41547,14134,746,17595.46,185328.76
CMP-7578,Cerveza Modelo,Instagram Ads,Leads,25-34,07/03/25,413180,5971,,31808.67,35623.56
CMP-8140,Aeroméxico,Facebook Ads,Conversión,45-54,02/08/25,57890,3266,499,16337.08,198416.62
CMP-4969,OnStar,,Tráfico,55+,17/02/25,344682,8790,762,36026.49,77189
CMP-9021,Liverpool,Facebook Ads,Leads,55+,12/06/25,393014,13908,304,80945.27,142233.28
CMP-7700,Aeroméxico,TikTok Ads,Leads,35-44,17/05/25,269059,5484,657,72962.63,21750.84
CMP-3645,Telcel,Facebook Ads,Tráfico,55+,19/09/25,456062,9382,791,76953.7,162704.31
CMP-9809,Aeroméxico,LinkedIn Ads,Leads,25-34,08/10/25,55801,1158,623,818.14,146666.02
CMP-8397,Liverpool,LinkedIn Ads,Alcance,25-34,31/03/25,384944,6434,350,77580.48,197133.51
CMP-2194,Cerveza Modelo,Facebook Ads,Tráfico,18-24,18/07/25,164145,11156,697,15436.06,218708.64
CMP-10509,Aeroméxico,Google Ads,tráfico,25-34,30/03/25,82184,6949,36,48127.66,71763.34
CMP-9598,Cerveza Modelo,GOOGLE ADS,Reconocimiento,45-54,16/08/25,52632,5034,798,61052.08,156931.56
CMP-7076,GM Financial,YouTube Ads,Conversión,35-44,21/10/25,394047,3895,337,21016.06,72467.36
CMP-8728,OnStar,Instagram Ads,Alcance,55+,26/10/25,429745,13092,259,44938.38,215147.12
CMP-3556,OnStar,LinkedIn Ads,Reconocimiento,55+,30/01/25,418374,12468,769,12867.29,151156.85
CMP-1378,Cerveza Modelo,YouTube Ads,Tráfico,25-34,03/06/25,270230,11121,182,84280.16,183918.63
CMP-4841,Telcel,TIKTOK ADS,Leads,45-54,08/06/25,414577,3428,578,58784.92,28215.1
CMP-7831,Cerveza Modelo,LinkedIn Ads,Tráfico,55+,13/03/25,31930,14356,731,82972.28,190393.94
CMP-5488,Telcel,Facebook Ads,Reconocimiento,55+,26/05/25,16198,1143,210,35340.26,8488.25
CMP-7890,Bimbo,INSTAGRAM ADS,Alcance,18-24,03/02/25,100065,966,291,56164.63,159611.32
CMP-6609,Cerveza Modelo,TikTok Ads,Leads,45-54,31/05/25,230244,4746,369,79946.08,86893.26
CMP-5512,Liverpool,Facebook Ads,Alcance,55+,19/05/25,277952,3988,355,41748.15,169578.52
CMP-4061, Liverpool  ,TikTok Ads,Reconocimiento,35-44,28/01/25,137712,3629,651,2539.61,134073.74
CMP-4461,Liverpool,LINKEDIN ADS,Reconocimiento,55+,17/06/25,37738,2390,473,27647.12,98215.8
CMP-9516,Aeroméxico,LINKEDIN ADS,Leads,18-24,26/02/25,403806,12822,78,22699.77,24836.42
CMP-7637,OnStar,LINKEDIN ADS,Reconocimiento,25-34,25/02/25,221213,11279,511,26245.03,202602.07
CMP-5211,Telcel,LINKEDIN ADS,Alcance,45-54,08/07/25,300340,87,87,42020.41,123043.08
CMP-2955,Cerveza Modelo,Instagram Ads,Tráfico,,13/06/25,285659,12301,282,73828.31,142377.86
CMP-10661,Telcel,YouTube Ads,Tráfico,45-54,05/04/25,388031,8571,506,17436.65,171122.44
CMP-1269,GM Financial,LinkedIn Ads,Alcance,45-54,11/07/25,240887,2637,341,80680.71,207759.55
CMP-7342,Liverpool,Instagram Ads,Conversión,45-54,23/10/25,344480,8630,20,62573.21,215530.67
CMP-7147,Telcel,TikTok Ads,Tráfico,55+,23/10/25,14239,13894,458,42538.8,
CMP-3047,Cerveza Modelo,Instagram Ads,Alcance,25-34,22/04/25,117337,10048,646,78582.59,168650.61
CMP-1132,Banco Azteca,Instagram Ads,Tráfico,18-24,03/03/25,217944,13321,601,53156.86,73454
CMP-2832,Liverpool,LinkedIn Ads,Leads,25-34,26/03/25,35193,6156,348,,197736.05
CMP-9593,Liverpool,Facebook Ads,Conversión,35-44,10/10/25,295292,7568,142,47337.44,74731.91
CMP-8279,Aeroméxico,TikTok Ads,Reconocimiento,25-34,16/09/25,173161,3652,667,28531.32,74829.55
CMP-9233,GM Financial,Instagram Ads,Conversión,55+,14/01/25,217975,726,384,72676.47,130827.84
CMP-10205,Liverpool,LinkedIn Ads,Leads,45-54,03/01/25,386326,14629,695,16192.16,211872.38
CMP-3072,Aeroméxico,Google Ads,conversión,18-24,11/10/25,228829,5852,70,,126034.84
CMP-1029,Bimbo,TikTok Ads,Reconocimiento,25-34,20/02/25,439773,11654,432,68885.35,77879.03
CMP-10797,Cerveza Modelo,YouTube Ads,Reconocimiento,55+,18/03/25,483268,2249,301,9250.2,76684.41
CMP-9159,Telcel,Facebook Ads,Reconocimiento,55+,08/03/25,466992,2351,403,10530.38,39413.57
CMP-3421,Bimbo,,Tráfico,55+,05/09/25,377153,2650,404,18786.75,78113.59
CMP-4949,GM Financial,YouTube Ads,Conversión,18-24,24/04/25,177233,1499,606,12729.03,131482.41
CMP-4893,OnStar,Instagram Ads,alcance,18-24,10/08/25,76542,4300,306,72171.66,134839.95
CMP-7901,Bimbo,TikTok Ads,Tráfico,55+,01/05/25,344163,14986,396,51239.63,105151.96
CMP-10973,GM Financial,LinkedIn Ads,Conversión,25-34,02/04/25,439143,1618,219,40769.12,142070.09
CMP-8938,Liverpool,Instagram Ads,Alcance,35-44,12/05/25,495596,9535,479,19958.13,123929.97
CMP-7951, Aeroméxico  ,Facebook Ads,Leads,25-34,17/03/25,17893,3871,76,69566.11,212163.54
CMP-5526,GM Financial,Instagram Ads,Alcance,25-34,28/03/25,81064,4376,201,41349.7,11933.38
CMP-6030,GM Financial,TikTok Ads,tráfico,25-34,08/08/25,305400,13739,8,59980.64,189028.51
CMP-8579,Aeroméxico,GOOGLE ADS,Leads,25-34,09/07/25,288037,10444,561,59077.4,111455.33
CMP-4578,GM Financial,LinkedIn Ads,Alcance,25-34,18/05/25,96442,4171,556,16272.31,
CMP-1916,Cerveza Modelo,Facebook Ads,leads,18-24,25/04/25,45721,8627,184,17358.16,153644.56
CMP-3527,Aeroméxico,Google Ads,Alcance,55+,04/09/25,172359,4942,183,38897.97,
CMP-6095,Aeroméxico,Google Ads,Alcance,45-54,06/09/25,265682,14324,81,23706.1,117007.94
CMP-6582,Liverpool,TikTok Ads,leads,25-34,23/01/25,487345,9303,122,6271.16,32180.87
CMP-4762,Bimbo,,Leads,25-34,24/07/25,374785,5823,79,23247.17,68615.3
CMP-4573,OnStar,LinkedIn Ads,Reconocimiento,25-34,09/03/25,405607,2048,346,74629.97,162799.26
CMP-2761,Liverpool,YouTube Ads,Leads,35-44,24/05/25,376190,2101,155,,53302.29
CMP-7657,Banco Azteca,Instagram Ads,Reconocimiento,45-54,18/06/25,293532,6038,757,5105.55,172038.36
CMP-4122,Telcel,LinkedIn Ads,Conversión,55+,29/04/25,281417,8392,34,50412.06,24345.46
CMP-2937,Banco Azteca,FACEBOOK ADS,Leads,55+,04/08/25,282122,13912,437,77097.73,125895.7
CMP-4791,GM Financial,TikTok Ads,Tráfico,25-34,03/04/25,443339,14871,312,37687.51,68144.68
CMP-9289,OnStar,Google Ads,Alcance,18-24,15/05/25,5944,2048,518,80786.58,
CMP-4089,Bimbo,Google Ads,Leads,45-54,06/03/25,24323,13830,753,62363.21,90846.81
CMP-3738,Bimbo,YouTube Ads,Leads,55+,18/02/25,190431,3409,424,14200.88,41263.79
CMP-1854,Banco Azteca,YouTube Ads,Tráfico,25-34,18/10/25,197237,8699,411,,121392.16
CMP-2484,Banco Azteca,Google Ads,Alcance,55+,15/02/25,92812,2353,707,37285.84,833.82
CMP-4668,GM Financial,INSTAGRAM ADS,Leads,55+,30/08/25,141682,7892,294,56688.85,193649.86
CMP-7795,Liverpool,YouTube Ads,Conversión,45-54,14/04/25,182682,5807,497,42785.98,28190.37
CMP-5893,Cerveza Modelo,LinkedIn Ads,Conversión,25-34,11/01/25,324589,7695,,1443.05,74727.98
CMP-10909,Banco Azteca,Instagram Ads,Tráfico,25-34,11/07/25,381745,437,35,43788.61,
CMP-2785,Telcel,Google Ads,Leads,35-44,04/10/25,126730,12891,595,24278.18,18065.13
CMP-8882,Banco Azteca,Facebook Ads,Alcance,35-44,26/03/25,406506,2783,776,83238.21,90298.52
CMP-2982,Telcel,Google Ads,Conversión,55+,14/10/25,364053,2167,124,65957.87,34522.72
CMP-1690,Banco Azteca,Facebook Ads,Conversión,18-24,09/06/25,480146,5082,733,23509.48,
CMP-5791,OnStar,YouTube Ads,alcance,18-24,09/07/25,326923,13582,183,16690.68,51305.74
CMP-6349,Aeroméxico,Instagram Ads,reconocimiento,55+,23/02/25,471905,5932,640,32231.95,33157.35
CMP-3805, GM Financial  ,TikTok Ads,Leads,45-54,01/10/25,14493,5558,358,12695.66,20202.16
CMP-7265,Aeroméxico,TikTok Ads,Leads,45-54,19/07/25,368211,2413,382,69400.83,25181.46
CMP-7777, Cerveza Modelo  ,LinkedIn Ads,Alcance,45-54,13/10/25,2323,2323,457,30824.11,39992.26
CMP-3041,Cerveza Modelo,FACEBOOK ADS,Conversión,35-44,02/07/25,357497,7439,294,,5426.3
CMP-6392, Bimbo  ,YOUTUBE ADS,Reconocimiento,45-54,30/09/25,261220,691,432,2066.56,193258.48
CMP-4661,Banco Azteca,Google Ads,Alcance,25-34,13/09/25,475878,3809,651,54603.91,131138.67
CMP-7356,GM Financial,TikTok Ads,Tráfico,55+,17/04/25,176478,8988,764,10477.69,152388.31
CMP-1108,OnStar,FACEBOOK ADS,Leads,55+,15/01/25,450889,3545,571,32792.94,180875.13
CMP-5708,Telcel,TikTok Ads,Reconocimiento,18-24,27/07/25,147884,13002,416,48410.63,150368.51
CMP-6004,Bimbo,TikTok Ads,Alcance,45-54,21/06/25,457292,3096,626,72341.74,101623.11
CMP-2971,Liverpool,Instagram Ads,Leads,35-44,02/04/25,417193,9372,461,1412.85,7541.14
CMP-10971,OnStar,TikTok Ads,conversión,18-24,04/07/25,342272,9972,,25653.58,13495.08
CMP-5948,Aeroméxico,Instagram Ads,Reconocimiento,18-24,26/05/25,223271,14437,174,16345.61,114786.3
CMP-6896,Liverpool,TikTok Ads,Leads,25-34,25/10/25,251950,11101,28,71204.68,130562.94
CMP-2715,Aeroméxico,Google Ads,Reconocimiento,35-44,23/05/25,484205,14394,56,36641.79,111495.77
CMP-2979,GM Financial,TikTok Ads,Leads,25-34,10/05/25,13795,4671,307,52377.23,149180.39
CMP-3661,Telcel,LINKEDIN ADS,Tráfico,18-24,12/02/25,268257,1066,290,84311.69,153397.7
CMP-6523, Telcel  ,Google Ads,Reconocimiento,18-24,22/01/25,97280,3296,297,34369.15,49922.65
CMP-5113,Banco Azteca,Google Ads,Reconocimiento,55+,26/08/25,64066,10129,60,78100.47,16298.79
CMP-4595,Aeroméxico,YouTube Ads,Leads,45-54,03/04/25,137358,1255,736,28014.53,10469.79
CMP-6478,OnStar,LinkedIn Ads,Tráfico,55+,28/03/25,205587,7201,430,38675.94,144194.01
CMP-7288,Liverpool,Facebook Ads,Alcance,45-54,20/05/25,330394,5592,2,49875.79,185906.95
CMP-1994,OnStar,INSTAGRAM ADS,Reconocimiento,55+,21/05/25,387498,5595,430,,52649.66
CMP-8395,Liverpool,LinkedIn Ads,Reconocimiento,18-24,03/03/25,196124,4114,662,49912.61,201823.4
CMP-3525,Aeroméxico,LinkedIn Ads,Alcance,45-54,04/05/25,399605,10883,118,73962.22,
CMP-3164,Telcel,Instagram Ads,Conversión,55+,23/08/25,126856,3280,123,51826.48,74744.85
CMP-1908,OnStar,Facebook Ads,Tráfico,55+,06/06/25,376811,7325,,48713.11,
CMP-5825,OnStar,Facebook Ads,Alcance,18-24,11/05/25,448389,4000,128,75822.15,92756.9
CMP-7963,Bimbo,Facebook Ads,leads,45-54,04/08/25,394966,9978,134,9126.91,109769.17
CMP-6813,Bimbo,YouTube Ads,Conversión,35-44,28/09/25,94668,11993,440,55713.75,40458.21
CMP-9180,Telcel,TikTok Ads,Reconocimiento,35-44,10/05/25,327400,10614,1,47761.52,10202.8
CMP-6801,Aeroméxico,TikTok Ads,Tráfico,25-34,22/02/25,481683,14134,786,17577.99,117137.87
CMP-7626,Cerveza Modelo,LinkedIn Ads,Alcance,18-24,25/06/25,284229,14339,170,69191.64,93600.49
CMP-10938,Cerveza Modelo,TikTok Ads,Tráfico,55+,03/05/25,204061,3406,241,50580.14,159897.7
CMP-5676,OnStar,LinkedIn Ads,Alcance,25-34,28/07/25,77116,5244,635,46863.83,25258.31
CMP-1236,GM Financial,Google Ads,reconocimiento,55+,22/04/25,248459,5517,164,27731.47,172624.52
CMP-10122,Cerveza Modelo,Facebook Ads,Alcance,18-24,22/08/25,429761,13975,732,,117310.67
CMP-1767,OnStar,Facebook Ads,Leads,35-44,21/04/25,267976,10508,204,75143.84,63140.37
CMP-5710,Bimbo,LinkedIn Ads,Leads,18-24,22/01/25,314309,5678,755,69234.98,175332.86
CMP-5338,Telcel,Instagram Ads,Alcance,35-44,02/07/25,447119,12959,101,,2603.27
CMP-8059,Aeroméxico,YouTube Ads,Tráfico,55+,07/08/25,111770,3710,106,19987.81,79576.8
CMP-5385,GM Financial,Google Ads,alcance,25-34,18/04/25,316381,4844,575,60999.62,42941.42
CMP-10695,GM Financial,TikTok Ads,Conversión,18-24,16/04/25,429281,8556,480,6563.14,178942.95
CMP-5756,Aeroméxico,Instagram Ads,Leads,45-54,28/05/25,310521,10982,535,21575.99,200368.3
CMP-9784,Banco Azteca,LinkedIn Ads,Alcance,18-24,12/01/25,338376,11647,275,25524.71,91677.95
CMP-8648,Banco Azteca,LinkedIn Ads,Reconocimiento,18-24,30/04/25,18976,10987,241,32224.59,10786.53
CMP-4763,Aeroméxico,Instagram Ads,Leads,45-54,17/02/25,208577,9228,54,16482.55,8216.77
CMP-6585,GM Financial,Facebook Ads,reconocimiento,18-24,09/10/25,342141,4915,108,34637.12,162791.59
CMP-3398,OnStar,FACEBOOK ADS,Conversión,55+,09/04/25,127014,5462,395,,219756.23
CMP-4665,Bimbo,Google Ads,Tráfico,45-54,26/07/25,264381,3736,368,40245.5,26002.2
CMP-7732,Liverpool,,Reconocimiento,45-54,08/01/25,441394,12680,144,44965.48,191618.5
CMP-8553,Cerveza Modelo,YouTube Ads,Tráfico,,13/06/25,307720,6281,107,41431.69,168347.36
CMP-1008,Aeroméxico,LinkedIn Ads,Alcance,55+,03/08/25,356534,14063,143,23453.36,150839.54
CMP-2109,Bimbo,YouTube Ads,Tráfico,35-44,14/10/25,125694,14740,310,65068.6,137852.19
CMP-7208,Cerveza Modelo,INSTAGRAM ADS,Alcance,45-54,10/04/25,284966,14831,137,15391.62,76103.92
CMP-10058,Aeroméxico,Instagram Ads,alcance,35-44,06/09/25,111494,14774,189,15847.43,140815.87
CMP-8638,Cerveza Modelo,TikTok Ads,Leads,18-24,16/06/25,17291,9562,14,62880.4,50984.93
CMP-10002,OnStar,LinkedIn Ads,Tráfico,35-44,01/04/25,156718,13558,329,79466.79,75837.36
CMP-8297, OnStar  ,Instagram Ads,Alcance,25-34,03/09/25,399855,10548,479,26695.52,139621.28
CMP-3758,Aeroméxico,Facebook Ads,Conversión,55+,23/01/25,367788,8923,600,71619.39,42609.33
CMP-3857,Bimbo,FACEBOOK ADS,Alcance,18-24,05/01/25,233152,13671,706,61098.87,176547.37
CMP-6396,OnStar,Instagram Ads,Alcance,55+,19/02/25,320972,6393,521,82521.46,154004.6
CMP-4384,GM Financial,LinkedIn Ads,Tráfico,55+,18/06/25,162941,526,348,25845.1,139064.42
CMP-5941,Bimbo,Facebook Ads,Reconocimiento,45-54,10/09/25,307327,12772,338,25497.01,175575.98
CMP-7290,Bimbo,Facebook Ads,Alcance,25-34,13/05/25,238901,9720,336,35138.17,33218.36
CMP-3323,Banco Azteca,LinkedIn Ads,Conversión,18-24,05/02/25,229070,13361,250,82782.83,45909.14
CMP-4147,Telcel,Instagram Ads,Tráfico,55+,27/07/25,473576,12413,435,50655.33,193631.12
CMP-4386,OnStar,YouTube Ads,Conversión,25-34,09/07/25,419288,13455,363,9393.07,144784.08
CMP-4341,OnStar,TikTok Ads,Tráfico,25-34,12/05/25,170027,6516,660,33759.38,70986.47
CMP-2966,Telcel,TIKTOK ADS,tráfico,45-54,22/06/25,99396,7043,724,72246.82,179449.17
CMP-1662,Telcel,GOOGLE ADS,Reconocimiento,18-24,20/02/25,312046,8771,330,47818.51,59666.25
CMP-9377,Telcel,Instagram Ads,Reconocimiento,25-34,22/06/25,120900,4617,442,80741.84,61871.71
CMP-2048,GM Financial,LinkedIn Ads,reconocimiento,45-54,26/03/25,33496,9426,60,8439.75,61776.38
CMP-8537,Cerveza Modelo,Google Ads,Leads,35-44,02/10/25,41551,12589,,70280,114896.19
CMP-10637,Bimbo,Facebook Ads,Conversión,45-54,15/05/25,45932,4701,476,70309.55,36132.2
CMP-2517,Bimbo,Facebook Ads,Reconocimiento,45-54,25/03/25,450056,14706,570,67307.14,165392.86
CMP-5415,OnStar,Google Ads,Leads,55+,17/01/25,237585,3522,110,72204.43,175631.76
CMP-3319, Bimbo  ,YouTube Ads,Alcance,25-34,26/02/25,430780,5882,202,43536.97,85847.06
CMP-7027,OnStar,Instagram Ads,Tráfico,45-54,30/06/25,219586,6636,541,38349.52,19908.77
CMP-6890,Banco Azteca,YouTube Ads,Conversión,25-34,26/02/25,167807,13264,239,57273.48,95187.08
CMP-7038,GM Financial,YouTube Ads,Alcance,18-24,15/06/25,375003,4068,158,36658.94,207404.51
CMP-2256,Cerveza Modelo,Facebook Ads,Tráfico,45-54,20/10/25,246519,14526,467,31226.96,140764.02
CMP-9816,Liverpool,Instagram Ads,Leads,18-24,17/01/25,217381,7724,491,48113.36,187772.88
CMP-7332,GM Financial,LinkedIn Ads,Conversión,25-34,04/10/25,76592,8958,100,16573.6,172451.4
CMP-4916,Telcel,Instagram Ads,Alcance,55+,30/04/25,51249,9696,413,55998.69,149162.36
CMP-5389,Banco Azteca,TikTok Ads,Leads,55+,04/04/25,265538,457,305,34392.66,163665.12
CMP-8933,Aeroméxico,Google Ads,Leads,55+,30/01/25,364422,9934,2,79179.94,54415.81
CMP-1642,Aeroméxico,,leads,25-34,10/08/25,335270,3744,,77687.37,71958.91
CMP-3058, Liverpool  ,LinkedIn Ads,Conversión,55+,15/04/25,471456,10399,266,50380.9,175056.53
CMP-3699,Banco Azteca,Instagram Ads,Conversión,25-34,26/06/25,270388,2957,428,70641.48,178797.92
CMP-6539,OnStar,YouTube Ads,Alcance,25-34,26/02/25,448962,11746,450,50378.78,152172.07
CMP-1863,Cerveza Modelo,YOUTUBE ADS,Leads,45-54,11/02/25,382397,12744,136,47111.96,171188.39
CMP-5081,GM Financial,Facebook Ads,Reconocimiento,25-34,23/10/25,75653,975,401,68755.98,99643.04
CMP-10428,OnStar,Google Ads,Reconocimiento,,09/10/25,191782,5768,279,18506.98,166684.95
CMP-6264,GM Financial,LinkedIn Ads,Reconocimiento,35-44,25/10/25,172578,12691,381,7468.6,
CMP-9829,Telcel,Facebook Ads,Tráfico,18-24,20/04/25,315220,4985,4,38488.28,47986.62
CMP-9395,Aeroméxico,Instagram Ads,Tráfico,35-44,30/03/25,262710,10466,502,35654.3,208404.84
CMP-1457,GM Financial,LINKEDIN ADS,Leads,35-44,13/01/25,357302,3627,725,31247.42,51208.82
CMP-5587,Liverpool,LinkedIn Ads,Alcance,45-54,21/05/25,443949,560,216,42576.55,78254.51
CMP-7966,Aeroméxico,LinkedIn Ads,Reconocimiento,25-34,23/06/25,281347,8600,11,54623.79,65593.71
CMP-8909,Cerveza Modelo,LINKEDIN ADS,Conversión,25-34,06/03/25,433564,10420,743,20197.18,108823.62
CMP-7374,OnStar,Instagram Ads,Alcance,18-24,16/09/25,396739,10161,751,6223.62,21587.76
CMP-3591, Liverpool  ,TikTok Ads,Reconocimiento,18-24,02/01/25,132396,1983,428,82673.81,133623.05
CMP-6916,Bimbo,Instagram Ads,alcance,18-24,18/01/25,285691,9970,435,57998.4,97630.06
CMP-4561,Bimbo,LinkedIn Ads,Alcance,25-34,06/03/25,85924,13128,479,80040.9,149190.49
CMP-2630,Aeroméxico,Google Ads,Tráfico,45-54,05/06/25,5002,5002,438,37906.65,101078.38
CMP-1281, Banco Azteca  ,Google Ads,Tráfico,45-54,30/06/25,45654,8697,94,22717.6,59555.03
CMP-7197,OnStar,FACEBOOK ADS,Leads,55+,30/07/25,207100,398,398,61724.78,29652.73
CMP-10461,OnStar,YouTube Ads,Tráfico,55+,23/08/25,288451,12028,552,76166.05,164331.15
CMP-4217,Bimbo,YouTube Ads,Reconocimiento,18-24,29/07/25,391773,13673,474,,28287.01
CMP-6579,OnStar,LinkedIn Ads,Reconocimiento,55+,14/02/25,261165,4138,338,47217.19,127918.31
CMP-3757,OnStar,Facebook Ads,Tráfico,18-24,04/03/25,451518,8505,504,8170.92,147496.58
CMP-4125,GM Financial,YouTube Ads,Leads,18-24,24/06/25,367488,9701,506,42970.28,21838.31
CMP-5500,Liverpool,TikTok Ads,Leads,18-24,06/01/25,187217,10156,,2358.99,
CMP-9526, Bimbo  ,Facebook Ads,Reconocimiento,18-24,09/06/25,20326,8637,414,42056.1,113306.18
CMP-4829, OnStar  ,FACEBOOK ADS,Conversión,45-54,09/02/25,65555,13383,210,56683.24,21768.53
CMP-1960,Aeroméxico,Google Ads,Conversión,,18/10/25,455519,5405,510,,211409.95
CMP-9773,Banco Azteca,Facebook Ads,Reconocimiento,18-24,19/07/25,234389,9837,386,8029.29,59560.22
CMP-5593,Aeroméxico,Facebook Ads,Conversión,35-44,19/10/25,346667,5233,614,44581.78,77403.92
CMP-1068,Banco Azteca,Facebook Ads,Conversión,18-24,05/08/25,24656,730,570,35347.52,59016.54
CMP-5319,Banco Azteca,TikTok Ads,Leads,45-54,10/01/25,26098,14865,459,32545.49,152443.2
CMP-8787, Liverpool  ,YouTube Ads,leads,25-34,11/02/25,200196,12995,596,73988.13,102630.06
CMP-6578,Liverpool,YouTube Ads,Conversión,45-54,30/07/25,179399,3287,513,57171.87,153393.73
CMP-6299,Aeroméxico,LinkedIn Ads,Reconocimiento,45-54,09/04/25,83676,613,490,74272.54,33297.29
CMP-5598,Telcel,LinkedIn Ads,Reconocimiento,18-24,11/10/25,287236,4378,681,64456.49,27572.24
CMP-9431,Liverpool,Instagram Ads,Alcance,25-34,30/09/25,478059,13043,703,37705.85,199819.6
CMP-9299,Cerveza Modelo,INSTAGRAM ADS,Tráfico,35-44,29/04/25,455414,13059,632,39013.28,172242.79
CMP-9939,GM Financial,Google Ads,leads,45-54,02/09/25,163268,1651,329,47046.59,41076.9
CMP-9696,Telcel,Google Ads,Conversión,18-24,12/10/25,122995,9339,225,6809.05,165860.92
CMP-4562,Liverpool,TikTok Ads,Tráfico,45-54,24/03/25,477935,13256,623,19814.99,200376.1
CMP-1750,Bimbo,Instagram Ads,Conversión,35-44,30/09/25,422061,2337,331,52599.28,25543.3
CMP-4743,Banco Azteca,Google Ads,Reconocimiento,25-34,16/06/25,279809,6830,153,59746.84,90615.14
CMP-5632,GM Financial,YouTube Ads,Tráfico,25-34,29/06/25,241003,11525,279,11231.87,70948.14
CMP-8451,Banco Azteca,Google Ads,Alcance,25-34,16/01/25,470361,12794,507,78115.2,172817.74
CMP-7763, GM Financial  ,LinkedIn Ads,Tráfico,18-24,24/10/25,351182,9690,239,38584.16,36400.82
CMP-3549,Aeroméxico,Google Ads,Leads,45-54,15/02/25,406745,8524,352,3433.01,135565.73
CMP-7146,GM Financial,Google Ads,Alcance,35-44,03/03/25,36291,13758,452,,190535.94
CMP-7980,OnStar,TikTok Ads,alcance,45-54,29/06/25,64681,4161,386,,10271.47
CMP-3366,Banco Azteca,Google Ads,Leads,45-54,15/07/25,25828,4972,83,37819.72,80083.79
CMP-8439,OnStar,TikTok Ads,Reconocimiento,55+,16/10/25,471280,9765,442,53141.12,
CMP-8191,Liverpool,Instagram Ads,Alcance,18-24,10/08/25,76896,14841,754,83062.43,
CMP-2378,Liverpool,Instagram Ads,Reconocimiento,55+,10/08/25,123322,2531,361,20750.54,139475.65
CMP-5680,Cerveza Modelo,Facebook Ads,Alcance,18-24,16/04/25,63226,3070,230,26816.52,92841.5
CMP-9229,OnStar,Google Ads,leads,55+,28/04/25,153924,4106,622,3552.58,150082.4
CMP-4793,GM Financial,Facebook Ads,Conversión,18-24,28/04/25,363152,3662,463,68109.85,159862.98
CMP-9331,OnStar,LinkedIn Ads,Conversión,55+,05/07/25,499387,1403,303,83546.42,197543.58
CMP-8578,Banco Azteca,YOUTUBE ADS,Alcance,,08/05/25,242859,3769,109,29684.4,63746.98
CMP-1939,Liverpool,FACEBOOK ADS,Tráfico,45-54,07/05/25,41573,6231,528,1861.96,23372.9
CMP-6227,Bimbo,TikTok Ads,Conversión,35-44,29/03/25,372354,10234,729,19580.11,189247.25
CMP-2361,Cerveza Modelo,Google Ads,Tráfico,35-44,18/03/25,5437,2288,488,27365.47,55838.4
CMP-9959,GM Financial,TikTok Ads,Leads,45-54,30/03/25,50489,6103,150,522.83,7297.41
CMP-8651,GM Financial,Facebook Ads,Leads,18-24,02/10/25,107974,8073,214,57483.41,93386.33
CMP-5852, Liverpool  ,TikTok Ads,Conversión,45-54,26/01/25,484113,9624,221,32638.13,161355.59
CMP-5585,Aeroméxico,Facebook Ads,Leads,45-54,04/03/25,415681,7206,536,46761.17,182904.44
CMP-7140,Banco Azteca,Google Ads,Conversión,55+,18/02/25,334455,791,606,35567.4,109580.04
CMP-6920,Bimbo,TikTok Ads,Reconocimiento,18-24,25/03/25,69483,10761,597,31966.81,179400.62
CMP-10038,GM Financial,TikTok Ads,alcance,55+,17/05/25,209024,14218,214,49618.82,7842.85
CMP-10596, Banco Azteca  ,Facebook Ads,tráfico,35-44,03/02/25,17539,3181,660,49525.15,151821.25
CMP-10846,Telcel,TikTok Ads,alcance,18-24,20/02/25,231431,10439,,9013.04,194665.91
CMP-10034,Bimbo,Facebook Ads,Reconocimiento,25-34,17/04/25,236303,9776,237,49574.83,105639.71
CMP-1057,GM Financial,YOUTUBE ADS,Tráfico,25-34,27/09/25,203352,14650,753,56284.42,8898.82
CMP-10355, Telcel  ,INSTAGRAM ADS,Reconocimiento,55+,10/05/25,10059,10059,389,22454.16,156217.52
CMP-10988,GM Financial,Instagram Ads,Tráfico,25-34,09/08/25,129363,14356,754,76079.99,191733.25
CMP-2925,Aeroméxico,FACEBOOK ADS,Leads,35-44,19/09/25,257270,7500,533,22667.47,50614.9
CMP-5330,GM Financial,Google Ads,Tráfico,18-24,13/02/25,468868,1438,717,64255.23,73036.85
CMP-9353,GM Financial,Google Ads,Conversión,55+,14/03/25,376053,14223,709,82234.37,45102.1
CMP-1233,Bimbo,Google Ads,Reconocimiento,45-54,14/04/25,69549,11991,182,17603.08,201794.9
CMP-2970,Banco Azteca,Facebook Ads,Leads,18-24,06/04/25,201103,10322,557,79968.75,89617.5
CMP-9322,GM Financial,TikTok Ads,Tráfico,55+,13/03/25,314399,4335,336,64480.56,95937.99
CMP-3648,Bimbo,TikTok Ads,Tráfico,18-24,16/05/25,426437,781,202,7845.69,154352.82
CMP-4766,Liverpool,YouTube Ads,Reconocimiento,18-24,08/05/25,361238,3074,552,23345.36,200193.25
CMP-3696,GM Financial,Google Ads,Conversión,35-44,23/06/25,499667,6340,101,,39720.7
CMP-6077, Liverpool  ,LinkedIn Ads,Conversión,45-54,14/05/25,293315,8889,779,12388.75,190068.65
CMP-7737,Liverpool,Instagram Ads,Leads,25-34,14/02/25,213998,13940,148,36161.84,76365.5
CMP-10510,Banco Azteca,Instagram Ads,Alcance,25-34,06/07/25,6413,6413,528,77004.1,180743.09
CMP-9746,Telcel,GOOGLE ADS,Tráfico,35-44,19/04/25,57855,14801,260,52418.17,116701.5
CMP-2084,Telcel,Google Ads,Leads,25-34,08/10/25,338833,6287,126,56890.35,131941.02
CMP-3414,Cerveza Modelo,FACEBOOK ADS,Reconocimiento,25-34,02/04/25,111442,12456,522,34698.03,45579.08
CMP-7899,Banco Azteca,TIKTOK ADS,Conversión,35-44,13/05/25,439676,11063,25,60807.31,107938.29
CMP-8222,Liverpool,YouTube Ads,Leads,18-24,16/04/25,274154,11145,296,37939.43,137340.5
CMP-8559,GM Financial,YouTube Ads,Alcance,25-34,07/05/25,294536,11121,350,15060.27,160292.2
CMP-1069,Telcel,YouTube Ads,Tráfico,18-24,09/09/25,155533,13069,259,4967.71,125495.24
CMP-9751,Cerveza Modelo,Facebook Ads,Reconocimiento,55+,08/03/25,86942,3310,697,30799.97,160597.55
CMP-5859,GM Financial,TikTok Ads,Conversión,35-44,08/02/25,462066,7409,629,73613.88,115652.18
CMP-6043,Bimbo,TikTok Ads,Reconocimiento,25-34,23/09/25,391496,3189,434,,134299.93
CMP-9468,Aeroméxico,LinkedIn Ads,Alcance,45-54,01/04/25,375695,12722,438,44074.72,61846.69
CMP-1154,Cerveza Modelo,Google Ads,Reconocimiento,35-44,01/06/25,311463,9797,105,46595.72,187570.91
CMP-10774,Telcel,TikTok Ads,Tráfico,55+,04/07/25,25864,14733,583,24130.14,216676.06
CMP-7467, Banco Azteca  ,Google Ads,Leads,18-24,07/03/25,348920,13628,630,62631.58,209070.48
CMP-2871,Banco Azteca,TikTok Ads,Alcance,55+,10/05/25,449747,13872,69,48473.41,8619.67
CMP-5770,GM Financial,YouTube Ads,leads,18-24,22/05/25,169253,9284,89,66502.42,82878.17
CMP-9373,Liverpool,Facebook Ads,Reconocimiento,25-34,02/05/25,331972,12966,294,12005.51,209367.47
CMP-7644,GM Financial,TikTok Ads,Tráfico,45-54,24/03/25,349253,14394,602,27442.54,49773.96
CMP-10539,Cerveza Modelo,Instagram Ads,Tráfico,18-24,14/05/25,305480,3602,348,73950.44,203749.74
CMP-4014,Aeroméxico,FACEBOOK ADS,Leads,45-54,03/06/25,55153,1250,589,60472.44,204455.38
CMP-2179,Aeroméxico,Instagram Ads,Tráfico,55+,29/05/25,400296,13541,713,610.54,150448.89
CMP-6103,Telcel,,alcance,55+,28/04/25,127801,9928,666,80698,205699.3
CMP-1623,GM Financial,GOOGLE ADS,Reconocimiento,45-54,19/03/25,372660,14670,152,78853.78,96121.91
CMP-4165, Aeroméxico  ,YouTube Ads,Reconocimiento,45-54,24/07/25,7745,7745,381,50133.3,201349.76
CMP-3385,GM Financial,FACEBOOK ADS,Alcance,45-54,22/01/25,303226,14491,203,56545.27,57790.04
CMP-5702,Cerveza Modelo,Instagram Ads,conversión,45-54,23/09/25,486443,4049,326,30614.31,7654.58
CMP-6410,Bimbo,YouTube Ads,Tráfico,18-24,13/09/25,357750,3190,649,75880.78,126928.13
CMP-5617,GM Financial,Google Ads,Alcance,18-24,27/01/25,92035,292,292,47350.76,18650.86
CMP-4892,Banco Azteca,LinkedIn Ads,Tráfico,35-44,15/06/25,368180,3336,83,41250.57,118505.32
CMP-4984,Bimbo,LinkedIn Ads,Leads,55+,15/06/25,426071,10224,548,69640.61,31282.65
CMP-1067,Liverpool,FACEBOOK ADS,conversión,35-44,07/10/25,149783,14884,375,50244.02,212840.64
CMP-8998,OnStar,YouTube Ads,Alcance,25-34,05/08/25,338268,9901,130,59843.13,76096.82
CMP-6253,Telcel,Instagram Ads,tráfico,35-44,08/07/25,496498,5599,12,1620.37,177971.55
CMP-9461,GM Financial,Google Ads,Reconocimiento,35-44,25/07/25,493472,13459,469,66865.03,60045.89
CMP-10634,Bimbo,LinkedIn Ads,Reconocimiento,55+,01/09/25,168232,4684,521,45052.16,
CMP-10492,Bimbo,INSTAGRAM ADS,Alcance,55+,16/07/25,117752,13521,79,42525.18,1523.58
CMP-6774,Telcel,,Tráfico,55+,06/07/25,343564,10766,405,73040.6,43033.23
CMP-1415,Aeroméxico,TikTok Ads,Leads,55+,12/06/25,325571,3192,63,53009.88,38614.42
CMP-2195, Aeroméxico  ,Instagram Ads,Tráfico,55+,09/10/25,25280,2448,682,77671.58,8604.64
CMP-8519,GM Financial,TikTok Ads,alcance,35-44,07/06/25,340782,2354,580,30482.56,219953.02
CMP-1651,Bimbo,Instagram Ads,Conversión,35-44,11/07/25,26286,1365,621,78440.7,56933.77
CMP-4345,Aeroméxico,TikTok Ads,Leads,,26/04/25,51439,7762,631,47789.08,175381.08
CMP-10548,Telcel,Google Ads,Alcance,25-34,23/08/25,396795,2332,470,58110.85,5632.72
CMP-3126, Bimbo  ,FACEBOOK ADS,Tráfico,55+,09/06/25,87743,501,442,25114.2,8627.45
CMP-1263,OnStar,Instagram Ads,Tráfico,45-54,13/10/25,402191,9095,447,70259.74,118071.84
CMP-5796,Cerveza Modelo,TikTok Ads,Conversión,18-24,13/05/25,321341,8221,404,29386.55,30643.17
CMP-8168,GM Financial,Facebook Ads,Leads,25-34,31/05/25,201857,8500,239,48114.03,141654.83
CMP-6277,Aeroméxico,YouTube Ads,Reconocimiento,35-44,23/10/25,344608,2744,219,35045.44,106676.45
CMP-8071, Cerveza Modelo  ,Facebook Ads,Reconocimiento,55+,07/01/25,2935,2935,639,55220.21,62909.23
CMP-2040,Bimbo,TikTok Ads,Leads,35-44,30/04/25,170498,9651,94,26755.13,8223.25
CMP-1555,Telcel,Facebook Ads,Leads,45-54,20/01/25,51942,4749,288,36035.86,98739.9
CMP-3586,Liverpool,YOUTUBE ADS,Alcance,18-24,10/08/25,57738,12302,26,69918.49,46286.39
CMP-7004,OnStar,TikTok Ads,Leads,45-54,08/07/25,429306,6530,653,45607.01,186107.82
CMP-6409,Cerveza Modelo,LinkedIn Ads,Leads,25-34,08/07/25,261232,11436,499,27594.25,66395.19
CMP-8626,Aeroméxico,FACEBOOK ADS,Leads,35-44,25/05/25,14604,882,686,49023.59,134336.65
CMP-1699,Banco Azteca,Instagram Ads,Alcance,35-44,01/01/25,460740,3676,396,29702.02,173590.64
CMP-10857,Bimbo,FACEBOOK ADS,Leads,55+,28/01/25,272770,7417,652,18731.12,
CMP-7714,Banco Azteca,YouTube Ads,Conversión,55+,30/08/25,196972,6250,190,44580.88,184508.09
CMP-5787,Telcel,Google Ads,Conversión,35-44,14/10/25,40603,809,410,32635.51,163490.69
CMP-10651,Cerveza Modelo,LinkedIn Ads,Leads,45-54,21/08/25,92046,7223,470,5895.68,98092.26
CMP-8284, Telcel  ,LinkedIn Ads,Conversión,18-24,17/04/25,300333,13549,179,27704.03,209693.57
CMP-5808,Banco Azteca,LinkedIn Ads,Reconocimiento,,16/03/25,46363,13878,422,44494.49,52668.29
CMP-1478,Bimbo,YouTube Ads,Reconocimiento,35-44,09/04/25,99033,5972,31,31499.21,37599.12
CMP-3964,Aeroméxico,Instagram Ads,Tráfico,55+,21/04/25,298880,3182,777,24236.35,134178.99
CMP-5679, GM Financial  ,Instagram Ads,Alcance,18-24,30/06/25,85498,13544,66,53117.18,12561.54
CMP-7819,Telcel,LINKEDIN ADS,Conversión,18-24,19/06/25,204595,4677,385,71504.66,67615.25
CMP-10279,OnStar,Facebook Ads,Leads,18-24,22/06/25,449309,11784,225,9366.79,164151.73
CMP-9597,Bimbo,YouTube Ads,Conversión,25-34,12/05/25,490017,9626,591,41316.31,28054.2
CMP-3735,Telcel,Instagram Ads,Tráfico,55+,23/08/25,29306,7322,252,69200.39,97198.16
CMP-8383,Bimbo,TikTok Ads,Tráfico,25-34,21/03/25,336784,12922,797,27804.7,185725.14
CMP-8472,Cerveza Modelo,YouTube Ads,Tráfico,18-24,12/06/25,167008,10852,465,82354.95,46085.33
CMP-7426,Bimbo,LINKEDIN ADS,leads,25-34,16/01/25,303951,10183,657,70467.28,118579.01
CMP-3312, Aeroméxico  ,Instagram Ads,Reconocimiento,25-34,09/05/25,179617,1928,76,81443.42,33196.04
CMP-2928,Bimbo,Facebook Ads,Reconocimiento,18-24,01/09/25,225244,6222,11,36571.19,48817.68
CMP-9033,Aeroméxico,LinkedIn Ads,Leads,25-34,08/05/25,383856,2494,306,14166.3,40900.85
CMP-2189, Banco Azteca  ,Instagram Ads,Tráfico,35-44,26/01/25,52422,6527,108,13321.15,127930.99
CMP-9389,Cerveza Modelo,YouTube Ads,Reconocimiento,45-54,30/03/25,116506,3862,50,22495.19,5744.25
CMP-1145, GM Financial  ,LinkedIn Ads,Leads,,26/04/25,298866,14573,363,66322.33,161002.75
CMP-10580,Telcel,Facebook Ads,reconocimiento,55+,23/09/25,77562,14534,147,3993.13,131706.11
CMP-9935,Cerveza Modelo,Instagram Ads,Alcance,35-44,18/02/25,118514,13589,94,44648.63,193563.24
CMP-4173,Banco Azteca,TikTok Ads,Conversión,25-34,13/05/25,329595,5753,557,61631.27,63340.64
CMP-2415, Cerveza Modelo  ,TikTok Ads,Alcance,45-54,15/10/25,118608,2777,449,32796.32,51744.79
CMP-1193,OnStar,Google Ads,Leads,25-34,07/04/25,406987,9567,357,81699.98,116655.89
CMP-2462, Banco Azteca  ,,alcance,35-44,02/08/25,154629,1151,256,45749.49,123993.93
CMP-8585,Cerveza Modelo,Google Ads,Tráfico,45-54,29/01/25,413752,13337,656,1682.84,125388
CMP-8053, Cerveza Modelo  ,LINKEDIN ADS,Reconocimiento,35-44,19/08/25,25800,14681,401,77024.49,50874.98
CMP-6799,Banco Azteca,YOUTUBE ADS,Reconocimiento,55+,25/03/25,162132,4923,,22662.9,61272.07
CMP-3213,OnStar,GOOGLE ADS,Leads,18-24,14/01/25,290013,5414,222,21746,142875.48
CMP-9086,Telcel,LinkedIn Ads,conversión,35-44,20/07/25,284398,6247,113,37991.32,163525.32
CMP-4925,Bimbo,INSTAGRAM ADS,Conversión,35-44,18/03/25,29475,8667,662,13347.75,30957.13
CMP-1925, Cerveza Modelo  ,TikTok Ads,Alcance,35-44,11/09/25,85751,14420,567,22326.34,159106.52
CMP-5937, Bimbo  ,TikTok Ads,Tráfico,25-34,27/06/25,252537,12985,500,39187.17,34533.74
CMP-6025,Aeroméxico,LinkedIn Ads,Leads,,24/02/25,296385,6331,600,34569.51,67272.69
CMP-1327,GM Financial,YouTube Ads,Conversión,45-54,05/05/25,10377,2989,138,50949.31,
CMP-6714,Telcel,Facebook Ads,Conversión,45-54,30/09/25,390246,6095,595,61136.59,8102.71
CMP-8751,OnStar,Facebook Ads,Alcance,35-44,17/10/25,267225,8149,462,,158521.8
CMP-3991,Banco Azteca,YouTube Ads,Tráfico,25-34,21/02/25,269126,3922,151,20007.38,24217.55
CMP-4777,OnStar,TikTok Ads,Tráfico,25-34,17/01/25,362587,4965,214,43253.5,123471.87
CMP-8599,GM Financial,Google Ads,Alcance,25-34,26/01/25,393573,10653,735,32217.68,174098.7
CMP-3687,Liverpool,TikTok Ads,Conversión,25-34,13/03/25,23329,14694,719,56613.8,9226.33
CMP-2033,Telcel,Facebook Ads,Conversión,18-24,02/04/25,390215,313,313,,73286.97
CMP-7836, Liverpool  ,Facebook Ads,Conversión,25-34,09/10/25,498719,6844,397,31123.66,110433.87
CMP-9391,Aeroméxico,YouTube Ads,Conversión,35-44,09/10/25,104488,2192,762,84769.47,120384.06
CMP-8693,Bimbo,Instagram Ads,Conversión,25-34,02/06/25,252476,8465,401,54622.42,40731.25
CMP-5272,Bimbo,Facebook Ads,Alcance,35-44,05/06/25,398549,3587,271,60532.35,44792.39
CMP-1788,Telcel,Facebook Ads,Alcance,45-54,01/06/25,278342,3519,274,14750.94,169727.02
CMP-2791,Telcel,Google Ads,Conversión,25-34,10/01/25,318116,13383,220,46811.36,176805.17
CMP-7335,Aeroméxico,YouTube Ads,Alcance,55+,01/06/25,51421,10827,80,37823.56,36599.33
CMP-1406,Aeroméxico,YouTube Ads,Alcance,35-44,14/09/25,222313,9029,174,37280.05,18300.69
CMP-4520,Bimbo,LinkedIn Ads,alcance,55+,21/07/25,413614,532,101,11610.61,91137.05
CMP-1842,Banco Azteca,TikTok Ads,Reconocimiento,25-34,10/03/25,491095,4469,499,44791.03,214081.33
CMP-2377,Aeroméxico,Google Ads,alcance,45-54,01/03/25,457620,8314,308,11042.39,96924.03
CMP-9539,Banco Azteca,YouTube Ads,Tráfico,25-34,19/02/25,145538,12996,302,35225.45,106795.99
CMP-9264,Cerveza Modelo,Instagram Ads,Alcance,55+,06/07/25,253262,14066,429,66317.63,
CMP-5009,Bimbo,Instagram Ads,Leads,18-24,28/02/25,476742,1700,555,3420.86,74286.79
CMP-10725,Aeroméxico,YOUTUBE ADS,Alcance,45-54,09/02/25,459317,3416,651,67624.99,
CMP-8024,GM Financial,LinkedIn Ads,Reconocimiento,35-44,18/06/25,244512,7929,163,59927.6,103072.5
CMP-1872,Telcel,LinkedIn Ads,Leads,18-24,23/01/25,289601,1629,432,78562.5,33118.79
CMP-9131, Banco Azteca  ,Instagram Ads,Tráfico,45-54,06/06/25,115971,13556,35,51604.33,203863.56
CMP-3495,Cerveza Modelo,TikTok Ads,Leads,45-54,14/08/25,474667,12557,536,22316.49,177924.61
CMP-1526,Liverpool,YOUTUBE ADS,Leads,45-54,19/01/25,457383,295,295,52972.29,23698.7
CMP-7536,GM Financial,TikTok Ads,Tráfico,55+,22/09/25,269604,1564,71,21550.29,129313.79
CMP-6940,Bimbo,,Alcance,35-44,29/07/25,325655,1064,653,49365.22,212721.46
CMP-9175,Aeroméxico,Instagram Ads,Conversión,55+,20/01/25,250674,13882,8,32800.94,61245.24
CMP-7338,Bimbo,YouTube Ads,Alcance,35-44,25/06/25,44584,7325,572,34274.92,84272.21
CMP-5080,GM Financial,LINKEDIN ADS,Conversión,18-24,06/05/25,146333,3688,690,83524.1,77709.52
CMP-6467,GM Financial,Instagram Ads,Alcance,25-34,20/06/25,278081,1669,278,12028.09,59658.67
CMP-10654,Cerveza Modelo,Instagram Ads,Conversión,45-54,22/07/25,368620,6022,586,31962.82,
CMP-3585,OnStar,Facebook Ads,Tráfico,25-34,15/08/25,375785,6779,155,9673.86,214652.23
CMP-9880,Aeroméxico,Google Ads,Conversión,55+,21/04/25,439294,13495,792,10394.24,
CMP-10129,Bimbo,Facebook Ads,conversión,55+,19/08/25,11307,6793,114,34898.72,
CMP-3099,Banco Azteca,Instagram Ads,reconocimiento,18-24,20/02/25,445601,2566,166,43621.87,129797.23
CMP-5285,Banco Azteca,TikTok Ads,Tráfico,55+,26/06/25,235401,14270,503,53463.88,189368.23
CMP-4465,Bimbo,Facebook Ads,Alcance,,28/08/25,134650,7461,575,70075.33,152133.3
CMP-3767,Telcel,YouTube Ads,Conversión,45-54,07/01/25,82928,955,674,58315.66,22390.65
CMP-9149,Banco Azteca,Google Ads,Alcance,55+,25/06/25,271626,11852,64,45168.23,93570.1
CMP-9692,Banco Azteca,YouTube Ads,Conversión,25-34,01/01/25,20439,10558,45,17549.11,214496.1
CMP-7671,OnStar,Facebook Ads,Tráfico,25-34,08/06/25,197093,934,524,14075.28,43495.1
CMP-2080,Bimbo,Facebook Ads,Tráfico,55+,14/01/25,343113,13595,161,13123.07,10416.34
CMP-10508,Telcel,Google Ads,Tráfico,25-34,06/07/25,48031,295,173,34434.57,204893.05
CMP-9103,Cerveza Modelo,Instagram Ads,Alcance,45-54,03/01/25,102656,2546,700,942.53,38298.26
CMP-8622,Telcel,Google Ads,Alcance,45-54,14/07/25,266118,9634,456,10552.19,
CMP-10552,Aeroméxico,,Conversión,18-24,30/04/25,274811,14892,631,73757.65,25740.24
CMP-6216,Bimbo,LinkedIn Ads,Conversión,18-24,14/05/25,51876,1561,204,31303.96,6585.39
CMP-9669,Banco Azteca,Facebook Ads,Reconocimiento,45-54,23/04/25,464962,5687,8,73752.45,12525.04
CMP-10234,Telcel,TikTok Ads,Leads,25-34,31/08/25,254407,5858,526,72604.35,41944.64
CMP-1178,Bimbo,YouTube Ads,Reconocimiento,18-24,21/06/25,234191,10224,422,46507.5,110255.45
CMP-7066,Aeroméxico,Google Ads,Conversión,35-44,01/01/25,145982,2369,423,55407.5,22377.18
CMP-9240,Aeroméxico,TikTok Ads,Reconocimiento,35-44,01/06/25,194521,11162,,79166.59,29693.65
CMP-6428,Banco Azteca,YouTube Ads,Alcance,45-54,03/04/25,158583,12690,438,66050.69,123765.98
CMP-10989,OnStar,LinkedIn Ads,Leads,35-44,28/08/25,495081,4070,416,34038.7,167026.21
CMP-2616,Bimbo,Facebook Ads,Conversión,,13/05/25,198928,13900,102,80762.43,81935.28
CMP-6013, Bimbo  ,Instagram Ads,Alcance,55+,11/01/25,371710,6532,,45095.15,70758.77
CMP-5929, OnStar  ,Instagram Ads,Reconocimiento,55+,24/08/25,338140,14493,131,60635.73,38785.93
CMP-2302,Banco Azteca,LinkedIn Ads,Conversión,18-24,15/04/25,205520,7023,718,32974.59,12458.16
CMP-5619, Telcel  ,Instagram Ads,Conversión,25-34,28/05/25,277789,6995,76,59362.96,155083.65
CMP-5072, Liverpool  ,TikTok Ads,Alcance,55+,08/09/25,284321,9124,406,5460.52,151413.97
CMP-4325, GM Financial  ,Instagram Ads,Reconocimiento,45-54,25/08/25,166159,9750,627,57123.78,174280.24
CMP-1608,Telcel,Instagram Ads,Conversión,45-54,26/06/25,169270,5866,483,83554.06,194843.64
CMP-4802,OnStar,LinkedIn Ads,Alcance,35-44,26/02/25,149668,1547,293,72439.17,80407.07
CMP-6521, Cerveza Modelo  ,Facebook Ads,Alcance,25-34,03/03/25,48486,654,297,35071.27,62106.64
CMP-10733,GM Financial,Google Ads,Alcance,35-44,17/09/25,321355,187,180,41221.28,183029.97
CMP-2182,GM Financial,TikTok Ads,Reconocimiento,45-54,17/07/25,451421,12994,589,81969.21,125101.51
CMP-9145,GM Financial,GOOGLE ADS,Reconocimiento,55+,02/03/25,304583,8116,301,22620.85,169785.66
CMP-9458,Liverpool,LinkedIn Ads,Alcance,45-54,05/08/25,476391,13140,583,14318.78,118720.19
CMP-5782,Cerveza Modelo,Instagram Ads,Conversión,45-54,14/04/25,156858,9679,,35432.06,186720.84
CMP-4680,Telcel,TikTok Ads,Conversión,55+,10/03/25,422676,12004,733,8666.02,129240.15
CMP-5442,GM Financial,LinkedIn Ads,Alcance,25-34,30/08/25,208892,12751,444,81266.05,86547.14
CMP-4582,GM Financial,YouTube Ads,Alcance,45-54,16/04/25,296193,8100,554,55912.85,128584.05
CMP-7116,Telcel,TIKTOK ADS,Conversión,55+,03/03/25,338563,3987,,30742.93,108343.31
CMP-4982,Aeroméxico,Facebook Ads,Reconocimiento,55+,23/04/25,438714,14196,211,61641.99,166939.33
CMP-8879, Liverpool  ,Google Ads,Alcance,45-54,03/06/25,99211,6154,376,84476.98,62984.02
CMP-8261,OnStar,Facebook Ads,Tráfico,25-34,19/03/25,145502,11556,15,53212.82,202723.99
CMP-7179,OnStar,,Leads,25-34,19/01/25,290509,12415,709,81166.3,184335.47
CMP-1388,Liverpool,Facebook Ads,Leads,35-44,23/07/25,468487,3581,391,43548.5,183401.52
CMP-3153,GM Financial,Facebook Ads,Reconocimiento,25-34,29/05/25,424035,13782,415,29732.24,29925.11
CMP-3188,Liverpool,Facebook Ads,Alcance,35-44,08/10/25,422363,7141,421,27964.87,112250.82
CMP-10937,Banco Azteca,TIKTOK ADS,Tráfico,55+,09/08/25,429577,5163,290,49472.45,76792.82
CMP-2335,Cerveza Modelo,LinkedIn Ads,Alcance,25-34,27/05/25,5243,5243,27,15114.37,778.53
CMP-3842,Bimbo,TikTok Ads,Tráfico,18-24,05/01/25,288761,3236,273,7854.12,38570.84
CMP-3505,Telcel,Instagram Ads,Alcance,25-34,29/06/25,69687,7182,510,71528.75,103033.86
CMP-3027, Bimbo  ,Instagram Ads,Conversión,25-34,29/05/25,187395,10989,615,54068.53,156166.9
CMP-8698,Aeroméxico,Instagram Ads,Alcance,18-24,25/06/25,421047,9208,84,15583.56,112510.88
CMP-4374,Bimbo,FACEBOOK ADS,Leads,55+,23/02/25,229497,13458,327,74891.31,
CMP-9239,Telcel,Google Ads,Tráfico,45-54,09/08/25,227868,11581,193,48729.73,77316.86
CMP-9118,Banco Azteca,Google Ads,Conversión,45-54,06/10/25,132922,12794,796,61370.89,44516.56
CMP-5508,Cerveza Modelo,LinkedIn Ads,Alcance,18-24,31/07/25,449629,3044,676,8039.13,208787.15
CMP-2107,Banco Azteca,YouTube Ads,Tráfico,18-24,27/04/25,250573,2599,26,44654.99,119078.05
CMP-3452,Banco Azteca,INSTAGRAM ADS,Alcance,35-44,09/02/25,365876,7482,246,1322.11,180629.92
CMP-5143,Telcel,LinkedIn Ads,Leads,45-54,15/08/25,317462,5645,712,63252.25,
CMP-10336,Banco Azteca,Instagram Ads,Alcance,55+,24/09/25,170664,13864,339,77768.27,183058.22
CMP-10292,GM Financial,Instagram Ads,Tráfico,35-44,20/06/25,190194,13801,386,81029.75,183228.36
CMP-7740,Telcel,Facebook Ads,Tráfico,18-24,01/02/25,17841,9246,333,75737.03,
CMP-6386,Bimbo,YouTube Ads,Leads,35-44,24/06/25,121214,6280,450,61904.08,
CMP-8426,GM Financial,Instagram Ads,Conversión,35-44,05/06/25,386696,2470,794,78179.03,
CMP-5809,GM Financial,FACEBOOK ADS,Reconocimiento,35-44,23/02/25,246056,14200,204,1858.88,
CMP-4570,GM Financial,TIKTOK ADS,Alcance,25-34,08/04/25,278882,9664,788,5616.99,23556.13
CMP-4637,GM Financial,LinkedIn Ads,Alcance,45-54,06/02/25,56715,11863,160,34293.06,156175.71
CMP-4742,Aeroméxico,LinkedIn Ads,Tráfico,35-44,25/07/25,490552,2771,56,43270.22,165956.47
CMP-1177,Telcel,LinkedIn Ads,Conversión,18-24,22/02/25,259916,11871,,17100.6,11589.11
CMP-2667, Bimbo  ,YouTube Ads,Reconocimiento,18-24,08/01/25,152426,11613,69,,177258.49
CMP-10086,GM Financial,YOUTUBE ADS,Reconocimiento,55+,12/10/25,99579,2812,324,30621.81,69729.34
CMP-2663,Aeroméxico,YouTube Ads,Tráfico,45-54,21/10/25,343607,3211,192,48946.07,187355.9
CMP-9427,Cerveza Modelo,LINKEDIN ADS,Alcance,35-44,07/02/25,11421,11421,563,27716.1,106180.08
CMP-9551,Telcel,YOUTUBE ADS,Leads,55+,11/07/25,382233,1437,369,,117247.01
CMP-7620,GM Financial,Instagram Ads,alcance,55+,16/09/25,161049,14888,289,67343.82,8335.14
CMP-2765,Liverpool,YouTube Ads,Alcance,35-44,02/01/25,147767,12690,404,,94404.62
CMP-10998,Aeroméxico,GOOGLE ADS,Reconocimiento,35-44,04/03/25,466909,245,59,72131.29,
CMP-10498,GM Financial,Google Ads,tráfico,18-24,30/05/25,208107,1854,695,23616.68,23662.84
CMP-5956,Liverpool,GOOGLE ADS,Reconocimiento,55+,17/01/25,215885,14107,124,56173.99,152492.58
CMP-3516,Banco Azteca,Google Ads,Conversión,25-34,16/10/25,707,448,15,41908.28,158038.41
CMP-9287,GM Financial,TIKTOK ADS,Reconocimiento,35-44,03/10/25,462236,3058,336,64090.61,68218.31
CMP-2215,GM Financial,Facebook Ads,Leads,25-34,20/10/25,145636,11812,539,46721.28,96639.75
CMP-2317,Cerveza Modelo,Instagram Ads,Alcance,25-34,25/06/25,424148,3758,687,45461.16,30604.64
CMP-7744,Cerveza Modelo,Facebook Ads,Leads,18-24,30/01/25,50414,12829,542,76568.9,12608.83
CMP-3686,Bimbo,LinkedIn Ads,Conversión,55+,19/01/25,169227,1684,541,33273.86,10944.3
CMP-1934,OnStar,TikTok Ads,Alcance,35-44,21/04/25,351541,14287,107,,179827.79
CMP-8167,Banco Azteca,LinkedIn Ads,Alcance,35-44,07/07/25,469480,9496,372,59118.23,135416.07
CMP-6091,Bimbo,Google Ads,Reconocimiento,18-24,17/05/25,370651,11720,254,29592.27,31226
CMP-3116,Liverpool,LINKEDIN ADS,Alcance,18-24,29/04/25,107313,3461,733,14080.42,144247.24
CMP-5637,Aeroméxico,Google Ads,conversión,18-24,27/08/25,122774,736,490,59805.45,81953.93
CMP-6953,Cerveza Modelo,LINKEDIN ADS,Reconocimiento,55+,01/07/25,360402,8797,111,84472.64,80588.59
CMP-8379,Bimbo,Google Ads,Conversión,45-54,18/10/25,457314,3368,201,9785.81,11568.42
CMP-9887,Cerveza Modelo,Facebook Ads,Alcance,45-54,09/06/25,404329,1278,420,82867.29,139813.32
CMP-5411,OnStar,YouTube Ads,Conversión,55+,08/01/25,240078,7285,258,44688.88,103026.73
CMP-9872, Banco Azteca  ,TikTok Ads,Alcance,45-54,26/06/25,245466,11061,278,45925.25,62176.85
CMP-8722,Aeroméxico,Facebook Ads,Reconocimiento,35-44,10/09/25,350316,4468,335,71354.52,91860.11
CMP-8576, Telcel  ,YouTube Ads,Alcance,,17/10/25,251814,2579,400,,
CMP-10064,Banco Azteca,Instagram Ads,Leads,18-24,21/10/25,158694,10306,171,72763.01,4770.72
CMP-2492,Aeroméxico,YouTube Ads,Alcance,25-34,30/08/25,39423,6161,309,18244.37,13652.31
CMP-4355,Banco Azteca,Instagram Ads,Alcance,45-54,07/10/25,3890,3890,752,60479.4,185833.97
CMP-8312,OnStar,TIKTOK ADS,Conversión,25-34,21/09/25,192830,4496,347,15922.73,157923.04
CMP-6191,Cerveza Modelo,TikTok Ads,Conversión,55+,22/05/25,19767,8434,508,22852.05,27072.68
CMP-2367, Liverpool  ,LinkedIn Ads,Reconocimiento,45-54,04/06/25,143282,5380,575,13193.42,3188.28
CMP-1581,Telcel,LinkedIn Ads,Alcance,18-24,20/07/25,146750,7663,152,29954.78,49845.88
CMP-2591,GM Financial,LinkedIn Ads,Leads,25-34,02/01/25,337276,9642,312,74968.18,46890.78
CMP-8052, GM Financial  ,TikTok Ads,Leads,55+,16/10/25,492205,2067,700,19896.1,111507.95
CMP-5547,Bimbo,TikTok Ads,Reconocimiento,55+,15/03/25,279679,2174,369,36848.15,48716.18
CMP-2197,Bimbo,TikTok Ads,Alcance,55+,07/09/25,185834,3128,608,52385.96,177953
CMP-6722,Aeroméxico,YouTube Ads,Tráfico,35-44,19/07/25,118519,743,583,70227.54,43890.36
CMP-1297,Telcel,Facebook Ads,Conversión,55+,07/10/25,220373,9146,104,47929.55,19046.19
CMP-1671,Banco Azteca,Facebook Ads,Leads,45-54,19/09/25,42745,12979,604,39897.1,26792.87
CMP-6577,Banco Azteca,Facebook Ads,Alcance,55+,17/07/25,245124,748,456,30760.09,42974.28
CMP-2422,Liverpool,TikTok Ads,Conversión,45-54,24/08/25,360916,4791,293,54456.24,218274.88
CMP-7600,Liverpool,LinkedIn Ads,Leads,35-44,24/01/25,352005,1632,371,47194.02,47986.56
CMP-1428,Liverpool,GOOGLE ADS,Leads,35-44,30/08/25,164493,14241,467,66539.06,70365.57
CMP-6011,Bimbo,YouTube Ads,Tráfico,25-34,05/07/25,182822,2872,571,65044.1,81048.28
CMP-1868,Aeroméxico,TikTok Ads,Alcance,35-44,14/01/25,126790,361,361,42525.57,122767.82
CMP-8873,Banco Azteca,TikTok Ads,Tráfico,18-24,18/06/25,235973,8347,44,76222.63,195446.1
CMP-9505,Aeroméxico,LinkedIn Ads,Reconocimiento,18-24,21/07/25,107147,11667,567,33566.22,29204.88
CMP-5019,Aeroméxico,INSTAGRAM ADS,Alcance,55+,05/06/25,45600,14433,276,65547.49,22720.43
CMP-10426,Telcel,Facebook Ads,Conversión,45-54,16/03/25,359717,10847,278,79952.55,217370.87
CMP-8378,Bimbo,LinkedIn Ads,Conversión,18-24,25/09/25,237521,8091,606,83305.81,198176.71
CMP-2470,Aeroméxico,TIKTOK ADS,Conversión,25-34,01/10/25,242086,6319,0,42513.09,
CMP-1436,GM Financial,Instagram Ads,Conversión,55+,15/04/25,16265,1663,789,28385.51,218489.12
CMP-8003,Liverpool,Google Ads,Reconocimiento,18-24,03/09/25,461115,8365,88,15546.2,100579.09
CMP-4074,OnStar,LinkedIn Ads,Tráfico,35-44,15/06/25,55241,8826,,,65281.8
CMP-8854,Telcel,LinkedIn Ads,Conversión,45-54,21/04/25,62624,993,84,75775.95,109472.44
CMP-4362,Cerveza Modelo,Facebook Ads,Conversión,55+,04/01/25,466335,4143,177,69114.14,21256.18
CMP-4695,GM Financial,Instagram Ads,Reconocimiento,45-54,05/02/25,2354,2354,295,59608.17,156543.6
CMP-5001,Bimbo,Google Ads,Leads,25-34,23/05/25,109938,1531,546,12648.43,135076.97
CMP-3191,Bimbo,YouTube Ads,Reconocimiento,55+,21/04/25,386215,563,172,81900.92,202857.01
CMP-8354,Banco Azteca,Instagram Ads,Leads,25-34,25/04/25,490512,13766,637,28393.92,
CMP-7294, GM Financial  ,Google Ads,Leads,35-44,26/05/25,10576,9157,417,22037.3,118937.46
CMP-1395,Cerveza Modelo,Instagram Ads,Reconocimiento,45-54,23/01/25,202816,9011,511,58087.72,3960.7
CMP-8764, GM Financial  ,Instagram Ads,Conversión,25-34,19/10/25,120523,13701,223,41313.57,7652.2
CMP-1538,Aeroméxico,LinkedIn Ads,reconocimiento,25-34,10/07/25,255145,5478,405,22612.42,165734.73
CMP-6952, Telcel  ,Google Ads,conversión,45-54,05/01/25,251791,7711,223,34088.63,193046.22
CMP-7366,Cerveza Modelo,Google Ads,Leads,55+,25/09/25,384072,10504,478,18623.87,144051.33
CMP-3274,Cerveza Modelo,YouTube Ads,Leads,35-44,08/09/25,406339,5526,389,,
CMP-5543,Cerveza Modelo,YOUTUBE ADS,Leads,18-24,08/10/25,103287,6248,439,56139.41,394.65
CMP-5332,Cerveza Modelo,Google Ads,Conversión,,24/06/25,407322,12965,180,56194.53,141245.52
CMP-4350,Cerveza Modelo,Instagram Ads,Tráfico,25-34,22/04/25,395895,2518,211,59462.64,115151.49
CMP-8132,Telcel,Google Ads,Conversión,18-24,14/06/25,125862,2672,139,54539.65,32984.57
CMP-4158,Banco Azteca,Google Ads,Tráfico,55+,28/02/25,305404,12247,375,43669.66,65779.7
CMP-3722,GM Financial,Google Ads,Alcance,35-44,08/02/25,443231,7908,332,76535.15,39356.31
CMP-8055,Banco Azteca,LinkedIn Ads,Reconocimiento,55+,14/03/25,140587,8692,346,,
CMP-10559,OnStar,,Reconocimiento,35-44,30/09/25,197794,8013,697,22488.14,42352.19
CMP-2808,OnStar,Facebook Ads,Alcance,55+,21/07/25,448633,9606,163,32815.33,21856.22
CMP-4402,Cerveza Modelo,Google Ads,Leads,18-24,21/07/25,412004,8457,,53536.2,
CMP-3075,Liverpool,Google Ads,reconocimiento,35-44,17/10/25,449227,14133,695,59476.31,219734.1
CMP-9965,Cerveza Modelo,Facebook Ads,Reconocimiento,45-54,18/03/25,18341,13926,272,66236.66,
CMP-3133,Telcel,TIKTOK ADS,Leads,55+,30/09/25,394268,493,493,42291.67,23413.27
CMP-4075,Bimbo,Facebook Ads,Leads,55+,10/04/25,475151,12560,166,54996.56,141653.19
CMP-1141,Telcel,Facebook Ads,Conversión,55+,09/07/25,439168,10282,215,55554.39,36043.61
CMP-9499,Cerveza Modelo,Google Ads,Tráfico,45-54,08/05/25,150159,11500,205,34467.12,70330.79
CMP-9412,Banco Azteca,LINKEDIN ADS,Leads,45-54,18/06/25,166228,11339,701,39562.54,123458.4
CMP-5068,Cerveza Modelo,Instagram Ads,Conversión,25-34,08/04/25,385817,5743,629,61793.35,161470.32
CMP-3457,Aeroméxico,LinkedIn Ads,reconocimiento,25-34,25/06/25,114849,4146,57,9218.54,59601.37
CMP-10181,Telcel,LinkedIn Ads,tráfico,35-44,14/06/25,247193,12973,677,29809.02,72348.16
CMP-1500,Telcel,Facebook Ads,reconocimiento,25-34,15/03/25,227642,11865,390,66578.98,30867.94
CMP-7581,OnStar,YouTube Ads,Reconocimiento,55+,02/01/25,270435,204,204,41388.6,10292.85
CMP-4687,OnStar,FACEBOOK ADS,Alcance,45-54,02/06/25,182805,6606,536,34775.33,136142.53
CMP-9953,Bimbo,TikTok Ads,Leads,35-44,10/03/25,12598,5728,729,84027.79,71179.12
CMP-1282,Cerveza Modelo,Instagram Ads,Tráfico,55+,05/04/25,265065,9358,,,30662.8
CMP-6284, Banco Azteca  ,TikTok Ads,Alcance,55+,30/03/25,470620,10305,699,35468.26,127368.66
CMP-9486,Telcel,TikTok Ads,Reconocimiento,45-54,21/01/25,60544,14784,102,31871.85,56104.6
CMP-2193,Banco Azteca,YouTube Ads,Tráfico,25-34,16/01/25,114081,1625,542,,126600.79
CMP-8289,Aeroméxico,YouTube Ads,Tráfico,25-34,20/07/25,462188,10959,311,33784.26,167273.49
CMP-7091,Cerveza Modelo,Instagram Ads,Reconocimiento,55+,04/08/25,440694,596,324,32297.14,155590.65
CMP-9168,Telcel,LinkedIn Ads,Alcance,45-54,12/03/25,408954,4829,520,80519.24,15628.25
CMP-6514,GM Financial,Instagram Ads,Tráfico,25-34,06/03/25,94873,2540,768,70654.88,205674.67
CMP-3102,GM Financial,Facebook Ads,Alcance,55+,08/01/25,46110,391,163,5495.6,26633.79
CMP-2502,Cerveza Modelo,Google Ads,Conversión,18-24,15/06/25,394426,10858,520,67644.35,160522.12
CMP-6490,GM Financial,Instagram Ads,Tráfico,18-24,26/05/25,291328,8872,549,26773.91,118337.53
CMP-4410,OnStar,YouTube Ads,Alcance,25-34,02/08/25,493974,8763,479,71199.78,4232.22
CMP-3011,Liverpool,Google Ads,Leads,25-34,10/07/25,90217,2221,63,22636.91,86218.4
CMP-10760,Liverpool,Facebook Ads,Conversión,25-34,06/06/25,205634,4981,190,66878.23,203564.75
CMP-9895,Liverpool,Instagram Ads,Conversión,18-24,05/03/25,77059,3084,548,27701.23,135361.32
CMP-2604,Cerveza Modelo,Facebook Ads,reconocimiento,,17/08/25,77707,5292,417,82608.58,163064.23
CMP-4296,Cerveza Modelo,LinkedIn Ads,Tráfico,25-34,09/06/25,347665,13944,179,76862.76,30980.92
CMP-9993,Cerveza Modelo,Instagram Ads,Conversión,35-44,25/04/25,221967,12145,0,61970.27,14037.79
CMP-6779,Telcel,Facebook Ads,Tráfico,25-34,10/04/25,286648,8986,6,20133.32,184770.31
CMP-9133,Banco Azteca,FACEBOOK ADS,Tráfico,25-34,09/07/25,442366,9817,386,32627.89,86011.44
CMP-6754,Liverpool,TikTok Ads,Reconocimiento,45-54,20/05/25,172482,11496,452,20459.79,213662.38
CMP-10530,Aeroméxico,LINKEDIN ADS,Alcance,18-24,10/08/25,363733,14933,265,29832.27,149322.71
CMP-9308,GM Financial,YouTube Ads,Alcance,18-24,02/04/25,275240,9068,226,81117.89,32579.53
CMP-3152, Bimbo  ,TikTok Ads,Leads,,29/05/25,74843,9545,748,37714.68,153108.41
CMP-10640,Aeroméxico,YouTube Ads,Conversión,55+,25/02/25,50728,6621,233,4887.62,
CMP-9171,Liverpool,TikTok Ads,Conversión,35-44,28/09/25,309240,4370,495,49418,174681.39
CMP-10012,GM Financial,YouTube Ads,Alcance,35-44,22/02/25,423064,14727,718,13133.26,40850.47
CMP-7862,Banco Azteca,Google Ads,Alcance,55+,13/03/25,137286,11053,741,8872.36,10820.23
CMP-1481,GM Financial,YOUTUBE ADS,Reconocimiento,18-24,31/05/25,391170,10887,148,47881.99,123102.54
CMP-7692,Bimbo,TikTok Ads,Alcance,25-34,27/09/25,392562,14276,234,35301.71,6380.86
CMP-7417,GM Financial,TikTok Ads,alcance,45-54,18/05/25,332400,11689,168,74318.02,212036.64
CMP-7558, OnStar  ,TikTok Ads,conversión,18-24,08/08/25,72923,8099,498,,125468.72
CMP-3289, Telcel  ,Google Ads,Conversión,55+,02/03/25,431592,12430,42,4528.91,41483.17
CMP-6788,Bimbo,LinkedIn Ads,Leads,,18/01/25,231232,1349,628,63834.64,152617.9
CMP-6188,Banco Azteca,YouTube Ads,Leads,45-54,06/09/25,392223,11038,289,50595,201780.74
CMP-7221,Cerveza Modelo,YouTube Ads,Leads,25-34,12/10/25,305943,7607,360,8078.48,135114.53
CMP-7014,Aeroméxico,FACEBOOK ADS,Conversión,18-24,12/01/25,327542,13701,759,12315.79,191624.09
CMP-2183,Bimbo,TIKTOK ADS,Reconocimiento,,19/07/25,78419,10578,434,25781.15,34288.85
CMP-7606,OnStar,Instagram Ads,Tráfico,35-44,28/09/25,389641,3937,131,20655.61,162343.26
CMP-10567,Telcel,LINKEDIN ADS,Leads,18-24,04/08/25,290360,2346,25,3833.66,198389.91
CMP-5230,Banco Azteca,Instagram Ads,Leads,55+,20/07/25,296862,287,287,19918.61,17935.69
CMP-6346,OnStar,TikTok Ads,reconocimiento,45-54,31/03/25,73171,3777,659,26635.17,11952.13
CMP-4948,Bimbo,FACEBOOK ADS,Tráfico,45-54,15/06/25,339085,3472,635,21291.8,74029.45
CMP-9800,Banco Azteca,Google Ads,Reconocimiento,45-54,21/01/25,301649,12634,675,74267.16,38117.34
CMP-9799,Bimbo,YouTube Ads,Reconocimiento,18-24,07/05/25,145956,5811,539,37889.58,218582.61
CMP-8867,Liverpool,Google Ads,Tráfico,45-54,01/03/25,398563,9646,439,22439.92,133628.69
CMP-1453,Bimbo,TikTok Ads,tráfico,25-34,12/08/25,31810,10321,606,3518.57,40197.89
CMP-3609,Liverpool,Facebook Ads,Tráfico,25-34,03/10/25,183726,11046,,15100.69,204967.65
CMP-7882,OnStar,Facebook Ads,Conversión,25-34,08/09/25,44507,50,50,51280.26,93386.71
CMP-6116,Banco Azteca,TikTok Ads,Leads,25-34,14/02/25,164497,4791,704,49450.69,110887.68
CMP-1364,Banco Azteca,Facebook Ads,Alcance,55+,17/10/25,356315,7600,96,45904.93,150389.48
CMP-6189,Bimbo,TikTok Ads,Conversión,45-54,07/02/25,41044,1145,563,59269.71,72816.09
CMP-4181,Banco Azteca,Google Ads,Reconocimiento,45-54,28/02/25,369342,7270,751,32151.01,
CMP-1459,Bimbo,YOUTUBE ADS,Conversión,25-34,05/08/25,80171,7420,504,59872.89,147493.42
CMP-10019,Bimbo,LinkedIn Ads,Reconocimiento,18-24,11/03/25,452674,10963,686,42330.47,59903.61
CMP-8428,Aeroméxico,,Conversión,35-44,09/04/25,219638,14660,256,16492.57,19095.93
CMP-5093,Telcel,Google Ads,Reconocimiento,18-24,28/01/25,30682,8762,458,38660.79,111812.85
CMP-8078,GM Financial,Google Ads,Leads,18-24,21/01/25,360939,11218,473,82589.21,71130.64
CMP-8371,OnStar,LINKEDIN ADS,Reconocimiento,18-24,22/02/25,209291,1815,394,49339.06,
CMP-9367,Liverpool,Instagram Ads,Conversión,45-54,26/10/25,447953,5737,49,63667.27,217079.47
CMP-2192,Aeroméxico,Google Ads,Leads,35-44,23/09/25,386509,13300,743,,175174.46
CMP-3206,GM Financial,GOOGLE ADS,Conversión,55+,13/01/25,217483,3644,504,27261.69,136318.81
CMP-4786,Bimbo,TikTok Ads,Reconocimiento,35-44,24/05/25,272583,12403,253,29907.65,200534.01
CMP-9202,Banco Azteca,YouTube Ads,Conversión,18-24,08/05/25,238417,3720,455,61244.97,207379.44
CMP-9044, Aeroméxico  ,Google Ads,Leads,45-54,16/08/25,84140,927,44,29907.16,165460.53
CMP-4372,Liverpool,LinkedIn Ads,Reconocimiento,55+,06/09/25,393616,2618,221,41321.55,21901.76
CMP-1774,Bimbo,Facebook Ads,Tráfico,55+,11/04/25,215227,12089,508,6745.9,36166.37
CMP-9661,Liverpool,LinkedIn Ads,Alcance,18-24,31/03/25,23340,11112,179,40897.08,181059.89
CMP-8887, Banco Azteca  ,YouTube Ads,Alcance,35-44,14/04/25,162714,3906,46,32396.48,166126.81
CMP-7776,Telcel,TikTok Ads,Alcance,45-54,11/06/25,352866,9991,340,37143.61,168480.33
CMP-9214,Banco Azteca,LinkedIn Ads,Conversión,45-54,11/01/25,115696,5509,660,39290.47,6327.42
CMP-8546,Banco Azteca,INSTAGRAM ADS,Conversión,,20/06/25,345153,11013,375,,43816.69
CMP-3990,Aeroméxico,Instagram Ads,Conversión,45-54,23/02/25,176010,1770,681,50364,87606.12
CMP-3529, Liverpool  ,Instagram Ads,Alcance,18-24,10/07/25,432403,1881,491,48041.04,196270.25
CMP-9866,Cerveza Modelo,Google Ads,alcance,25-34,23/07/25,57308,1232,429,75618.99,71412.62
CMP-4129,Liverpool,Instagram Ads,Leads,18-24,10/10/25,356170,5423,51,46913.32,132459.13
CMP-2899,OnStar,Instagram Ads,Conversión,35-44,14/04/25,409898,4261,137,55293.65,158667.45
CMP-7822,GM Financial,TikTok Ads,Conversión,55+,18/06/25,376391,11108,334,3680.78,149018.44
CMP-8027,Liverpool,LinkedIn Ads,Reconocimiento,35-44,20/09/25,294216,8496,605,8743.78,117953.63
CMP-2287,Banco Azteca,TikTok Ads,Tráfico,45-54,29/08/25,100434,345,345,51154.39,115489.19
CMP-4834,Cerveza Modelo,Google Ads,Tráfico,,02/05/25,156128,5336,243,4824.27,64284.86
CMP-5193,Bimbo,TikTok Ads,Tráfico,55+,13/01/25,336277,14444,737,49844.5,78764.82
CMP-1433,Liverpool,Facebook Ads,reconocimiento,18-24,03/04/25,492830,5767,725,29862.32,95551.24
CMP-1804,Banco Azteca,LINKEDIN ADS,Leads,35-44,03/03/25,21766,8136,41,40699.83,95005.43
CMP-5486,Liverpool,LinkedIn Ads,Tráfico,,13/10/25,88204,4884,600,78056.93,170727.48
CMP-3089,Liverpool,Facebook Ads,Tráfico,55+,01/06/25,292852,2508,471,15741.41,113554.29
CMP-2603,GM Financial,LinkedIn Ads,Tráfico,45-54,12/06/25,211558,7145,,12385.73,123555.18
CMP-3428,OnStar,LinkedIn Ads,tráfico,25-34,16/06/25,294308,613,320,65646.72,1826.7
CMP-5435,Bimbo,TikTok Ads,Tráfico,25-34,27/02/25,273041,3575,93,9108.64,106411.26
CMP-2270,Banco Azteca,Facebook Ads,Tráfico,18-24,04/03/25,210263,11135,396,6656.99,91859.06
CMP-5400,Aeroméxico,LinkedIn Ads,Conversión,25-34,09/02/25,127981,7033,108,26950.33,15987.57
CMP-8459,Liverpool,Google Ads,Tráfico,55+,10/04/25,24436,11439,681,66727.68,
CMP-1151,Aeroméxico,LinkedIn Ads,Alcance,25-34,13/08/25,282583,14555,137,42502.75,83288.74
CMP-6008,Liverpool,INSTAGRAM ADS,Tráfico,45-54,20/06/25,262785,3582,55,48430.07,
CMP-2123, Bimbo  ,YouTube Ads,Tráfico,45-54,30/06/25,309305,2705,505,51635.56,57806.62
CMP-9300,Cerveza Modelo,Instagram Ads,Tráfico,18-24,08/03/25,26326,8603,501,,44888.8
CMP-4049,Telcel,TikTok Ads,Reconocimiento,,24/01/25,421201,9045,308,54397.67,128271.62
CMP-2310,Cerveza Modelo,Google Ads,Reconocimiento,18-24,09/02/25,178885,983,220,53820.78,99036.58
CMP-1408,Banco Azteca,FACEBOOK ADS,Alcance,45-54,16/01/25,429219,12099,654,70144.56,157670.99
CMP-8447,Cerveza Modelo,Facebook Ads,Reconocimiento,45-54,03/05/25,282182,4393,266,,81976.46
CMP-8970, Telcel  ,GOOGLE ADS,Conversión,45-54,20/07/25,77833,11256,783,46126.52,132178.1
CMP-9395,Aeroméxico,Instagram Ads,Tráfico,35-44,30/03/25,262710,10466,502,35654.3,208404.84
CMP-2370,Liverpool,Facebook Ads,Conversión,45-54,17/01/25,258307,3619,38,22457.45,59339.29
CMP-4566,Liverpool,Instagram Ads,Conversión,35-44,30/05/25,306721,8924,449,62377.3,89429.15
CMP-6726,GM Financial,Instagram Ads,Reconocimiento,18-24,08/07/25,385342,7801,560,67185.69,
CMP-6930,GM Financial,,Alcance,18-24,19/05/25,142723,7181,94,7770.85,92167.18
CMP-3618,Telcel,LINKEDIN ADS,Tráfico,35-44,16/02/25,184845,14089,,72228.49,217888.34
CMP-7858,Aeroméxico,LinkedIn Ads,alcance,45-54,15/06/25,87419,6638,465,44763.23,181245.69
CMP-8218,Aeroméxico,LinkedIn Ads,Tráfico,35-44,25/07/25,184559,1129,34,22407.16,112763.29
CMP-10888,Telcel,Google Ads,Conversión,35-44,04/07/25,19725,3094,293,10338.84,76122.23
CMP-4852,Liverpool,,Reconocimiento,55+,13/02/25,79870,5672,272,72607.47,
CMP-5478,Bimbo,YouTube Ads,Alcance,55+,20/06/25,480220,5015,400,18686.39,7455.06
CMP-3369,Bimbo,Instagram Ads,Alcance,18-24,22/03/25,375161,8459,385,34930.89,
CMP-7405, Bimbo  ,Facebook Ads,Leads,55+,14/06/25,441609,3523,737,22825.33,
CMP-2102,Aeroméxico,Google Ads,Leads,45-54,17/01/25,374862,2174,686,67581.3,28972.77
CMP-1912,Aeroméxico,TikTok Ads,Leads,55+,16/02/25,77637,14344,741,71683.65,219741.24
CMP-1300,Liverpool,Facebook Ads,Conversión,45-54,31/05/25,472647,3803,106,50426.89,20862.58
CMP-2737, Aeroméxico  ,Google Ads,Tráfico,18-24,27/10/25,306495,13290,555,78121.68,
CMP-1536,Cerveza Modelo,FACEBOOK ADS,Reconocimiento,,01/01/25,261551,6340,795,,101724.85
CMP-1988,GM Financial,LINKEDIN ADS,Reconocimiento,55+,28/04/25,124890,2954,359,21516.27,58107.51
CMP-3466,Aeroméxico,Instagram Ads,Reconocimiento,25-34,16/01/25,141711,6723,486,69880.87,63734.35
CMP-10203,OnStar,Facebook Ads,Leads,35-44,10/02/25,364344,7728,379,61522.08,
CMP-1813,OnStar,Google Ads,Conversión,45-54,31/07/25,43108,10812,32,32112.56,190227.25
CMP-2387,Bimbo,TikTok Ads,Alcance,18-24,12/07/25,250327,7763,652,,8197.22
CMP-4611,OnStar,LinkedIn Ads,Alcance,45-54,10/03/25,214798,3045,323,,119947.47
CMP-7349,Aeroméxico,TikTok Ads,Reconocimiento,55+,15/09/25,265104,1227,234,44882.7,154405.08
CMP-3222,Aeroméxico,TikTok Ads,Alcance,55+,05/07/25,477536,7538,290,67830.77,30439.03
CMP-9156,Bimbo,Instagram Ads,Conversión,55+,27/09/25,237347,1487,329,69376.44,214194.7
CMP-1050,Telcel,YouTube Ads,Conversión,25-34,16/04/25,12399,11778,207,12048.86,124581.65
CMP-4466,Liverpool,TikTok Ads,Conversión,55+,27/05/25,388133,7767,502,24390.6,213666.21
CMP-2949,Aeroméxico,Facebook Ads,Leads,45-54,13/09/25,207745,11939,745,81769.71,21299.8
CMP-10057, GM Financial  ,Facebook Ads,Leads,45-54,25/10/25,151151,2418,134,3458.82,132196.91
CMP-9936,Banco Azteca,Instagram Ads,Reconocimiento,18-24,20/07/25,461480,12633,398,37170.53,119570.58
CMP-10642,Aeroméxico,TikTok Ads,Reconocimiento,45-54,08/06/25,93664,10385,662,60747.45,
CMP-8756,Bimbo,Google Ads,Reconocimiento,45-54,29/05/25,313763,94,94,14719.03,203348.07
CMP-1196,Telcel,TikTok Ads,Conversión,25-34,06/07/25,327100,367,81,21455.79,134466.2
CMP-5699,Aeroméxico,YOUTUBE ADS,Alcance,18-24,11/10/25,482381,9538,570,20337.93,96645.56
CMP-8606,OnStar,LinkedIn Ads,Tráfico,25-34,23/04/25,459483,5015,,38885.1,13949.54
CMP-3245, Aeroméxico  ,INSTAGRAM ADS,Conversión,18-24,04/08/25,136034,4355,734,66832.24,
CMP-3859,Bimbo,Google Ads,Conversión,25-34,20/01/25,268249,5629,350,60007.87,73556.9
CMP-5316,Liverpool,LinkedIn Ads,Tráfico,45-54,28/04/25,294188,10839,214,53483.65,190757.44
CMP-10307,OnStar,TikTok Ads,Alcance,18-24,03/06/25,205629,6114,17,75743.47,27667.99
CMP-10376,Liverpool,Instagram Ads,Tráfico,55+,05/05/25,231354,2362,365,60107.31,133417.86
CMP-4145, GM Financial  ,YouTube Ads,Alcance,45-54,12/01/25,331035,4625,376,59287.05,32383.48
CMP-6070,Liverpool,YouTube Ads,Alcance,45-54,20/04/25,13961,6572,286,12302.24,197900.59
CMP-2155,Cerveza Modelo,YouTube Ads,Conversión,55+,17/01/25,364216,4331,788,23124.09,161904.6
CMP-6385,Cerveza Modelo,,Reconocimiento,,03/01/25,19605,5622,129,80226.54,168624.44
CMP-6063,OnStar,TIKTOK ADS,Reconocimiento,35-44,12/04/25,137493,7330,96,44260.97,194788.17
CMP-9434,GM Financial,TikTok Ads,Reconocimiento,55+,06/09/25,341234,899,665,28985.79,113159.52
CMP-4706,Banco Azteca,LinkedIn Ads,Conversión,25-34,30/05/25,78716,11891,263,36185.85,63265.22
CMP-9197,OnStar,TikTok Ads,tráfico,35-44,27/10/25,196983,5566,787,41733.8,109894.13
CMP-10304,GM Financial,LinkedIn Ads,Alcance,45-54,07/06/25,158712,14406,324,59466.6,24043.12
CMP-4400,Cerveza Modelo,Google Ads,alcance,18-24,28/02/25,471868,10402,301,,169969.13
CMP-10605,GM Financial,TikTok Ads,Tráfico,55+,27/03/25,49852,399,399,47588.91,61426.57
CMP-1286,GM Financial,GOOGLE ADS,Reconocimiento,45-54,10/07/25,203133,8909,514,34591.38,121572.48
CMP-1602,OnStar,YouTube Ads,Reconocimiento,25-34,26/06/25,256800,8216,277,64299.66,202271.96
CMP-7504,Cerveza Modelo,Instagram Ads,conversión,45-54,18/09/25,375997,8339,47,4824.39,19908.96
CMP-5290,Bimbo,LINKEDIN ADS,Conversión,55+,27/02/25,275380,1107,319,42662.21,187470.57
CMP-1734,OnStar,LinkedIn Ads,Reconocimiento,18-24,14/01/25,235063,11454,305,81883.99,172651.79
CMP-1564,Banco Azteca,Instagram Ads,tráfico,35-44,12/01/25,327306,4979,726,48762.8,39287.96
CMP-4021,Cerveza Modelo,Facebook Ads,Tráfico,18-24,21/09/25,230626,11389,169,19254.83,22423.14
CMP-7378,GM Financial,Facebook Ads,Conversión,25-34,27/04/25,324535,8618,100,65841.94,49806.48
CMP-9756,Cerveza Modelo,TikTok Ads,Alcance,45-54,13/10/25,458666,1361,773,13708.32,25548.42
CMP-5912,GM Financial,YouTube Ads,Alcance,18-24,05/08/25,226564,7456,451,48789.82,130638.91
CMP-4505,GM Financial,FACEBOOK ADS,Reconocimiento,25-34,25/03/25,169044,6253,68,81639.44,28877.07
CMP-9320,Bimbo,Facebook Ads,Reconocimiento,35-44,30/08/25,102127,4679,591,78336.25,36784
CMP-1728,Aeroméxico,TIKTOK ADS,Tráfico,55+,02/08/25,331529,3761,199,18663.7,182363.02
CMP-7390,OnStar,INSTAGRAM ADS,Leads,35-44,20/01/25,90611,7498,596,75645.58,149198.41
CMP-6243, Liverpool  ,TikTok Ads,Conversión,18-24,18/09/25,499453,10270,480,28549.8,27718.53
CMP-6238,Liverpool,GOOGLE ADS,Reconocimiento,55+,29/09/25,57457,4358,762,77209.93,156936.51
CMP-4824,GM Financial,GOOGLE ADS,Tráfico,35-44,22/08/25,52038,6779,462,80452.12,16327.34
CMP-3990,Aeroméxico,Instagram Ads,Conversión,45-54,23/02/25,176010,1770,681,50364,87606.12
CMP-5753,Aeroméxico,YouTube Ads,Conversión,18-24,05/08/25,458260,7805,461,35972.15,145906.35
CMP-1480,OnStar,,Conversión,25-34,22/02/25,259337,8200,564,13928.48,30357.3
CMP-4498,Banco Azteca,LinkedIn Ads,Leads,,19/01/25,91924,5328,618,56487.37,90575.59
CMP-8101, GM Financial  ,LinkedIn Ads,leads,55+,18/07/25,6286,2034,755,58880.52,38921.21
CMP-6040,Liverpool,LinkedIn Ads,Tráfico,35-44,22/10/25,94500,8062,142,80236.23,128659.76
CMP-10486,Telcel,TikTok Ads,Reconocimiento,,06/08/25,172948,1308,5,41995.15,80466.24
CMP-4527,Liverpool,Google Ads,Conversión,35-44,26/06/25,360711,5165,605,15779.07,125951.38
CMP-4199,Cerveza Modelo,Google Ads,Alcance,18-24,30/08/25,499935,13253,91,63389.09,154224.98
CMP-9967,OnStar,Google Ads,Leads,55+,16/02/25,281828,729,586,11919.99,33489.44
CMP-8564,OnStar,INSTAGRAM ADS,Alcance,18-24,13/08/25,237534,10493,648,35962.14,141715.81
CMP-5239,Banco Azteca,Google Ads,alcance,25-34,15/08/25,2691,2691,424,61344.75,68715.26
CMP-5700,Aeroméxico,Instagram Ads,Alcance,45-54,08/10/25,96339,3939,204,15427.64,71436.73
CMP-6208,Banco Azteca,Facebook Ads,Leads,45-54,25/01/25,177752,11391,620,41445.35,52106.22
CMP-2678, OnStar  ,YouTube Ads,Alcance,25-34,24/04/25,475339,5845,38,37529.52,41339.42
CMP-6563,Telcel,FACEBOOK ADS,Alcance,18-24,19/03/25,453521,10805,,52119.68,31481.65
CMP-7224,OnStar,TikTok Ads,Leads,35-44,14/01/25,382907,9947,160,75470.99,218958.85
CMP-10748,Aeroméxico,Google Ads,Leads,55+,18/04/25,519,519,519,58380.69,80816.39
CMP-6352,Cerveza Modelo,Instagram Ads,Conversión,45-54,28/06/25,395671,2100,29,32287.87,218482.5
CMP-3263,Telcel,GOOGLE ADS,Alcance,25-34,11/07/25,52754,602,90,1013.29,118992.24
CMP-3045,Telcel,YouTube Ads,Leads,35-44,03/02/25,242899,13666,331,39932.31,78811.14
CMP-6752,OnStar,Google Ads,Tráfico,55+,13/10/25,28236,11592,421,30156.08,186431.31
CMP-6642, Banco Azteca  ,TikTok Ads,alcance,35-44,15/01/25,162430,3338,158,21807.76,66112.64
CMP-4264,GM Financial,INSTAGRAM ADS,Conversión,25-34,06/07/25,347112,11388,690,74494.59,150654.28
CMP-6744,Banco Azteca,YouTube Ads,Alcance,18-24,26/01/25,43985,3075,230,80746.51,181056.38
CMP-8415,OnStar,Facebook Ads,Tráfico,35-44,20/07/25,66439,11323,236,50294.5,40254.34
CMP-8695,Cerveza Modelo,Instagram Ads,Tráfico,35-44,20/03/25,460596,3033,795,24642.85,47639.94
CMP-5698,Telcel,TikTok Ads,Leads,45-54,15/06/25,144743,11569,664,50843.89,136822.68
CMP-4649,Liverpool,Google Ads,Leads,18-24,17/04/25,307414,7547,550,59079.2,64214.48
CMP-3709,Telcel,Google Ads,reconocimiento,45-54,13/08/25,187554,4212,298,77464.2,190444.65
CMP-4930,Cerveza Modelo,Facebook Ads,Reconocimiento,35-44,13/09/25,62429,11459,399,29199.23,
CMP-7571,OnStar,Facebook Ads,Reconocimiento,45-54,02/06/25,437594,12693,88,67844.52,57015.49
CMP-8939,Aeroméxico,Facebook Ads,Tráfico,25-34,23/02/25,438038,10355,132,82274.39,89422.63
CMP-3087,Telcel,Instagram Ads,Conversión,55+,12/02/25,305870,4111,19,35308.74,118218.83
CMP-2834,Telcel,YouTube Ads,reconocimiento,25-34,11/02/25,398093,6490,393,35809.2,43057.36
CMP-3078,Liverpool,LINKEDIN ADS,Reconocimiento,25-34,19/07/25,285843,11381,410,37253.71,153871.24
CMP-6475,Bimbo,Google Ads,Tráfico,55+,07/07/25,373483,6297,354,41573.65,161939.66
CMP-10758,GM Financial,Google Ads,Tráfico,35-44,10/02/25,237350,11864,757,24089.34,85493.92
CMP-8183,Liverpool,Facebook Ads,Leads,18-24,02/08/25,58099,85,85,62062.68,199946.53
CMP-10645,GM Financial,Facebook Ads,Leads,18-24,20/05/25,254811,14390,261,13378.68,30889.5
CMP-7658,Banco Azteca,TikTok Ads,Leads,35-44,22/01/25,294252,5455,483,40334.17,126974.74
CMP-9506,GM Financial,LinkedIn Ads,Alcance,35-44,01/03/25,163392,3017,560,25596.49,200985.22
CMP-2875,OnStar,Google Ads,Leads,25-34,12/04/25,352475,2912,272,43434.18,41533.81
CMP-8368,Liverpool,YouTube Ads,Leads,25-34,28/04/25,23220,6787,374,17739.73,127892.07
CMP-5406,Aeroméxico,TikTok Ads,Reconocimiento,35-44,28/07/25,111818,390,390,69777.04,40044.01
CMP-6488,GM Financial,LinkedIn Ads,Conversión,18-24,08/07/25,316534,2117,145,70853.52,147373.79
CMP-4474,Cerveza Modelo,Facebook Ads,Reconocimiento,35-44,02/01/25,256183,7493,234,52143.96,113355.51
CMP-4444,GM Financial,LinkedIn Ads,Leads,45-54,24/06/25,295274,2693,516,52980.35,99520.32
CMP-10430,Telcel,Google Ads,alcance,18-24,05/05/25,3026,1945,224,66805.88,94835.47
CMP-4752,GM Financial,Instagram Ads,Conversión,25-34,17/05/25,389430,11220,511,33165.52,148648.14
CMP-5897,Bimbo,YouTube Ads,Tráfico,25-34,23/08/25,39718,10846,191,38421.24,155200.34
CMP-7372,OnStar,Google Ads,Conversión,35-44,22/06/25,250246,11922,419,34448.48,71012.63
CMP-9236,Liverpool,Facebook Ads,Alcance,35-44,26/07/25,417420,10525,277,31436.03,116595.64
CMP-4674,GM Financial,Facebook Ads,Tráfico,55+,21/01/25,221135,13129,587,63935.95,58819.07
CMP-2600,Telcel,GOOGLE ADS,alcance,18-24,25/05/25,228184,12737,676,28482.16,71211
CMP-1640, Bimbo  ,Instagram Ads,tráfico,18-24,23/02/25,405367,3146,174,1139.11,34620.52
CMP-1577, GM Financial  ,Instagram Ads,leads,55+,10/02/25,484239,11026,195,41338.18,46823.19
CMP-5127,GM Financial,Instagram Ads,Reconocimiento,55+,18/01/25,118837,3127,44,15281.48,98893.84
CMP-10730,Banco Azteca,Google Ads,tráfico,35-44,19/06/25,267934,7014,314,25917.28,140634.73
CMP-9615,Telcel,LinkedIn Ads,Conversión,55+,13/03/25,410944,14729,672,15388.58,187422.32
CMP-6196, Cerveza Modelo  ,LINKEDIN ADS,Alcance,25-34,19/01/25,258725,14335,631,43714.16,106459.09
CMP-8824,OnStar,TikTok Ads,Reconocimiento,25-34,05/05/25,403176,2777,149,10980.3,212472.32
CMP-5705,Aeroméxico,Google Ads,Tráfico,35-44,13/08/25,451611,13526,429,70579.34,91853.53
CMP-7911,Telcel,TikTok Ads,Conversión,35-44,10/05/25,46332,3259,88,63344.89,50277.57
CMP-3071,Liverpool,YouTube Ads,Conversión,25-34,04/10/25,309058,11993,260,34048.56,206445.91
CMP-10317,OnStar,LINKEDIN ADS,Conversión,55+,18/02/25,48373,6479,682,61871.41,
CMP-3168,GM Financial,FACEBOOK ADS,Leads,,15/09/25,466623,4951,558,26711.1,31589.61
CMP-10811,Aeroméxico,TIKTOK ADS,Conversión,35-44,09/08/25,409001,11612,433,50423.67,51075.69
CMP-2081,Liverpool,Facebook Ads,Conversión,18-24,09/01/25,178226,12680,590,72152.3,184799.41
CMP-8924,Liverpool,Instagram Ads,Leads,25-34,09/04/25,497174,2408,132,32512.77,122477.26
CMP-7174,Bimbo,Instagram Ads,Conversión,18-24,04/10/25,427509,4504,600,77394.16,196004.92
CMP-10024,OnStar,TikTok Ads,Conversión,45-54,14/09/25,344514,979,480,42224.24,156079.69
CMP-9704,OnStar,Google Ads,Alcance,35-44,21/08/25,453427,1194,296,,117229.82
CMP-9555,Banco Azteca,FACEBOOK ADS,Conversión,35-44,06/03/25,452053,9791,260,52819.44,123084.16
CMP-10831,GM Financial,TikTok Ads,tráfico,25-34,09/09/25,455901,12726,212,70883.92,30074.27
CMP-7444,Liverpool,YouTube Ads,Tráfico,25-34,14/08/25,333623,13828,,11412.54,219755.96
CMP-1295,Aeroméxico,Facebook Ads,reconocimiento,45-54,27/02/25,439021,10860,638,53259.19,47397.78
CMP-3187,Banco Azteca,Google Ads,Leads,45-54,18/04/25,140527,3317,249,7430.3,170198.55
CMP-4671,Banco Azteca,TikTok Ads,Conversión,25-34,07/02/25,149348,10551,647,12717.87,56605.35
CMP-3265,Cerveza Modelo,Google Ads,Conversión,55+,22/06/25,89164,4532,787,42349.23,209731.43
CMP-3361,Cerveza Modelo,Instagram Ads,Reconocimiento,18-24,28/03/25,312359,9966,497,83507.16,129868.35
CMP-7867,Bimbo,TikTok Ads,Reconocimiento,25-34,30/05/25,446665,5998,265,41143.74,108092.8
CMP-5386,Telcel,Facebook Ads,Conversión,55+,31/03/25,380054,4184,273,47489.96,76318.39
CMP-10323,Telcel,YOUTUBE ADS,Leads,,01/04/25,279359,10234,406,18408.19,109966.03
CMP-3322,Cerveza Modelo,Google Ads,Tráfico,25-34,01/06/25,278010,856,617,8497.09,112093.73
CMP-4185,Bimbo,YouTube Ads,Conversión,45-54,25/01/25,359177,5376,255,,151987.05
CMP-4448,OnStar,Google Ads,Conversión,45-54,06/03/25,265541,12080,6,64549.89,173931.31
CMP-3048,OnStar,YOUTUBE ADS,Tráfico,25-34,09/09/25,36694,8082,300,64426.99,32399.85
CMP-9727,Aeroméxico,Facebook Ads,Tráfico,18-24,24/05/25,203843,9464,116,898.09,13037.75
CMP-1634,Cerveza Modelo,LinkedIn Ads,Alcance,18-24,03/06/25,414648,366,366,930.68,131470.45
CMP-6600,Bimbo,Google Ads,Alcance,25-34,27/07/25,463242,5498,173,82896,90204.65
CMP-6773,Telcel,TikTok Ads,Conversión,25-34,03/10/25,33644,10438,484,48068.89,48261.94
CMP-8918,GM Financial,TikTok Ads,alcance,25-34,19/04/25,480388,9724,163,68052.99,69325.83
CMP-2208,Cerveza Modelo,Instagram Ads,Alcance,55+,14/01/25,307149,14946,659,57441.36,65093.44
CMP-2220,OnStar,Instagram Ads,Tráfico,35-44,04/01/25,424911,13251,304,30510.35,76530.03
CMP-3742,Bimbo,Google Ads,Leads,18-24,21/10/25,413722,9486,292,23193.53,56622
CMP-5987,Telcel,TikTok Ads,conversión,18-24,30/01/25,484868,4218,487,7930.02,118835.38
CMP-5117,Banco Azteca,Facebook Ads,Reconocimiento,45-54,04/09/25,457986,12380,200,2081.03,100852.17
CMP-3784,Bimbo,Google Ads,Conversión,25-34,08/03/25,328829,3369,185,54071.02,158490.39
CMP-10085,GM Financial,Instagram Ads,Reconocimiento,18-24,22/01/25,382291,14658,502,73972.81,200043.76
CMP-2868,Aeroméxico,LINKEDIN ADS,Reconocimiento,35-44,27/10/25,491222,2602,736,23966.05,189178.01
CMP-6761,Liverpool,Facebook Ads,Alcance,35-44,24/08/25,300654,1325,468,26881.42,159715.03
CMP-3658,Banco Azteca,YouTube Ads,Tráfico,25-34,18/02/25,174305,8676,,41158.2,35456.02
CMP-3389, GM Financial  ,Facebook Ads,Conversión,45-54,08/04/25,357115,3675,676,8736.5,13837.63
CMP-7061,Cerveza Modelo,YouTube Ads,alcance,25-34,19/06/25,480576,13778,795,63092.27,97045.63
CMP-2597,Cerveza Modelo,YouTube Ads,Leads,35-44,25/03/25,214270,11621,589,83044.43,96183.15
CMP-3795,Cerveza Modelo,TIKTOK ADS,Conversión,55+,30/01/25,33102,10458,195,,69970.59
CMP-8877,OnStar,FACEBOOK ADS,Reconocimiento,45-54,02/09/25,132494,1824,179,58296.91,84770.03
CMP-2942,OnStar,Facebook Ads,Alcance,25-34,14/01/25,160440,1269,158,19151.78,186361.4
CMP-10624,Aeroméxico,YouTube Ads,Reconocimiento,55+,03/07/25,351660,4430,698,84672.41,217721.09
CMP-7877,Telcel,YouTube Ads,Leads,35-44,30/03/25,206612,9891,746,,56116.72
CMP-4195,Telcel,INSTAGRAM ADS,Alcance,55+,26/02/25,202037,3274,92,74016.13,83137.2
CMP-7030,Bimbo,Instagram Ads,Reconocimiento,55+,25/02/25,86800,9594,789,23539.5,1249.39
CMP-1444,GM Financial,LINKEDIN ADS,Reconocimiento,25-34,11/07/25,80343,2987,394,70993.3,10708.61
CMP-3022,Cerveza Modelo,LinkedIn Ads,Leads,35-44,03/03/25,471707,14896,725,22739.71,200500.24
CMP-4865,Cerveza Modelo,LinkedIn Ads,Tráfico,45-54,19/06/25,123293,4412,669,16796.89,89726.04
CMP-7519,Bimbo,Google Ads,Conversión,18-24,31/03/25,15906,11685,674,71221.32,144995.12
CMP-10454,Liverpool,,Alcance,25-34,09/08/25,50999,4379,240,65296.96,38093
CMP-6481,Liverpool,YouTube Ads,Conversión,45-54,13/01/25,275878,6100,458,76487.89,129089.62
CMP-4126,OnStar,GOOGLE ADS,Tráfico,,14/04/25,348637,2120,322,40140.66,176371.04
CMP-3804,Aeroméxico,LinkedIn Ads,Leads,25-34,15/07/25,4027,4027,330,29402.16,119005.02
CMP-10077,Aeroméxico,YouTube Ads,Conversión,55+,26/02/25,447978,11820,155,58963.75,206852.7
CMP-10957,Cerveza Modelo,LinkedIn Ads,Tráfico,25-34,03/03/25,251676,1765,406,41608.32,13946.01
CMP-8327,Liverpool,LinkedIn Ads,Conversión,25-34,19/05/25,41142,12074,17,32323.29,40847.3
CMP-1007,OnStar,YOUTUBE ADS,Alcance,45-54,02/05/25,120241,12702,228,14855.4,27031.57
CMP-8848,Telcel,,Tráfico,35-44,28/01/25,338563,12479,310,53257,90761.19
CMP-4863,GM Financial,Google Ads,Leads,25-34,02/09/25,218654,9156,240,54614.33,94410.95
CMP-8389,Aeroméxico,,Tráfico,25-34,11/07/25,396874,6739,211,21087.55,81339.61
CMP-9918,Telcel,YouTube Ads,Tráfico,45-54,23/01/25,19392,376,191,64322.7,151944.45
CMP-5580,GM Financial,Facebook Ads,Alcance,18-24,10/10/25,489527,7171,646,48633.99,160239.99
CMP-6816,Bimbo,GOOGLE ADS,Leads,55+,03/06/25,36725,4421,146,64994.76,119098.42
CMP-6198,Aeroméxico,Google Ads,Tráfico,45-54,29/08/25,499481,6997,697,15026.5,150229.02
CMP-4291, Telcel  ,YouTube Ads,Tráfico,45-54,05/09/25,195431,1973,617,34420.38,173771.27
CMP-10353, GM Financial  ,Instagram Ads,tráfico,35-44,29/03/25,53513,4566,15,49275.63,135990.56
CMP-1291,OnStar,Facebook Ads,Tráfico,45-54,18/01/25,26676,8242,343,10068.63,7953.01
CMP-4322,GM Financial,Facebook Ads,Tráfico,45-54,15/04/25,238021,6107,347,37253.96,24002.72
CMP-8040,OnStar,Google Ads,Tráfico,25-34,04/10/25,247270,14763,107,84751.87,41965.58
CMP-3305,Liverpool,GOOGLE ADS,Tráfico,25-34,18/09/25,178681,4959,47,53761.64,77022.67
CMP-6259,GM Financial,Google Ads,Leads,45-54,13/09/25,368075,6750,214,25351.51,181728.32
CMP-6265,Liverpool,INSTAGRAM ADS,Conversión,25-34,13/06/25,120029,6693,77,33128.51,206863.98
CMP-1130, Cerveza Modelo  ,GOOGLE ADS,Leads,45-54,19/06/25,468225,11953,616,83864.53,163766.54
CMP-9589,OnStar,YouTube Ads,Alcance,35-44,15/08/25,66092,12546,139,19544.3,28836.9
CMP-3135,Cerveza Modelo,,Reconocimiento,55+,02/06/25,110586,1725,239,1247.32,106814.95
CMP-10262, Bimbo  ,LinkedIn Ads,Conversión,25-34,22/05/25,372232,12462,676,34971.46,15132.02
CMP-10182,OnStar,TikTok Ads,Tráfico,55+,13/07/25,279690,11583,580,30680.82,108943.3
CMP-7470,Bimbo,TikTok Ads,Leads,35-44,21/04/25,377234,9731,257,45603.09,180776.73
CMP-3145,Telcel,YouTube Ads,Tráfico,25-34,01/02/25,80712,13839,171,34965.29,183379.48
CMP-6262,OnStar,GOOGLE ADS,Conversión,45-54,24/09/25,172434,10989,339,67767.67,29974.96
CMP-5686, OnStar  ,Google Ads,Tráfico,55+,19/01/25,124342,5633,614,38589.34,151013.55
CMP-8336,Telcel,Facebook Ads,Tráfico,35-44,07/08/25,359559,283,187,8944.61,156724.84
CMP-2098,OnStar,Facebook Ads,Reconocimiento,25-34,08/05/25,269432,9013,776,20032.14,85009.57
CMP-1025,OnStar,TikTok Ads,Alcance,55+,07/07/25,401581,11427,70,3300.01,55649.69
CMP-5811, Cerveza Modelo  ,Instagram Ads,Alcance,35-44,06/08/25,218816,7461,414,31722.1,83831.82
CMP-7344,GM Financial,LINKEDIN ADS,Conversión,35-44,04/06/25,491547,14952,27,26413.7,18956.74
CMP-9805,Aeroméxico,LinkedIn Ads,Conversión,55+,16/06/25,131041,8738,371,61784.29,93071.42
CMP-10357,OnStar,Google Ads,Tráfico,35-44,17/09/25,214241,13593,366,25158.96,25384.88
CMP-8875,OnStar,LinkedIn Ads,Tráfico,18-24,14/01/25,332233,5439,2,29661.81,145569.58
CMP-8482,Telcel,Facebook Ads,Reconocimiento,55+,03/07/25,322188,6784,591,81505.05,8339.03
CMP-2718,Telcel,GOOGLE ADS,Leads,25-34,18/07/25,418425,7317,273,1618.2,81936.19
CMP-2054, Aeroméxico  ,Instagram Ads,Alcance,35-44,23/03/25,372396,1132,256,28945.85,128833.76
CMP-4772,Telcel,YouTube Ads,Tráfico,35-44,07/01/25,306079,4796,518,48323.23,188625.37
CMP-2273,Liverpool,GOOGLE ADS,Conversión,25-34,14/08/25,143214,9087,13,56365.18,3117.99
CMP-6517,Banco Azteca,TikTok Ads,Reconocimiento,55+,24/01/25,455353,13528,541,14541.25,207432.08
CMP-9776,Aeroméxico,,Alcance,18-24,22/06/25,17125,3180,467,69993.85,74756.58
CMP-2172,Telcel,LINKEDIN ADS,conversión,18-24,13/02/25,78474,9427,746,72766.25,50294.79
CMP-4116,GM Financial,Facebook Ads,Alcance,55+,24/01/25,211168,6889,150,73882.1,190541.22
CMP-10607,Aeroméxico,Google Ads,Alcance,35-44,29/06/25,29605,10977,277,62339.57,181306.39
CMP-7766,Telcel,Instagram Ads,Conversión,55+,31/01/25,139325,11026,575,49287.65,33644.29
CMP-10045,GM Financial,YouTube Ads,Tráfico,18-24,27/09/25,325826,8946,743,84005.42,51479.93
CMP-6097, Cerveza Modelo  ,LinkedIn Ads,Tráfico,25-34,07/10/25,72536,2821,530,25689.09,90383
CMP-4522,Bimbo,Google Ads,Alcance,25-34,06/01/25,124164,14107,469,49100.28,16160.72
CMP-3732,GM Financial,Google Ads,Tráfico,45-54,15/09/25,244741,2763,17,35253.54,175160.03
CMP-10713,Aeroméxico,Google Ads,Conversión,35-44,21/05/25,136243,13253,523,82333.4,23487.9
CMP-2588,Bimbo,TikTok Ads,Tráfico,35-44,28/03/25,457557,4854,513,59964.92,164818.67
CMP-7562,OnStar,Google Ads,Conversión,18-24,15/05/25,340632,5744,20,7018.18,11194.81
CMP-3921,Liverpool,Google Ads,alcance,25-34,08/03/25,411112,3391,691,41362.96,139445.78
CMP-6996,GM Financial,Facebook Ads,Tráfico,55+,31/05/25,493813,4264,715,5354.11,56391.41
CMP-9917,Bimbo,TikTok Ads,Conversión,18-24,22/05/25,45741,13804,679,19018.49,150923.84
CMP-8532,Telcel,INSTAGRAM ADS,Tráfico,18-24,25/05/25,332248,10393,461,47118.14,10823.12
CMP-10200,Banco Azteca,Instagram Ads,Tráfico,25-34,21/09/25,438445,3743,332,73316.14,119707.98
CMP-5483,Liverpool,Google Ads,Reconocimiento,18-24,12/03/25,401888,8100,647,30797.76,124720.62
CMP-4393,OnStar,YOUTUBE ADS,Tráfico,35-44,08/02/25,373553,12863,659,6068,162704.81
CMP-9305,Bimbo,LinkedIn Ads,Tráfico,55+,25/02/25,222675,2116,12,74988.74,72317.3
CMP-5975,OnStar,Google Ads,tráfico,35-44,28/03/25,395556,931,671,31538.97,52465.69
CMP-10166,OnStar,Google Ads,Reconocimiento,55+,12/06/25,411766,4524,609,12080.33,135799.08
CMP-7728,OnStar,YouTube Ads,Tráfico,35-44,15/07/25,45884,9341,505,41445.86,216121.54
CMP-6440,Cerveza Modelo,Instagram Ads,Alcance,45-54,26/03/25,93203,13052,118,77535.61,98265.95
CMP-7840,Aeroméxico,Instagram Ads,Tráfico,25-34,10/06/25,143978,585,585,40201.71,398.73
CMP-3636,OnStar,LinkedIn Ads,Reconocimiento,18-24,14/09/25,24816,6388,365,54801.45,219652.66
CMP-2352,GM Financial,Google Ads,Tráfico,25-34,06/09/25,25808,14376,235,37983.5,20453.54
CMP-2444,Aeroméxico,Facebook Ads,Alcance,25-34,08/01/25,44024,7531,188,45852.69,181002.79
CMP-5185,Bimbo,LinkedIn Ads,Conversión,25-34,12/09/25,277060,620,140,8609.39,163037.24
CMP-4079, OnStar  ,YouTube Ads,Conversión,18-24,11/06/25,150518,4626,162,34084.09,156168.64
CMP-1996,GM Financial,Instagram Ads,Conversión,45-54,30/07/25,301767,12634,122,8403.37,23937.36
CMP-10945,OnStar,Google Ads,Leads,18-24,27/06/25,382576,13867,191,39250.63,108266.7
CMP-1855,Bimbo,YouTube Ads,Leads,18-24,01/08/25,213124,14372,330,,39108.58
CMP-7797,GM Financial,YouTube Ads,Conversión,45-54,13/02/25,422513,7643,556,68261.36,114258.72
CMP-10529,GM Financial,Facebook Ads,Reconocimiento,35-44,24/06/25,170956,7937,,8755.9,127797.46
CMP-9677,OnStar,,reconocimiento,45-54,20/02/25,454909,4263,491,2132.05,63848.21
CMP-4470, Banco Azteca  ,TikTok Ads,Leads,25-34,30/03/25,181085,2283,81,43975.5,144458.78
CMP-1646,GM Financial,Google Ads,Reconocimiento,35-44,26/07/25,179406,6035,419,28262.65,177508.07
CMP-3823,GM Financial,TikTok Ads,conversión,45-54,27/10/25,497172,1623,76,30376.72,169167.84
CMP-10105,Liverpool,Facebook Ads,Tráfico,55+,23/06/25,396086,12902,343,8075.28,216622.52
CMP-10260,Liverpool,Google Ads,Alcance,25-34,21/04/25,486674,6053,95,45087.81,78358.98
CMP-5032,Aeroméxico,LinkedIn Ads,Tráfico,55+,08/01/25,288367,8806,585,61280.96,43325.47
CMP-9319,Banco Azteca,LinkedIn Ads,Alcance,55+,03/03/25,259721,11774,188,81293.28,114244.5
CMP-4588,Cerveza Modelo,LINKEDIN ADS,Tráfico,25-34,10/10/25,439097,13067,16,26781.85,42547.33
CMP-3700,Telcel,YouTube Ads,Alcance,35-44,24/06/25,399413,5068,74,56602.68,121649.65
CMP-9150,Banco Azteca,YOUTUBE ADS,tráfico,35-44,26/04/25,373977,11821,468,14762.56,157084.7
CMP-9514, Banco Azteca  ,Google Ads,Reconocimiento,45-54,24/10/25,282461,1376,233,80508.72,129455.19
CMP-6459,GM Financial,Instagram Ads,Conversión,25-34,07/04/25,327367,2374,384,,183107.22
CMP-4179,Telcel,Google Ads,Leads,25-34,21/08/25,266802,9542,565,21104.65,170170.69
CMP-5905, GM Financial  ,Facebook Ads,Leads,25-34,30/09/25,226700,360,360,57192.01,136860.98
CMP-7021, Bimbo  ,Facebook Ads,Conversión,25-34,13/04/25,303546,1179,475,28668.15,122944.92
CMP-8691,GM Financial,FACEBOOK ADS,Conversión,25-34,22/01/25,113462,3020,239,42784.01,20658.37
CMP-8804,Bimbo,TikTok Ads,Leads,35-44,22/02/25,297964,9939,11,1053.73,217574.18
CMP-1641,Bimbo,TikTok Ads,alcance,55+,24/08/25,271929,5643,274,,4571.9
CMP-5697,Bimbo,Instagram Ads,Tráfico,45-54,25/03/25,216921,11721,492,5056.77,109909.08
CMP-9732,Bimbo,INSTAGRAM ADS,Tráfico,18-24,08/06/25,174749,12412,73,,21240.97
CMP-4887,Liverpool,YouTube Ads,Reconocimiento,55+,12/08/25,427161,8541,697,45360.66,47617.1
CMP-4203,Cerveza Modelo,Google Ads,Conversión,35-44,25/03/25,421571,11950,73,6993.29,80858.25
CMP-4917,OnStar,LinkedIn Ads,Leads,45-54,27/06/25,377336,1058,60,12836.46,120626.3
CMP-4965,Banco Azteca,YouTube Ads,Leads,55+,15/03/25,429761,1794,180,43809.73,71950.65
CMP-3813,Banco Azteca,Facebook Ads,Alcance,25-34,05/10/25,278572,9881,382,8359.69,18268.33
CMP-5954,Banco Azteca,GOOGLE ADS,Reconocimiento,18-24,31/01/25,23355,6873,740,57840.95,
CMP-3568, Banco Azteca  ,LinkedIn Ads,Conversión,18-24,11/10/25,237290,13601,788,27237.28,74646.91
CMP-9353,GM Financial,Google Ads,Conversión,55+,14/03/25,376053,14223,709,82234.37,45102.1
CMP-1169,Banco Azteca,Facebook Ads,Tráfico,55+,02/01/25,195568,7252,681,67708.25,164405.67
CMP-10401,Bimbo,Instagram Ads,Conversión,35-44,25/01/25,488648,3532,470,32562.2,74058.73
CMP-7305,Cerveza Modelo,YouTube Ads,Reconocimiento,18-24,14/02/25,19203,13517,48,47632.4,85212.45
CMP-6584,OnStar,TikTok Ads,Tráfico,55+,27/01/25,200637,8826,82,74089.29,
CMP-10881,Bimbo,LinkedIn Ads,Tráfico,35-44,26/07/25,130063,12124,774,38852.9,189972.76
CMP-5318,Banco Azteca,LinkedIn Ads,Alcance,18-24,09/10/25,183594,7872,107,71715.6,
CMP-6950,GM Financial,Facebook Ads,leads,35-44,26/02/25,469037,2253,403,,20147.67
CMP-4087,Telcel,Facebook Ads,Alcance,18-24,29/05/25,424617,4102,256,50103.37,117369.74
CMP-10782,Aeroméxico,YouTube Ads,Conversión,25-34,10/10/25,118177,3584,160,59480.27,169407.37
CMP-5535,OnStar,Google Ads,Leads,45-54,24/03/25,105258,2756,582,69792.67,189255.89
CMP-9958,Banco Azteca,Instagram Ads,Conversión,35-44,19/09/25,303787,4043,420,70865.26,116092.73
CMP-1529,Telcel,YouTube Ads,Leads,18-24,22/06/25,370627,4960,154,,103338.45
CMP-1764,Bimbo,Facebook Ads,Leads,25-34,26/05/25,182419,8135,278,52909.05,93946.59
CMP-1347,GM Financial,Google Ads,Tráfico,45-54,16/04/25,463470,13497,578,15642.79,75986.94
CMP-9929,Bimbo,GOOGLE ADS,Leads,35-44,17/08/25,483964,1423,120,8159.21,158282.62
CMP-3598,Telcel,YOUTUBE ADS,Alcance,55+,02/07/25,415302,6246,305,4554.32,34006.71
CMP-6144,Liverpool,YouTube Ads,Leads,55+,22/06/25,395162,454,297,25563.98,38457.44
CMP-9116,Liverpool,Google Ads,Leads,25-34,12/09/25,142086,6212,540,21923.06,62362.39
CMP-6153,Bimbo,Google Ads,tráfico,45-54,14/05/25,491882,2962,708,61978.42,167751.46
CMP-9920,Bimbo,,Conversión,45-54,30/08/25,423800,9199,540,46009.85,66100.16
CMP-7283,Aeroméxico,Facebook Ads,Leads,25-34,29/03/25,311793,13497,291,77593.89,121270.44
CMP-1881,Banco Azteca,GOOGLE ADS,Tráfico,55+,17/07/25,22843,10028,308,57999.11,89733.47
CMP-7513,Bimbo,Facebook Ads,Alcance,55+,13/01/25,177618,7580,544,67333.18,161516.15
CMP-9294,Liverpool,TikTok Ads,Alcance,55+,10/09/25,46987,2959,483,82749.66,66234.56
CMP-6258,Liverpool,Facebook Ads,Reconocimiento,45-54,10/07/25,393331,189,189,60964.76,193195.02
CMP-4585,OnStar,FACEBOOK ADS,Alcance,55+,25/06/25,68587,8303,255,7145.75,61405.53
CMP-6005,Bimbo,Instagram Ads,Alcance,25-34,01/10/25,220772,9973,287,63466.18,107467.69
CMP-1091,Telcel,TIKTOK ADS,Tráfico,35-44,17/02/25,437762,5311,726,65309.88,171130.54
CMP-7694,Cerveza Modelo,TikTok Ads,Alcance,25-34,12/01/25,290576,5577,278,59391.26,116069.85
CMP-8484,Telcel,LinkedIn Ads,Reconocimiento,35-44,02/04/25,430546,12717,786,43728.82,67806.22
CMP-7191,Aeroméxico,LinkedIn Ads,Conversión,55+,19/04/25,375580,11221,772,72924.4,193054.62
CMP-6661,Bimbo,Instagram Ads,Leads,35-44,11/04/25,329192,1649,669,9883.25,126921.95
CMP-5114,Banco Azteca,Instagram Ads,alcance,35-44,22/04/25,294557,11358,529,63026.66,169681.74
CMP-1064,Cerveza Modelo,Instagram Ads,Reconocimiento,55+,27/07/25,384292,11921,70,83890.58,71565.71
CMP-2389,Bimbo,LinkedIn Ads,Conversión,55+,30/04/25,348050,3161,1,68537.82,179790.17
CMP-7210,OnStar,TikTok Ads,Reconocimiento,35-44,17/01/25,466199,11694,446,71642.1,23244.22
CMP-6904,Cerveza Modelo,Facebook Ads,Alcance,45-54,25/01/25,348320,10526,387,84790.95,189958.91
CMP-3316,Aeroméxico,LinkedIn Ads,Alcance,45-54,01/07/25,305975,7333,27,12568.2,110748.79
CMP-3299,Liverpool,Google Ads,Leads,25-34,02/09/25,37468,9730,676,41582.62,36616.44
CMP-6556,Telcel,Google Ads,Leads,45-54,30/09/25,114861,5339,376,66725.77,147315.08
CMP-2233,Banco Azteca,INSTAGRAM ADS,Alcance,25-34,06/04/25,298153,8812,229,84396.28,128622.93
CMP-7286, OnStar  ,LinkedIn Ads,Reconocimiento,55+,15/05/25,66157,8028,253,25307.71,60534.06
CMP-7990,GM Financial,INSTAGRAM ADS,leads,35-44,01/01/25,455288,12951,678,71144.96,13138.66
CMP-4382,Telcel,LINKEDIN ADS,Alcance,18-24,07/02/25,54297,12537,288,32698.24,71710.55
CMP-5660,GM Financial,TIKTOK ADS,Leads,55+,05/04/25,493770,14254,576,60869.64,113175.06
CMP-7401,GM Financial,TikTok Ads,leads,55+,02/08/25,369155,13173,36,,
CMP-9569,Banco Azteca,LinkedIn Ads,Reconocimiento,25-34,05/07/25,167452,3435,371,78314.7,124831.06
CMP-4016,Liverpool,TikTok Ads,Conversión,35-44,06/04/25,445109,5766,209,40226.76,121461.01
CMP-2304, Aeroméxico  ,YouTube Ads,Tráfico,45-54,29/01/25,127893,389,9,84140.92,112671.04
CMP-1060,Aeroméxico,TikTok Ads,Alcance,25-34,09/09/25,376640,8768,436,33315.82,
CMP-4549,Liverpool,TikTok Ads,Tráfico,25-34,25/03/25,430157,13764,300,75601.98,90427.9
CMP-6232,GM Financial,TikTok Ads,Reconocimiento,45-54,17/06/25,64043,12843,751,55168.23,10907.84
CMP-5071,OnStar,LinkedIn Ads,Reconocimiento,45-54,17/10/25,379530,3743,208,64676.3,147104.55
CMP-6964,GM Financial,Instagram Ads,Reconocimiento,18-24,05/06/25,83627,5126,26,3492.33,102939.98
CMP-1448,GM Financial,LinkedIn Ads,alcance,35-44,05/02/25,29320,7832,545,63841.94,102249.74
CMP-9249,Bimbo,Google Ads,Leads,55+,03/04/25,148051,11865,132,18423.29,135846
CMP-4625,Bimbo,TIKTOK ADS,Alcance,25-34,18/03/25,174376,12082,277,36274.72,79280.02
CMP-8286,OnStar,TikTok Ads,leads,55+,09/08/25,170896,8650,716,23749.99,180217.69
CMP-5812,Liverpool,Facebook Ads,Alcance,18-24,16/01/25,335767,4192,298,53798.16,143324.12
CMP-5132,Bimbo,Facebook Ads,Conversión,35-44,01/02/25,248437,9056,230,73086.72,102310.78
CMP-5432, Liverpool  ,GOOGLE ADS,tráfico,35-44,01/03/25,496387,2960,351,65264.53,218411.1
CMP-7751,Aeroméxico,TIKTOK ADS,Alcance,18-24,13/10/25,7121,2341,359,73837.63,10625.65
CMP-9828,Liverpool,LinkedIn Ads,Alcance,18-24,08/05/25,170523,11358,415,40066.62,61088.51
CMP-4252,Telcel,TikTok Ads,Alcance,18-24,05/05/25,144640,4788,114,50450.38,36521.31
CMP-3943,Telcel,LinkedIn Ads,Tráfico,18-24,17/10/25,185328,11001,485,21333.77,108742.68
CMP-9848,Liverpool,TikTok Ads,Tráfico,35-44,09/07/25,48471,5196,576,45748.97,132390.97
CMP-6469,Aeroméxico,LinkedIn Ads,Alcance,45-54,01/02/25,157433,10969,602,58984.9,152184.74
CMP-1717,Aeroméxico,LinkedIn Ads,Reconocimiento,35-44,02/03/25,189311,13073,20,33594.09,194500.98
CMP-3997,Liverpool,Instagram Ads,Reconocimiento,35-44,22/01/25,488045,10416,81,67801.17,11531.65
CMP-5911,Bimbo,Facebook Ads,Conversión,45-54,20/04/25,419609,12340,156,60336.33,40415.62
CMP-9713,GM Financial,YouTube Ads,Alcance,55+,02/05/25,56835,41,41,21141.96,162290.19
CMP-9496, Telcel  ,YouTube Ads,Reconocimiento,55+,14/10/25,84110,608,608,9096.12,149153.59
CMP-9338,GM Financial,LinkedIn Ads,Reconocimiento,25-34,28/09/25,250558,2238,749,62575.13,61614.92
CMP-2332,Liverpool,LINKEDIN ADS,Alcance,35-44,16/10/25,136518,6657,219,65903.78,165313.47
CMP-8465,GM Financial,,Leads,25-34,06/04/25,125806,9228,301,16769.15,56216.86
CMP-5762,Telcel,Google Ads,conversión,35-44,06/07/25,421003,2020,99,41688.83,16176.87
CMP-2131,Telcel,Google Ads,Reconocimiento,45-54,13/06/25,351945,1938,271,72036.01,36727.04
CMP-9201,Bimbo,LinkedIn Ads,Leads,25-34,31/08/25,54401,6110,453,59251.1,7358.79
CMP-3055,Banco Azteca,Instagram Ads,Leads,55+,21/01/25,89562,12710,620,21147.82,40783.78
CMP-6868,GM Financial,TIKTOK ADS,Reconocimiento,55+,24/08/25,437804,4728,199,83417.91,196040.57
CMP-5434,Liverpool,YouTube Ads,Tráfico,18-24,16/07/25,144034,2958,349,61527.73,95750.13
CMP-7546,GM Financial,TikTok Ads,Leads,25-34,03/04/25,210927,3532,208,75026.49,72712.91
CMP-8205,GM Financial,Google Ads,Reconocimiento,45-54,24/01/25,54525,10446,27,27554.93,53367.94
CMP-10577,GM Financial,TikTok Ads,Leads,35-44,01/01/25,296234,11008,403,20319.31,27653.68
CMP-5976,Banco Azteca,Google Ads,Reconocimiento,18-24,31/03/25,117098,5827,304,68566.77,131296.66
CMP-4231,Liverpool,Instagram Ads,Alcance,35-44,19/02/25,21454,7835,389,38400.9,31989.45
CMP-3199,Bimbo,TikTok Ads,tráfico,18-24,14/04/25,112570,9457,265,42595.79,9742.59
CMP-9966,Banco Azteca,Instagram Ads,tráfico,55+,15/10/25,77498,2614,384,6827.09,107804.33
CMP-3201,Cerveza Modelo,TikTok Ads,Conversión,55+,10/01/25,268717,5903,182,64388.48,124519.86
CMP-2254, Liverpool  ,YouTube Ads,Alcance,18-24,20/05/25,213610,7444,715,37805.18,185602.24
CMP-3107,Aeroméxico,Instagram Ads,Leads,35-44,11/08/25,271429,8334,441,34575.82,167675.07
CMP-6270,Aeroméxico,FACEBOOK ADS,Reconocimiento,55+,14/03/25,267418,318,318,31946.65,3800.2
CMP-1486,Telcel,YouTube Ads,conversión,55+,30/06/25,184082,14458,740,32318.62,
CMP-2384,Telcel,Google Ads,alcance,55+,11/07/25,146285,2510,777,56121.36,99445.11
CMP-10099,Cerveza Modelo,YouTube Ads,Reconocimiento,,17/07/25,425457,13891,133,2384.48,157060.82
CMP-6717,OnStar,Instagram Ads,Reconocimiento,35-44,03/07/25,434890,5779,149,63598.94,150408.85
CMP-8667,OnStar,LinkedIn Ads,Reconocimiento,25-34,25/04/25,112825,2566,369,44550.63,173783.77
CMP-6613,Cerveza Modelo,YouTube Ads,Conversión,45-54,14/10/25,116658,833,398,84950.91,25675.26
CMP-9985,Aeroméxico,Instagram Ads,Conversión,35-44,23/10/25,111719,8560,508,69055.68,36424.02
CMP-6297,Telcel,Instagram Ads,Leads,45-54,14/07/25,253041,6742,130,38078.19,184237.9
CMP-1494,Telcel,Google Ads,Conversión,18-24,09/08/25,217156,14668,346,52085.22,122305.48
CMP-1396,Banco Azteca,YouTube Ads,Alcance,55+,07/09/25,90834,1274,7,8262.37,154737.01
CMP-2764,Liverpool,TIKTOK ADS,Leads,35-44,26/05/25,159946,921,82,33161.66,126706.15
CMP-10165,Aeroméxico,TIKTOK ADS,Reconocimiento,45-54,13/01/25,226919,425,337,44373.63,33717.25
CMP-2509,OnStar,Google Ads,tráfico,18-24,09/01/25,256063,3481,668,63173.42,52554.71
CMP-9766,Bimbo,Facebook Ads,Reconocimiento,25-34,02/05/25,204262,1514,398,71173.71,140668.04
CMP-5814,Telcel,TikTok Ads,Tráfico,25-34,20/01/25,377673,10991,498,23005.21,97945.9
CMP-6113,Banco Azteca,YouTube Ads,Leads,18-24,26/01/25,446565,8138,710,42363.98,14954.42
CMP-10224,Liverpool,Facebook Ads,Reconocimiento,,12/06/25,264756,10166,633,54117,115151.27
CMP-6224,Bimbo,LinkedIn Ads,Reconocimiento,45-54,30/01/25,91626,8603,488,19482.79,136234.14
CMP-10685,Bimbo,TikTok Ads,Tráfico,35-44,29/03/25,307927,3829,658,58420.64,63332.12
CMP-1167,Telcel,Instagram Ads,Conversión,25-34,06/07/25,392671,13016,63,53732.72,40616.88
CMP-10692,GM Financial,LinkedIn Ads,Tráfico,45-54,23/02/25,200586,2366,360,40102.33,119035.79
CMP-1928,Bimbo,Facebook Ads,Conversión,35-44,19/07/25,345813,8480,661,69199.41,146213.82
CMP-8011,Cerveza Modelo,Google Ads,Alcance,35-44,30/03/25,173881,7830,456,36722.85,
CMP-10503,Aeroméxico,Google Ads,Reconocimiento,25-34,02/03/25,457068,9092,400,78244.58,41799.36
CMP-1970,GM Financial,Facebook Ads,Alcance,45-54,08/09/25,6881,5896,789,2573.97,141481.59
CMP-3878,GM Financial,Google Ads,alcance,35-44,30/08/25,152318,14570,463,65113.34,170248.93
CMP-10477,Bimbo,TikTok Ads,Tráfico,25-34,14/03/25,243273,4082,232,13394.13,7174.71
CMP-10859,Cerveza Modelo,GOOGLE ADS,Reconocimiento,25-34,16/08/25,99784,12567,554,5524.95,43710.45
CMP-8944,Banco Azteca,YouTube Ads,Leads,55+,12/02/25,387682,5791,158,,106266.06
CMP-3942, Liverpool  ,GOOGLE ADS,Tráfico,55+,22/09/25,33721,8599,313,3639.44,202420.13
CMP-1163,GM Financial,LinkedIn Ads,Alcance,55+,23/04/25,357458,8331,108,55269.43,4856.53
CMP-8964,Bimbo,YouTube Ads,Leads,55+,27/04/25,200763,11768,486,9476.9,166550.79
CMP-6688,GM Financial,TikTok Ads,Reconocimiento,35-44,17/01/25,144596,465,422,11312.8,98010.42
CMP-5231, Bimbo  ,Instagram Ads,Conversión,18-24,29/06/25,202213,4314,483,32824.15,97115.95
CMP-1155,Telcel,Google Ads,Tráfico,35-44,09/06/25,204648,3082,797,81216.44,23990.3
CMP-6393,Bimbo,YouTube Ads,Conversión,18-24,24/01/25,476366,4471,538,81808.01,62962.5
CMP-8664,GM Financial,Instagram Ads,Alcance,45-54,18/03/25,333367,1817,185,38679.67,213356.95
CMP-5450,Cerveza Modelo,LinkedIn Ads,Conversión,,04/03/25,78472,10393,775,82224.13,18327.38
CMP-6536,Bimbo,TikTok Ads,Reconocimiento,55+,20/04/25,313453,13230,622,81878.36,41194.61
CMP-8453,Banco Azteca,Facebook Ads,Conversión,18-24,27/07/25,218448,11575,316,75191.22,115785.12
CMP-3105, Aeroméxico  ,Instagram Ads,alcance,35-44,21/04/25,195422,5454,49,3670.04,122352.97
CMP-1010,Telcel,TikTok Ads,Reconocimiento,18-24,10/04/25,138241,6163,175,82008.88,159796.68
CMP-2063,Telcel,TIKTOK ADS,Conversión,45-54,20/10/25,368374,3950,116,41813.76,91344.28
CMP-10890,Banco Azteca,Google Ads,Leads,18-24,07/04/25,451621,10886,199,18311.53,12293.04
CMP-6618,Telcel,Facebook Ads,Conversión,55+,02/03/25,263946,5779,227,24915.49,46507.15
CMP-9877,GM Financial,YouTube Ads,Tráfico,18-24,27/06/25,104765,12475,122,61006.8,127788.93
CMP-1168, Aeroméxico  ,YouTube Ads,Alcance,55+,23/04/25,184241,11548,742,26332.95,70676.19
CMP-7641, GM Financial  ,LinkedIn Ads,Leads,18-24,05/02/25,187333,6008,383,74953.11,182271.02
CMP-2672,Liverpool,Google Ads,leads,45-54,27/03/25,82308,765,509,79093.56,155128.17
CMP-5939,OnStar,Facebook Ads,Alcance,18-24,18/10/25,310442,10283,189,81455.29,196265.01
CMP-8776,OnStar,LinkedIn Ads,Reconocimiento,45-54,26/10/25,356541,8144,570,48099.71,138264.39
CMP-5502,GM Financial,Facebook Ads,alcance,45-54,16/04/25,105922,10326,14,13067.98,
CMP-6350,Cerveza Modelo,LinkedIn Ads,leads,35-44,03/07/25,134081,14825,436,20953.53,216381.84
CMP-8189,Bimbo,TikTok Ads,Leads,45-54,15/09/25,205439,2947,622,35716.36,105096.45
CMP-5063,Liverpool,Facebook Ads,Alcance,45-54,25/09/25,433588,1062,581,55160.78,209714.36
CMP-6384,OnStar,Google Ads,Leads,55+,12/08/25,4240,1516,143,78431.8,146362.14
CMP-9355,Cerveza Modelo,Instagram Ads,Alcance,45-54,29/07/25,255943,12307,492,28536.05,141374.91
CMP-6320,Telcel,YouTube Ads,Tráfico,25-34,08/08/25,289653,10474,335,36293.74,184906.88
CMP-8137,Cerveza Modelo,LinkedIn Ads,Conversión,55+,25/03/25,203317,10877,338,50157.82,81735.87
CMP-4137,GM Financial,Facebook Ads,Tráfico,55+,14/05/25,458666,1217,76,70972.07,211613
CMP-10992,OnStar,Instagram Ads,leads,,04/10/25,236904,11636,47,1290.48,213183.12
CMP-4647,GM Financial,Facebook Ads,Tráfico,35-44,24/04/25,105733,3796,221,3267.56,20677
CMP-10434,Bimbo,Instagram Ads,Leads,55+,23/09/25,108240,4694,154,77102.28,101826.38
CMP-3916,Liverpool,Facebook Ads,Tráfico,,21/09/25,421075,5217,395,11712.66,154168.72
CMP-10158,Aeroméxico,YouTube Ads,Tráfico,25-34,17/08/25,395178,7183,484,67699.87,184560.56
CMP-2598,Banco Azteca,LinkedIn Ads,Reconocimiento,55+,10/05/25,320913,12896,709,,216102.27
CMP-5968,Bimbo,LinkedIn Ads,Reconocimiento,35-44,19/10/25,67146,5534,353,57995.8,33490.4
CMP-6871,Cerveza Modelo,Google Ads,Alcance,25-34,04/08/25,240634,12107,366,15958.61,116545.5
CMP-1174,GM Financial,Google Ads,Tráfico,35-44,13/08/25,71293,7067,235,,213268.85
CMP-9003,Cerveza Modelo,Facebook Ads,Tráfico,35-44,18/03/25,80812,5317,141,79296.55,72675.9
CMP-9602,Bimbo,YouTube Ads,Leads,35-44,22/06/25,203503,10823,759,37825.35,11865.48
CMP-3715,Liverpool,Google Ads,Tráfico,55+,15/04/25,422551,13382,144,2227.24,144896.24
CMP-10663,GM Financial,TikTok Ads,Tráfico,55+,17/05/25,295434,3077,386,43212.74,185818.52
CMP-1890,OnStar,Facebook Ads,Leads,55+,19/08/25,297029,10397,173,83841.02,10104.16
CMP-1995,Aeroméxico,YouTube Ads,Tráfico,25-34,03/08/25,195184,7242,538,73235.92,186612.6
CMP-5146,Telcel,TIKTOK ADS,Reconocimiento,55+,22/10/25,428841,4922,375,33994.07,219039.34
CMP-4890,Bimbo,TikTok Ads,Tráfico,25-34,27/08/25,407531,14175,755,26315.42,71398.69
CMP-10901,Bimbo,Instagram Ads,Tráfico,35-44,19/08/25,87414,10683,579,66562.45,161717.95
CMP-6648,GM Financial,LinkedIn Ads,Tráfico,35-44,10/05/25,55607,2522,698,48051.97,184328.98
CMP-8780,Bimbo,YouTube Ads,Alcance,45-54,23/02/25,188404,2826,118,13625.18,179929.33
CMP-7530,Bimbo,Facebook Ads,Conversión,45-54,03/10/25,275814,1240,182,54340.25,144462.01
CMP-9541,Banco Azteca,LinkedIn Ads,Conversión,45-54,20/10/25,97833,8154,319,14567.64,179883.77
CMP-2629, Telcel  ,Google Ads,Tráfico,55+,13/02/25,106136,7541,790,,36246.46
CMP-7459,Telcel,Google Ads,Alcance,25-34,11/01/25,218180,1108,335,64105.47,47041.01
CMP-3697,OnStar,TikTok Ads,Reconocimiento,18-24,07/06/25,5782,5782,794,83024.87,61329.62
CMP-2833,Cerveza Modelo,LinkedIn Ads,Reconocimiento,25-34,26/05/25,166341,6878,783,1136.69,207192.64
CMP-8033,Bimbo,Instagram Ads,leads,55+,29/01/25,405307,7659,691,23731.58,194746.67
CMP-1901,Aeroméxico,Facebook Ads,Conversión,18-24,28/04/25,204483,6359,689,66784.68,76085.72
CMP-3370,OnStar,FACEBOOK ADS,Alcance,55+,01/06/25,95728,12035,322,29482.86,141196.98
CMP-10359, Banco Azteca  ,Facebook Ads,Conversión,45-54,21/05/25,231473,3781,708,78817.55,
CMP-5630,Banco Azteca,Facebook Ads,Alcance,45-54,09/08/25,350021,6996,291,21741.81,155401.47
CMP-6190,GM Financial,Facebook Ads,Alcance,35-44,16/03/25,370261,8105,501,48517.16,42531.25
CMP-10138,GM Financial,YouTube Ads,Reconocimiento,35-44,18/01/25,373519,1316,680,75991.02,204905.41
CMP-9130, Cerveza Modelo  ,Google Ads,Alcance,45-54,16/03/25,484596,10397,375,70847.09,105731.76
CMP-10348,GM Financial,Instagram Ads,Conversión,35-44,03/06/25,242694,8320,584,62862.59,135489.43
CMP-7018,Banco Azteca,Google Ads,Leads,18-24,09/04/25,248106,14052,341,46904.39,33241.01
CMP-8674,Aeroméxico,Instagram Ads,Leads,,23/10/25,137810,6376,115,64594.2,13888.79
CMP-3748,Telcel,Google Ads,Alcance,35-44,14/03/25,432920,11913,,84005.82,161450.23
CMP-6682,Aeroméxico,Facebook Ads,Tráfico,45-54,01/10/25,357489,4964,203,82213.29,73492.16
CMP-2514,Aeroméxico,Instagram Ads,Reconocimiento,25-34,23/07/25,432676,12917,622,2168.51,116781.77
CMP-7321,Aeroméxico,Instagram Ads,Alcance,45-54,04/01/25,344162,5137,386,57815.33,93369.18
CMP-5964,Cerveza Modelo,Instagram Ads,Conversión,25-34,07/03/25,42120,3478,96,19994.29,163226.58
CMP-4344, Banco Azteca  ,GOOGLE ADS,Tráfico,35-44,30/08/25,188650,3892,650,33488.5,21787.21
CMP-10494,Liverpool,Facebook Ads,Conversión,18-24,13/05/25,99886,8939,47,52825.08,160816.04
CMP-10876,Banco Azteca,Facebook Ads,Reconocimiento,25-34,25/06/25,415800,3217,346,24622.47,36728.05
CMP-7697,Banco Azteca,LinkedIn Ads,Alcance,35-44,15/03/25,53871,10644,375,70973.95,186625.27
CMP-9990,Liverpool,TikTok Ads,leads,35-44,26/10/25,139023,2852,8,57610.91,124931.5
CMP-4769,Liverpool,LinkedIn Ads,Tráfico,25-34,12/03/25,53227,2310,115,20828.62,33169.63
CMP-7507,Liverpool,Facebook Ads,Leads,35-44,03/05/25,474163,8241,675,43230.79,13849.24
CMP-10234,Telcel,TikTok Ads,Leads,25-34,31/08/25,254407,5858,526,72604.35,41944.64
CMP-8454,Banco Azteca,LinkedIn Ads,tráfico,18-24,19/01/25,287238,1825,131,60482.23,170997.56
CMP-6807,Telcel,TikTok Ads,Reconocimiento,55+,11/07/25,336903,11571,749,,59490.84
CMP-4423,Liverpool,Instagram Ads,Leads,55+,29/03/25,39484,8297,262,84462.29,102581.85
CMP-8251,Aeroméxico,FACEBOOK ADS,Tráfico,25-34,08/07/25,344222,7914,759,43480.4,106571.06
CMP-8778,Banco Azteca,Facebook Ads,Alcance,25-34,14/06/25,405676,5273,344,,32804.21
CMP-9620, Cerveza Modelo  ,LinkedIn Ads,Reconocimiento,45-54,07/06/25,273335,14364,28,31095.48,22343.14
CMP-5177,Banco Azteca,FACEBOOK ADS,Leads,45-54,25/07/25,419288,5950,693,39274.27,65600.78
CMP-4567,OnStar,Instagram Ads,leads,45-54,17/02/25,138343,12390,95,12808.07,44409.73
CMP-7242,OnStar,TikTok Ads,Alcance,45-54,02/08/25,49509,9438,568,17406.73,89991.85
CMP-10314,GM Financial,LinkedIn Ads,Reconocimiento,45-54,02/05/25,363185,13294,469,5720.48,211685.64
CMP-6507,Aeroméxico,TikTok Ads,Alcance,35-44,08/09/25,494425,7473,177,32128.97,59872.21
CMP-5553, Telcel  ,LinkedIn Ads,Tráfico,35-44,17/02/25,323723,2528,247,-84075.44,
CMP-10681,OnStar,Google Ads,Conversión,45-54,20/01/25,190618,1746,81,55192.76,88175.4
CMP-3683,Aeroméxico,Instagram Ads,Alcance,45-54,01/01/25,252965,2749,125,65780.12,214322.79
CMP-4722,Cerveza Modelo,TIKTOK ADS,Reconocimiento,45-54,14/04/25,479925,3239,282,29242.44,7985.45
CMP-4838,Banco Azteca,LinkedIn Ads,Leads,35-44,03/03/25,479145,6965,319,83095.11,109374.22
CMP-4628,OnStar,INSTAGRAM ADS,Alcance,25-34,26/08/25,437344,7319,33,50404.66,87571.06
CMP-3674,Telcel,TikTok Ads,Conversión,55+,02/07/25,55190,7718,311,42297.42,81585.42
CMP-4679,Telcel,TikTok Ads,Reconocimiento,35-44,18/10/25,184156,9755,123,66234.17,214040.07
CMP-4556,GM Financial,GOOGLE ADS,Leads,35-44,17/02/25,280733,4844,143,9006.95,44340.62
CMP-3454,Banco Azteca,Google Ads,Conversión,45-54,09/05/25,348191,2288,568,18714.49,156633.58
CMP-9063,Aeroméxico,Google Ads,Leads,55+,28/08/25,290932,282,282,27514.87,167500.94
CMP-1512,OnStar,Facebook Ads,Tráfico,55+,29/01/25,209206,12794,490,79013.19,
CMP-8467,Aeroméxico,Instagram Ads,conversión,18-24,12/08/25,328996,1348,693,71866.72,166699.06
CMP-1382,Bimbo,Google Ads,Reconocimiento,55+,12/10/25,454792,10231,176,48303.65,203695.12
CMP-2327,Banco Azteca,LinkedIn Ads,Reconocimiento,45-54,05/07/25,93767,11739,544,22151.16,174612.26
CMP-9759, Banco Azteca  ,LinkedIn Ads,Alcance,45-54,07/04/25,52934,12194,452,2128.94,165012.64
CMP-9875,Cerveza Modelo,Google Ads,Conversión,35-44,02/07/25,459878,4486,654,1222.06,162578.18
CMP-1587,Aeroméxico,FACEBOOK ADS,Reconocimiento,35-44,10/09/25,66268,1051,169,20602.39,65270.08
CMP-2223, Banco Azteca  ,YouTube Ads,Reconocimiento,18-24,16/01/25,171111,14352,479,20767.09,80681.71
CMP-1157,Cerveza Modelo,Instagram Ads,Alcance,25-34,21/08/25,179002,8103,156,1517.92,161939.58
CMP-10571,Banco Azteca,TikTok Ads,Tráfico,35-44,16/10/25,134005,2856,358,8901.86,114155.6
CMP-6000,Aeroméxico,GOOGLE ADS,conversión,18-24,27/04/25,223178,5911,718,10212.14,
CMP-9919,Liverpool,Google Ads,Reconocimiento,45-54,04/04/25,166058,10793,285,51439.71,20068.87
CMP-10940, Banco Azteca  ,Facebook Ads,Conversión,55+,19/09/25,473108,13814,491,75052.93,191224.54
CMP-10752,Liverpool,TikTok Ads,Leads,25-34,15/03/25,329179,4012,212,19573.61,181355.88
CMP-3875,Liverpool,Facebook Ads,Alcance,45-54,22/07/25,101215,7224,465,22360.44,136662.8
CMP-4422,Liverpool,Facebook Ads,Tráfico,35-44,22/03/25,163544,2320,725,51881.12,5897.41
CMP-7592,Bimbo,LINKEDIN ADS,Tráfico,45-54,26/04/25,42594,13418,427,75518.8,211320.41
CMP-10524,OnStar,TikTok Ads,leads,,19/01/25,68144,2424,79,3156.42,85715.24
CMP-8221,Liverpool,TikTok Ads,Reconocimiento,45-54,16/05/25,498314,1977,193,6344.49,30126.86
CMP-3151,Aeroméxico,YOUTUBE ADS,Conversión,18-24,18/01/25,103797,6625,606,32754.6,197006.21
CMP-1643,Liverpool,Google Ads,Alcance,25-34,08/09/25,184665,13247,545,30477.89,181349.47
CMP-6213,Liverpool,YouTube Ads,Conversión,35-44,24/08/25,409296,7063,315,5628.65,154069.62
CMP-5308,Liverpool,Google Ads,Conversión,18-24,17/03/25,291314,3788,345,66166.06,191537.79
CMP-5510,Liverpool,LinkedIn Ads,Conversión,18-24,22/04/25,26607,11603,87,41015.93,150004.12
CMP-7548,GM Financial,Facebook Ads,Alcance,35-44,15/06/25,105890,6503,732,42915.49,12729.14
CMP-9765,OnStar,Instagram Ads,Tráfico,45-54,21/10/25,490397,7563,193,45103.67,132473.18
CMP-10142,Bimbo,Instagram Ads,Reconocimiento,55+,23/02/25,282079,10986,426,52866.13,175839.88
CMP-1679,OnStar,LinkedIn Ads,conversión,18-24,06/09/25,201922,9551,151,52907.79,117716.1
CMP-4823,Liverpool,Instagram Ads,Conversión,18-24,03/05/25,131064,1086,794,56437.03,205977.96
CMP-7042,Liverpool,Google Ads,Leads,25-34,01/07/25,137972,12648,215,14611.25,124922.36
CMP-4416, Bimbo  ,TikTok Ads,Conversión,35-44,12/04/25,157937,10149,39,35205.65,208834.48
CMP-6332,Telcel,TikTok Ads,Conversión,45-54,06/01/25,436112,11449,319,84386.47,168894.28
CMP-3551,Liverpool,TikTok Ads,Tráfico,45-54,22/05/25,479814,10194,744,24128.07,154325.67
CMP-8328,GM Financial,Instagram Ads,Conversión,18-24,25/06/25,121025,10661,335,11959.51,17849.92
CMP-10217, GM Financial  ,LinkedIn Ads,Conversión,25-34,24/07/25,20035,13678,161,35593.56,35912.01
CMP-7402,OnStar,YOUTUBE ADS,Leads,,30/03/25,180849,7306,296,883.51,101708.93
CMP-8981,Bimbo,Instagram Ads,Tráfico,55+,28/06/25,52920,2791,490,12945.95,100418.16
CMP-8615,GM Financial,LinkedIn Ads,Alcance,25-34,25/04/25,447987,2998,98,10988.69,117572.16
CMP-9513,Cerveza Modelo,YouTube Ads,Leads,35-44,28/02/25,22701,1314,373,71709.05,35388.9
CMP-8855,Liverpool,TikTok Ads,Reconocimiento,18-24,28/09/25,164945,7062,538,73810.06,117980.05
CMP-2523,Banco Azteca,Instagram Ads,Reconocimiento,55+,22/01/25,286009,13291,370,35275.43,38124.03
CMP-3279, Cerveza Modelo  ,TikTok Ads,Reconocimiento,55+,28/05/25,362724,1820,494,56839.76,173451.34
CMP-5244,OnStar,Facebook Ads,Reconocimiento,55+,28/09/25,370805,650,614,67264.04,158073.26
CMP-2018,Aeroméxico,Instagram Ads,Tráfico,18-24,11/06/25,29645,5411,634,37633.81,112579.44
CMP-2520,Cerveza Modelo,GOOGLE ADS,Leads,25-34,07/01/25,43979,11121,315,62895.3,102831.76
CMP-5539,Aeroméxico,Facebook Ads,conversión,25-34,16/02/25,334211,1264,593,54017.76,159894.97
CMP-4433,Banco Azteca,LinkedIn Ads,Tráfico,25-34,08/09/25,129177,8528,720,49640.11,73245.77
CMP-4758,Bimbo,LinkedIn Ads,Reconocimiento,45-54,21/05/25,384577,5754,263,83518.92,94506.11
CMP-3435,GM Financial,LinkedIn Ads,Reconocimiento,45-54,15/03/25,363941,12178,747,42707.42,26059.12
CMP-2722,Aeroméxico,LinkedIn Ads,Alcance,55+,18/10/25,37756,6193,609,31560.04,127559.02
CMP-2258,Aeroméxico,LinkedIn Ads,Conversión,25-34,17/07/25,444066,6025,407,43766.33,140027.43
CMP-10667,Bimbo,Google Ads,Tráfico,45-54,24/05/25,483790,5298,148,52668.97,209394.43
CMP-1086,Bimbo,TikTok Ads,Reconocimiento,55+,28/01/25,120054,6147,170,72029.84,139164.09
CMP-4681,Telcel,Google Ads,Tráfico,55+,09/05/25,316322,11182,272,38640.64,183012.42
CMP-1437,Aeroméxico,GOOGLE ADS,Leads,45-54,15/07/25,354978,12680,485,45665.52,182932.62
CMP-9405,Banco Azteca,YouTube Ads,Leads,18-24,08/01/25,378287,7239,8,30893.33,67688.36
CMP-5174,GM Financial,TikTok Ads,Tráfico,45-54,13/03/25,399286,14394,331,4668.37,17070.9
CMP-5236, Cerveza Modelo  ,YouTube Ads,reconocimiento,55+,01/07/25,52676,621,175,34649.19,
CMP-2173,Liverpool,TikTok Ads,Reconocimiento,55+,17/01/25,202394,5830,88,58227.01,139059.52
CMP-5795,OnStar,YouTube Ads,Alcance,45-54,18/10/25,7020,7020,615,62594.94,162604.85
CMP-1566,GM Financial,LinkedIn Ads,Conversión,45-54,29/09/25,225296,11018,345,24502.3,12228.04
CMP-8995,GM Financial,Facebook Ads,Reconocimiento,55+,23/01/25,231068,12937,290,17617.24,207936.68
CMP-6593,Banco Azteca,LinkedIn Ads,conversión,55+,10/03/25,14430,7981,639,8533.75,213212.51
CMP-6597,Cerveza Modelo,Instagram Ads,Tráfico,25-34,28/03/25,460961,13947,662,2167.79,194419.39
CMP-10371,GM Financial,YOUTUBE ADS,Alcance,25-34,11/05/25,221445,14963,287,55599.91,8805.07
CMP-9345,Telcel,,Reconocimiento,18-24,28/04/25,430789,11346,341,49213,32731.12
CMP-9352, Cerveza Modelo  ,TikTok Ads,Leads,35-44,01/09/25,241382,13491,797,78362.17,112143.11
CMP-5393,OnStar,Google Ads,Leads,25-34,03/07/25,311540,6054,397,1640.16,59026.31
CMP-2171,Aeroméxico,TikTok Ads,Tráfico,18-24,11/04/25,100564,8234,49,50631.44,135359.5
CMP-9091,Banco Azteca,TIKTOK ADS,Conversión,55+,02/02/25,456762,11815,57,22998.18,141717.71
CMP-2336,Banco Azteca,LinkedIn Ads,Reconocimiento,45-54,17/06/25,411943,3437,537,21450.76,202141.51
CMP-4167,Telcel,Instagram Ads,tráfico,35-44,04/05/25,350223,4966,370,,62656.03
CMP-5971,OnStar,LinkedIn Ads,Conversión,55+,30/06/25,206458,13546,797,42795.88,48540.68
CMP-4598,GM Financial,Instagram Ads,Leads,25-34,30/09/25,72129,7413,610,604.26,63192.93
CMP-9667,GM Financial,Instagram Ads,Alcance,55+,20/06/25,262236,9015,325,6783.62,205545.58
CMP-5533,GM Financial,TikTok Ads,Conversión,55+,06/10/25,191600,12769,580,5044.73,98744.42
CMP-6175,OnStar,YouTube Ads,Tráfico,55+,22/04/25,102954,11595,743,74657.88,162566.95
CMP-9421,Bimbo,LinkedIn Ads,Conversión,18-24,19/08/25,290409,7915,683,35885.22,
CMP-6485,Liverpool,Google Ads,Reconocimiento,35-44,17/08/25,308243,8063,340,63400.81,161623.48
CMP-9219,Aeroméxico,TikTok Ads,Tráfico,55+,26/04/25,467229,14212,790,64895.75,53242.7
CMP-8676,Bimbo,Facebook Ads,Conversión,25-34,26/02/25,126697,12509,400,5657.67,1122.66
CMP-3775,Telcel,Instagram Ads,Alcance,25-34,21/07/25,160664,10394,660,8394,138195.48
CMP-8210,Banco Azteca,TIKTOK ADS,Alcance,55+,11/06/25,41387,11496,666,34061.58,180106.04
CMP-7748,Telcel,Instagram Ads,Alcance,45-54,11/05/25,257007,13831,422,70973.18,179627.68
CMP-6833,GM Financial,TikTok Ads,Reconocimiento,35-44,25/05/25,433369,9152,86,13461.11,48189.68
CMP-1893,Liverpool,Google Ads,Leads,45-54,07/04/25,112674,4708,54,1271.96,182094.29
CMP-5398,Liverpool,Facebook Ads,Reconocimiento,25-34,17/03/25,425644,2555,13,71940.4,63857.22
CMP-5769,Bimbo,Facebook Ads,Conversión,,28/03/25,112703,3405,314,56129.24,20279.82
CMP-1368,Liverpool,LinkedIn Ads,tráfico,45-54,17/02/25,164623,8969,122,41703.68,40151.02
CMP-3969,Liverpool,Instagram Ads,Leads,25-34,24/02/25,393106,7215,227,81331.24,
CMP-10286, OnStar  ,Instagram Ads,Leads,45-54,03/06/25,160867,10748,48,38744.5,105649.72
CMP-9157,OnStar,LinkedIn Ads,Alcance,25-34,19/10/25,372814,6331,8,10307.02,189267.86
CMP-7823,OnStar,YouTube Ads,Conversión,55+,16/10/25,234682,8865,513,13003.65,116048.51
CMP-7461,Liverpool,Google Ads,reconocimiento,18-24,22/07/25,376909,4949,556,5317.41,108679.99
CMP-3255,GM Financial,Instagram Ads,Leads,55+,07/07/25,49223,11465,735,55141.12,10048.06
CMP-6369,Telcel,Instagram Ads,Alcance,35-44,01/01/25,115792,5507,389,71054.29,203062.94
CMP-7703,Liverpool,Instagram Ads,Conversión,18-24,09/01/25,485580,5130,531,37761.73,214366.41
CMP-3231,Liverpool,Google Ads,Leads,45-54,18/08/25,402261,8173,114,10857.48,166786.16
CMP-4413,Banco Azteca,Google Ads,Conversión,18-24,21/04/25,361485,12978,46,2423.93,22282.08
CMP-5158,Cerveza Modelo,YouTube Ads,Conversión,25-34,08/10/25,390039,14982,54,44163.38,42406.11
CMP-6203,Banco Azteca,YouTube Ads,Tráfico,25-34,02/06/25,486141,13655,724,33313.31,114450.77
CMP-4109,Bimbo,Facebook Ads,Alcance,25-34,18/05/25,381782,12420,65,36149.9,143343.87
CMP-10566, Liverpool  ,Google Ads,Leads,25-34,24/07/25,148536,3204,495,38748.39,179433.11
CMP-4499,Bimbo,Instagram Ads,Alcance,35-44,02/08/25,316308,12219,73,32290.25,18212.48
CMP-1228,Banco Azteca,Instagram Ads,Alcance,18-24,30/04/25,272895,8180,667,3215.83,1071.48
CMP-1823,Bimbo,LinkedIn Ads,Alcance,18-24,20/10/25,80171,14355,17,1538.05,14927.71
CMP-10042,Banco Azteca,FACEBOOK ADS,Tráfico,18-24,28/02/25,430147,8453,120,69893.04,200.26
CMP-2963,Aeroméxico,YouTube Ads,Leads,35-44,25/01/25,404251,5318,221,16016.89,96303.14
CMP-5886, Banco Azteca  ,TikTok Ads,Alcance,55+,23/02/25,305083,9798,460,45701.93,96882.88
CMP-6841,Aeroméxico,TikTok Ads,Reconocimiento,25-34,01/05/25,179242,14556,142,72312.32,217336.59
CMP-2338,Liverpool,LINKEDIN ADS,Leads,45-54,28/02/25,50112,5443,521,14823.28,150251.96
CMP-3364,Telcel,TikTok Ads,alcance,25-34,27/06/25,407213,10135,741,73118.25,71704.24
CMP-7053,GM Financial,Facebook Ads,Reconocimiento,45-54,04/03/25,334320,10358,188,14907.77,76280.41
CMP-10445,Aeroméxico,LinkedIn Ads,Alcance,18-24,17/02/25,99681,5086,340,80113.56,99492.18
CMP-6649,Liverpool,Instagram Ads,Conversión,35-44,07/05/25,318664,13297,204,41361.02,52794.7
CMP-9324,OnStar,Instagram Ads,Leads,35-44,15/10/25,264209,2146,625,28662.12,
CMP-5139,Liverpool,,Tráfico,55+,20/07/25,336732,7596,372,42515.55,
CMP-5191, Banco Azteca  ,Google Ads,Alcance,25-34,07/09/25,137050,11501,663,24946.6,82092.71
CMP-3839,Liverpool,Facebook Ads,Reconocimiento,25-34,14/06/25,276778,1508,651,73502.23,57309.8
CMP-1723, Banco Azteca  ,YouTube Ads,Tráfico,45-54,10/09/25,261911,1447,639,29437.01,194005.47
CMP-9234,Banco Azteca,Google Ads,Alcance,35-44,14/09/25,417329,11816,136,48647.06,166936.96
CMP-10750,Aeroméxico,Instagram Ads,Conversión,,20/06/25,191322,14231,337,34608.97,63316.06
CMP-10644,Telcel,Google Ads,Alcance,18-24,27/02/25,492270,4787,58,41743.6,177163.82
CMP-9856,Banco Azteca,,Conversión,55+,22/09/25,183965,10034,352,67286.75,185962.92
CMP-8799,Liverpool,LinkedIn Ads,Tráfico,55+,17/10/25,328530,6837,729,56610.96,64053.48
CMP-7629,GM Financial,Google Ads,Tráfico,55+,12/05/25,415497,9574,444,11372.65,
CMP-5119,Banco Azteca,TikTok Ads,reconocimiento,45-54,16/04/25,458326,8528,56,28542.68,64490.04
CMP-8113,GM Financial,LinkedIn Ads,Reconocimiento,35-44,10/07/25,233031,7774,212,5708.55,75858.43
CMP-4171,Aeroméxico,Facebook Ads,Leads,35-44,14/04/25,196011,13215,288,66611.71,25131.31
CMP-2527,Telcel,Instagram Ads,Conversión,35-44,07/07/25,331054,3639,257,24331.64,43514.99
CMP-9510,OnStar,TikTok Ads,Alcance,45-54,16/10/25,493449,3453,547,62463.61,218227.99
CMP-10044,Banco Azteca,Facebook Ads,Reconocimiento,18-24,13/03/25,125014,2574,540,45794.55,85414.83
CMP-4923,Banco Azteca,LinkedIn Ads,Alcance,35-44,12/09/25,412464,6694,7,50472.52,
CMP-4558, Liverpool  ,LinkedIn Ads,Alcance,45-54,10/04/25,478057,4800,170,83700.93,177256.02
CMP-7830,Banco Azteca,LinkedIn Ads,Conversión,18-24,12/01/25,377046,4024,516,21599.08,188179.24
CMP-7160,Aeroméxico,TIKTOK ADS,Reconocimiento,25-34,05/04/25,389122,3608,507,7154.34,175259.25
CMP-9383,Bimbo,Facebook Ads,Conversión,35-44,13/02/25,3638,3638,377,51432.52,81098.29
CMP-2117,Banco Azteca,FACEBOOK ADS,Tráfico,18-24,09/07/25,294732,14282,158,45576.88,139940.07
CMP-1982,GM Financial,YouTube Ads,Alcance,18-24,03/06/25,114006,7403,780,26331.7,7697.37
CMP-9582,Telcel,YouTube Ads,Reconocimiento,18-24,04/09/25,90505,13233,515,72444.96,65750
CMP-1272,GM Financial,Google Ads,Leads,25-34,21/06/25,58700,13890,474,35672.42,55694.23
CMP-4501,Aeroméxico,TikTok Ads,Alcance,25-34,16/02/25,435479,2398,276,74890.37,4317.57
CMP-9983,Aeroméxico,TikTok Ads,Leads,35-44,14/07/25,214520,8300,107,74004.95,153095.1
CMP-9560,Cerveza Modelo,YouTube Ads,Conversión,25-34,23/07/25,446718,14950,375,47581.93,14405.41
CMP-1285,OnStar,Instagram Ads,Leads,18-24,26/04/25,332111,2299,722,42714.33,69269.94
CMP-1216,Liverpool,YouTube Ads,Tráfico,18-24,11/09/25,137528,9483,456,69553.96,213189.13
CMP-10561, Liverpool  ,LinkedIn Ads,Conversión,18-24,29/07/25,126667,12714,414,67688.48,192804.23
CMP-1941,Telcel,GOOGLE ADS,Alcance,18-24,02/04/25,360109,10562,628,17115.96,124684.2
CMP-4701,Telcel,Facebook Ads,Conversión,25-34,17/05/25,459857,14043,667,27825.29,113705.76
CMP-6615,Liverpool,FACEBOOK ADS,Tráfico,25-34,12/02/25,134169,10401,251,69005.41,
CMP-4028,Liverpool,INSTAGRAM ADS,Tráfico,35-44,27/05/25,358869,14404,228,19014.46,178693.65
CMP-8111, Liverpool  ,LinkedIn Ads,conversión,45-54,24/01/25,470655,5980,286,71952.54,99848.16
CMP-2571,Cerveza Modelo,YOUTUBE ADS,Leads,35-44,19/09/25,185699,14037,349,24592.05,49743.7
CMP-1328,Bimbo,Google Ads,Conversión,55+,30/05/25,484819,5641,423,74308.67,164106.15
CMP-7948,OnStar,LinkedIn Ads,Alcance,35-44,07/05/25,58293,8694,177,21642.63,218690.66
CMP-3838, Aeroméxico  ,LinkedIn Ads,Alcance,45-54,02/10/25,482629,6337,422,14799.84,45343.23
CMP-6796,Banco Azteca,LinkedIn Ads,Reconocimiento,55+,17/02/25,476179,10149,609,45441.05,5083.32
CMP-8604,Liverpool,YOUTUBE ADS,Leads,18-24,02/10/25,411360,2255,699,6002.9,107346
CMP-1664,Banco Azteca,LinkedIn Ads,Reconocimiento,25-34,13/05/25,146599,401,131,13456.87,65029.55
CMP-9729,Aeroméxico,YouTube Ads,Conversión,35-44,10/06/25,457603,977,359,38467.66,204709.99
CMP-10966,GM Financial,TikTok Ads,Tráfico,55+,25/01/25,296439,4485,465,6503.09,25781.52
CMP-3476, OnStar  ,Instagram Ads,Conversión,45-54,11/08/25,374289,5332,440,68957.36,218913.64
CMP-3998, Telcel  ,TikTok Ads,Conversión,55+,30/01/25,206447,13015,760,84976.15,147509.67
CMP-9719,Cerveza Modelo,YouTube Ads,Leads,25-34,04/09/25,477298,4835,8,37734.72,135175.52
CMP-5805,Aeroméxico,YouTube Ads,Reconocimiento,18-24,09/05/25,72160,12267,493,1151.43,192876.4
CMP-2068,Liverpool,Facebook Ads,Tráfico,55+,07/10/25,58312,13436,630,48323.04,3443.14
CMP-1284,Banco Azteca,Facebook Ads,Alcance,55+,07/07/25,243682,3133,256,71343.93,20868.66
CMP-6244,Cerveza Modelo,LinkedIn Ads,Conversión,18-24,03/10/25,258126,6671,670,16286.75,76178.3
CMP-6811,Banco Azteca,YouTube Ads,Leads,55+,20/10/25,476524,8801,500,57973.41,33422.47
CMP-8921,Bimbo,YOUTUBE ADS,Leads,45-54,19/05/25,82117,6821,445,,7571.03
CMP-7340,GM Financial,YouTube Ads,Reconocimiento,55+,25/02/25,356500,10202,5,78375.79,16603.34
CMP-7033,Liverpool,LinkedIn Ads,Conversión,18-24,11/04/25,175511,1779,660,41974.67,73229.77
CMP-4360,OnStar,TikTok Ads,Tráfico,18-24,24/01/25,186590,4988,387,61277.19,80155.62
CMP-10628,Bimbo,INSTAGRAM ADS,Tráfico,45-54,20/10/25,374250,7064,625,27515.41,106255.87
CMP-5748,Telcel,LinkedIn Ads,Conversión,45-54,05/02/25,429413,8247,422,52200.91,86208.54
CMP-7896,Bimbo,INSTAGRAM ADS,Tráfico,25-34,11/07/25,226072,12251,520,65318.45,
CMP-9222,OnStar,LinkedIn Ads,Leads,25-34,14/09/25,14794,12341,280,79085.43,31780.33
CMP-1796,GM Financial,Instagram Ads,leads,18-24,11/08/25,329744,14758,289,54917.8,101267.49
CMP-10991,Liverpool,Facebook Ads,Reconocimiento,55+,18/02/25,65067,12998,469,68945.34,179945.04
CMP-4569,OnStar,Google Ads,Leads,45-54,05/10/25,291922,7579,275,30720.15,149662.98
CMP-9282, Cerveza Modelo  ,Facebook Ads,Alcance,45-54,11/03/25,72164,7296,444,23689.94,65946.8
CMP-10657, Banco Azteca  ,TikTok Ads,Conversión,25-34,03/04/25,345159,12654,,12333.7,110175.36
CMP-8955,Aeroméxico,Google Ads,Leads,55+,13/03/25,461482,11330,698,15591.13,141740.22
CMP-7881,Liverpool,TikTok Ads,Reconocimiento,55+,02/07/25,86419,5702,86,45323.8,152435.01
CMP-4221,Telcel,Facebook Ads,Leads,35-44,10/08/25,24811,7294,476,54881.4,134455.83
CMP-9161,Aeroméxico,TikTok Ads,Alcance,45-54,18/02/25,452810,18,18,67647.47,47716.4
CMP-10556,Telcel,YouTube Ads,Alcance,35-44,02/05/25,117760,4898,782,14237.79,127414.68
CMP-4746,Aeroméxico,LinkedIn Ads,Tráfico,55+,03/09/25,15352,519,400,80620.84,5592.18
CMP-10686,Bimbo,LinkedIn Ads,Alcance,25-34,10/03/25,88491,3846,240,,217771.55
CMP-3666,Liverpool,FACEBOOK ADS,Conversión,18-24,16/04/25,356370,7960,394,66930.15,
CMP-8247,Liverpool,TikTok Ads,Alcance,,07/09/25,308646,308,308,51055.64,154334.46
CMP-7434,GM Financial,Instagram Ads,tráfico,25-34,19/08/25,5319,4526,189,71924.27,377.59
CMP-6528, Aeroméxico  ,Facebook Ads,Tráfico,55+,31/01/25,132126,2053,302,,31576.63
CMP-1405,Liverpool,Facebook Ads,conversión,55+,06/04/25,459818,14705,408,1206.61,20846.75
CMP-1946, GM Financial  ,INSTAGRAM ADS,Reconocimiento,35-44,24/10/25,365186,1795,464,60454.62,72320.17
CMP-2023,Bimbo,YouTube Ads,Conversión,18-24,08/01/25,164958,3618,688,38926.19,200109.92
CMP-2563, Cerveza Modelo  ,TikTok Ads,Leads,55+,19/02/25,88035,5274,391,52037.85,27309.65
CMP-3935,Telcel,,Tráfico,45-54,14/09/25,93188,2405,10,,123338.06
CMP-6487,Banco Azteca,Instagram Ads,Tráfico,55+,22/10/25,473819,3265,169,76206.14,22016.63
CMP-1207, Cerveza Modelo  ,LinkedIn Ads,Conversión,35-44,31/05/25,62768,11553,352,11826.33,214698.16
CMP-10862,Cerveza Modelo,Instagram Ads,Reconocimiento,45-54,31/07/25,322058,12831,503,73583.31,198855.91
CMP-8698,Aeroméxico,Instagram Ads,Alcance,18-24,25/06/25,421047,9208,84,15583.56,112510.88
CMP-1777,Aeroméxico,Google Ads,Alcance,25-34,09/10/25,151315,12620,56,18578.33,2966.59
CMP-2399,Cerveza Modelo,Facebook Ads,reconocimiento,45-54,07/01/25,293131,4828,503,16552.62,146535.13
CMP-1040,Aeroméxico,FACEBOOK ADS,Tráfico,55+,22/09/25,470694,13297,1,82005.56,32801.49
CMP-6709,Liverpool,,Tráfico,35-44,02/04/25,78039,3391,607,28549.03,166504.37
CMP-7170,Cerveza Modelo,TikTok Ads,Alcance,18-24,25/01/25,366952,1293,306,25369.27,78719.23
CMP-4970,Banco Azteca,TikTok Ads,Leads,18-24,30/07/25,59727,10863,440,27647.36,146521.81
CMP-7610,Aeroméxico,Google Ads,Alcance,,06/08/25,231445,1159,146,22344.88,40942.71
CMP-9474,Cerveza Modelo,Google Ads,Alcance,55+,06/06/25,13619,13602,0,9228.26,147880.03
CMP-10939,Telcel,LINKEDIN ADS,Reconocimiento,45-54,06/07/25,486752,6471,96,77146.77,179018.42
CMP-8298, GM Financial  ,LINKEDIN ADS,Reconocimiento,25-34,21/04/25,315245,10563,67,15470.78,59345.33
CMP-4988,Liverpool,TikTok Ads,Leads,18-24,08/07/25,401923,2056,430,43415.27,60440.98
CMP-3122,Bimbo,Instagram Ads,Tráfico,18-24,20/05/25,326271,14764,697,,
CMP-4008,Aeroméxico,Instagram Ads,Alcance,25-34,07/05/25,393509,10173,596,11708.87,63865.95
CMP-3340,Liverpool,LinkedIn Ads,Leads,35-44,25/03/25,212480,187,162,5460.28,95561.46
CMP-7639,Telcel,YouTube Ads,Alcance,,22/04/25,321969,13656,707,44679.42,21820.83
CMP-5982,Telcel,Instagram Ads,Conversión,,27/03/25,57218,12235,292,29478.16,153727.78
CMP-8424,Liverpool,Facebook Ads,Conversión,55+,28/08/25,226849,11767,495,22545.44,123553.18
CMP-5166,Aeroméxico,FACEBOOK ADS,Tráfico,55+,11/05/25,105225,8232,554,13471.76,137179.72
CMP-5490, GM Financial  ,Instagram Ads,Reconocimiento,25-34,09/08/25,163044,9557,95,1770.21,
CMP-3365,Liverpool,Instagram Ads,Tráfico,55+,27/04/25,443601,1237,329,47856.99,156669.33
CMP-4909,Aeroméxico,LINKEDIN ADS,Tráfico,35-44,04/03/25,136646,6487,37,61319.27,
CMP-7495, Aeroméxico  ,TIKTOK ADS,Alcance,45-54,18/02/25,487267,11132,745,5960.81,158214.2
CMP-2406,Bimbo,TikTok Ads,Leads,55+,14/08/25,75099,9175,684,11847.75,78597.18
CMP-5570,Cerveza Modelo,Google Ads,Leads,35-44,18/01/25,281499,6009,625,4071.95,25140.13
CMP-6852,Bimbo,Instagram Ads,Tráfico,55+,02/01/25,282682,12680,529,78325.69,95184.42
CMP-9652,GM Financial,Google Ads,Tráfico,25-34,11/09/25,365549,6576,143,44497.08,65126.6
CMP-5549,Aeroméxico,Google Ads,Reconocimiento,45-54,04/04/25,277419,3011,,28247.21,182156.29
CMP-1580,OnStar,LinkedIn Ads,Alcance,45-54,25/05/25,210764,1292,217,11763.04,200376.99
CMP-3484,Liverpool,Google Ads,Reconocimiento,45-54,08/10/25,238487,14680,234,74644.78,
CMP-8582,OnStar,YouTube Ads,Leads,25-34,16/03/25,21899,14276,671,27716.48,34711.09
CMP-5867,Telcel,YouTube Ads,Conversión,25-34,08/04/25,157804,8457,637,48057.01,190841.36
CMP-8392,Telcel,TikTok Ads,Reconocimiento,25-34,08/05/25,492070,874,186,64933.41,209176.22
CMP-2697,OnStar,Google Ads,Alcance,45-54,18/06/25,4700,613,576,32733.04,124957.47
CMP-8097,Liverpool,Facebook Ads,Alcance,25-34,25/08/25,90442,10851,769,57401.57,137280.84
CMP-4462,Liverpool,LinkedIn Ads,Conversión,25-34,12/07/25,341806,12724,741,26280.97,77168.01
CMP-2411,Telcel,Facebook Ads,Leads,55+,28/09/25,489363,12811,408,47841.7,135480.52
CMP-9026,OnStar,Google Ads,Reconocimiento,35-44,20/01/25,15930,7236,621,21589.9,35213.66
CMP-3509,Telcel,YouTube Ads,tráfico,18-24,06/10/25,24781,12204,271,62927.97,34314.89
CMP-8063,Aeroméxico,Facebook Ads,Alcance,18-24,25/03/25,287403,440,323,58844.13,197211.38
CMP-6804,Banco Azteca,LinkedIn Ads,Conversión,18-24,10/03/25,34888,13677,147,56312.26,114271.98
CMP-6333,Bimbo,YouTube Ads,Reconocimiento,18-24,03/08/25,313757,11808,252,52819.83,98308.7
CMP-1308,GM Financial,LINKEDIN ADS,Alcance,45-54,08/02/25,374739,6540,489,56941.82,92953.11
CMP-3962,Telcel,Facebook Ads,Leads,18-24,13/01/25,241797,4718,271,23151.89,47040.8
CMP-4103,Liverpool,Google Ads,Alcance,45-54,15/02/25,334036,13510,210,36989.56,15551.37
CMP-3628, Cerveza Modelo  ,Google Ads,Conversión,55+,28/06/25,230173,13906,465,53494.63,194654.66
CMP-1517,Bimbo,YouTube Ads,Alcance,25-34,12/05/25,393074,4318,2,24896.65,27957.34
CMP-8947,Aeroméxico,TikTok Ads,Conversión,45-54,30/08/25,290592,12386,570,40423.55,122701.11
CMP-5906,Aeroméxico,Facebook Ads,Tráfico,25-34,27/07/25,358754,1927,555,68360.06,107343.13
CMP-1506,Telcel,LinkedIn Ads,Alcance,55+,17/06/25,66963,7806,373,72918.82,34307.48
CMP-3504,Banco Azteca,YouTube Ads,Reconocimiento,45-54,12/06/25,291088,2183,56,47137.59,144941.51
CMP-9470,Aeroméxico,Instagram Ads,reconocimiento,45-54,26/07/25,176295,7475,488,81674.58,203327.51
CMP-6072,Cerveza Modelo,LinkedIn Ads,Alcance,18-24,12/01/25,368972,13999,555,73863.39,20663.48
CMP-10560,GM Financial,Instagram Ads,Conversión,25-34,20/10/25,402882,7808,492,29900.02,87161.47
CMP-3684,Banco Azteca,Facebook Ads,Leads,45-54,17/06/25,282426,2358,184,35492.09,112900.16
CMP-4331,Telcel,YouTube Ads,Leads,25-34,29/05/25,13312,2570,407,40442.08,14901.76
CMP-1351,Banco Azteca,TikTok Ads,Alcance,25-34,30/04/25,181082,7110,305,64638.3,86054.08
CMP-2983,Cerveza Modelo,Google Ads,alcance,18-24,05/01/25,482526,10023,174,51285.76,113597.61
CMP-9105,Cerveza Modelo,GOOGLE ADS,Alcance,45-54,25/09/25,180473,10119,682,15961.04,188535.81
CMP-10500,Cerveza Modelo,Instagram Ads,Conversión,18-24,27/07/25,36926,7821,75,16325.84,21786.71
CMP-3416,Bimbo,INSTAGRAM ADS,Conversión,35-44,17/06/25,439222,1297,258,48971,57859.07
CMP-1338, Banco Azteca  ,Facebook Ads,Leads,45-54,18/04/25,142066,987,479,46757.76,8934.61
CMP-5608,OnStar,Facebook Ads,Alcance,55+,20/10/25,372449,3959,492,65154.74,57451.87
CMP-1713,Liverpool,LinkedIn Ads,Tráfico,25-34,27/08/25,278608,8334,771,,112838.29
CMP-7289,GM Financial,Instagram Ads,reconocimiento,18-24,16/04/25,314787,13551,187,16372.7,175772.8
CMP-1887,Banco Azteca,FACEBOOK ADS,Alcance,45-54,21/04/25,486736,2575,324,34324.6,144142.75
CMP-6286, Aeroméxico  ,Instagram Ads,tráfico,45-54,03/10/25,227549,14139,287,71012.89,44338.34
CMP-10971,OnStar,TikTok Ads,conversión,18-24,04/07/25,342272,9972,,25653.58,13495.08
CMP-10621, Telcel  ,Google Ads,Alcance,45-54,15/08/25,241214,6374,795,83234,106758.98
CMP-1384,GM Financial,LinkedIn Ads,Alcance,55+,10/03/25,373135,10302,69,20417.91,58587.2
CMP-4616,OnStar,TikTok Ads,Leads,18-24,02/03/25,491019,11191,361,12495.26,191486.98
CMP-10724, Bimbo  ,LinkedIn Ads,Alcance,35-44,01/06/25,271997,14074,296,9604.24,
CMP-8763,Aeroméxico,Google Ads,Conversión,,27/09/25,69164,9814,669,48052.82,17732.75
CMP-8967,Liverpool,YouTube Ads,Leads,55+,04/10/25,104345,10957,311,2125.26,170707.13
CMP-3576,OnStar,YouTube Ads,Alcance,18-24,02/10/25,129026,8108,156,13977.54,202704.18
CMP-3850,Bimbo,Facebook Ads,Alcance,35-44,24/09/25,314623,8706,647,,46179.96
CMP-4810,Bimbo,Google Ads,Reconocimiento,45-54,06/01/25,55071,9972,315,27651.75,159456.03
CMP-7274,Bimbo,LinkedIn Ads,leads,35-44,23/07/25,204978,9468,139,20549.7,
CMP-4194,Aeroméxico,Facebook Ads,Conversión,25-34,07/07/25,9667,7946,792,37425.95,
CMP-7260,Bimbo,LINKEDIN ADS,Tráfico,55+,13/03/25,38552,6480,166,53844.91,171344.01
CMP-1787,Bimbo,YouTube Ads,Conversión,45-54,05/04/25,68433,1472,669,56654.23,39278.62
CMP-7437,Banco Azteca,Google Ads,Alcance,35-44,08/07/25,12484,7301,192,71308.79,63683.84
CMP-10823,Telcel,Instagram Ads,Conversión,18-24,06/07/25,195386,7704,182,33598.07,98014.71
CMP-2187,GM Financial,Instagram Ads,Reconocimiento,45-54,23/05/25,474408,7473,486,72007.12,139918.55
CMP-5148,Aeroméxico,TikTok Ads,Leads,55+,06/07/25,121967,11830,139,36257.2,78805.91
CMP-7382,Telcel,LINKEDIN ADS,Alcance,45-54,08/03/25,141094,13769,434,60297.5,102943.34
CMP-5452,OnStar,Instagram Ads,Alcance,55+,10/04/25,7247,7247,180,74448.18,48164.01
CMP-6499,Banco Azteca,Instagram Ads,Reconocimiento,55+,20/09/25,116755,9493,83,1037.07,200284.07
CMP-10313,GM Financial,LinkedIn Ads,Leads,55+,08/09/25,493265,5260,483,47335.69,177242.81
CMP-7455,Banco Azteca,Facebook Ads,Tráfico,45-54,17/09/25,72748,8059,565,6073.75,183580.74
CMP-7206, Aeroméxico  ,Facebook Ads,Alcance,55+,04/03/25,257461,1782,92,9889.79,174792.4
CMP-6550,Aeroméxico,Google Ads,Alcance,45-54,26/01/25,108212,3760,626,45236.03,112844.51
CMP-4150,Banco Azteca,Instagram Ads,Leads,35-44,16/08/25,145701,1510,575,52304.59,214651.83
CMP-8217,Liverpool,Facebook Ads,Leads,18-24,29/07/25,339367,681,26,49330.16,19660.59
CMP-2435,Banco Azteca,INSTAGRAM ADS,Alcance,35-44,12/01/25,202643,12042,284,78757.39,71579.98
CMP-10925,Telcel,Instagram Ads,Alcance,25-34,02/03/25,387238,171,33,58629.25,62005.79
CMP-7198,GM Financial,TikTok Ads,Reconocimiento,45-54,28/04/25,323384,8790,693,5111.21,89654.9
CMP-3657,Bimbo,LinkedIn Ads,Reconocimiento,55+,08/07/25,47568,4780,357,42972.93,165434.29
CMP-10395,Bimbo,LinkedIn Ads,Conversión,55+,05/04/25,334934,4759,240,36574.81,198609.4
CMP-9968,Telcel,TikTok Ads,Conversión,45-54,20/04/25,167643,14344,87,31704.78,72442.22
CMP-3619,Bimbo,TIKTOK ADS,Tráfico,35-44,15/01/25,467059,10869,535,39094.33,169093.94
CMP-6211,GM Financial,Facebook Ads,Tráfico,35-44,09/05/25,212744,14906,612,20739.13,138268.17
CMP-9422, GM Financial  ,YOUTUBE ADS,Leads,45-54,23/01/25,446595,10856,750,55327.69,22948.28
CMP-8051, Telcel  ,Instagram Ads,Leads,18-24,26/08/25,406361,3339,365,37640.68,
CMP-6364, Cerveza Modelo  ,Facebook Ads,Conversión,25-34,03/09/25,88562,14146,695,78822.44,170260.78
CMP-4716,GM Financial,TikTok Ads,Conversión,18-24,21/05/25,119694,6831,354,44436.5,143601.75
CMP-4392,Banco Azteca,TikTok Ads,Leads,35-44,16/08/25,309785,7827,65,47738.2,79196.39
CMP-10594,OnStar,Facebook Ads,Tráfico,35-44,25/10/25,458825,13751,37,13615.55,214896.35
CMP-5828,Cerveza Modelo,Facebook Ads,Conversión,45-54,16/07/25,235102,8807,375,35767.92,52154.25
CMP-6214, Liverpool  ,YouTube Ads,Tráfico,18-24,03/02/25,242232,10525,145,78123.53,70027.4
CMP-5359,Banco Azteca,Instagram Ads,Alcance,25-34,15/08/25,99683,2940,742,78366.34,75253.39
CMP-6581,Aeroméxico,TikTok Ads,Alcance,25-34,06/10/25,441081,10561,702,70829.81,137449.14
CMP-8487,Liverpool,Google Ads,Tráfico,45-54,06/10/25,110579,12270,68,74318.45,206661.24
CMP-4324, Bimbo  ,Google Ads,Alcance,25-34,05/10/25,42492,3683,227,81604.16,186269.32
CMP-3752,Bimbo,Instagram Ads,leads,45-54,15/10/25,262633,11691,529,28203.37,122355.56
CMP-5200,GM Financial,TikTok Ads,Reconocimiento,35-44,27/02/25,294630,3711,778,65106.5,15899.97
CMP-5371,Telcel,YouTube Ads,Reconocimiento,55+,05/01/25,84026,9799,302,28999.35,129933.48
CMP-8515,Aeroméxico,Google Ads,tráfico,18-24,31/07/25,53702,11828,751,40009.42,131696.3
CMP-7954, Telcel  ,Facebook Ads,Reconocimiento,25-34,05/09/25,233479,2896,591,70399.33,126137.33
CMP-6289,OnStar,Instagram Ads,Conversión,55+,28/07/25,433711,4175,152,43057.26,91691.82
CMP-4830, Cerveza Modelo  ,Instagram Ads,Tráfico,45-54,28/02/25,387576,10538,122,43259.05,133592.16
CMP-6768,GM Financial,Facebook Ads,Leads,25-34,24/07/25,110765,2913,391,72464.99,13101.22
CMP-5037, Banco Azteca  ,YouTube Ads,conversión,55+,26/04/25,437173,13923,211,71296.85,119076.21
CMP-2396, Banco Azteca  ,INSTAGRAM ADS,Alcance,18-24,13/06/25,167794,7973,379,29173.94,117661.24
CMP-10334,Cerveza Modelo,TikTok Ads,Alcance,25-34,29/05/25,388281,6455,573,23740.23,148525.49
CMP-8398,Liverpool,TIKTOK ADS,Leads,45-54,20/08/25,113502,8867,321,38748.45,46700.82
CMP-9121,Telcel,YouTube Ads,Leads,35-44,13/08/25,84695,8803,618,32796.1,199286.74
CMP-7702,Liverpool,YOUTUBE ADS,Alcance,,26/05/25,38727,11872,175,,156484.76
CMP-5931,Cerveza Modelo,Instagram Ads,conversión,18-24,04/01/25,373014,8330,565,79839.1,135575.59
CMP-9241,Aeroméxico,Facebook Ads,Conversión,55+,21/04/25,188893,11746,684,37001.06,192345.86
CMP-5159,Bimbo,TikTok Ads,Conversión,25-34,09/06/25,16139,9430,228,81929.4,
CMP-7009, Bimbo  ,TikTok Ads,Leads,35-44,27/10/25,245841,8712,238,39153.24,154161.14
CMP-7202,Bimbo,LinkedIn Ads,Conversión,45-54,03/10/25,127877,3057,133,77435.44,
CMP-9012,Banco Azteca,Instagram Ads,Alcance,25-34,17/06/25,230216,1101,101,33595.28,184538.75
CMP-1191,GM Financial,Google Ads,Tráfico,55+,28/08/25,363362,5581,500,7543.59,196679.25
CMP-9493,Liverpool,YouTube Ads,Reconocimiento,25-34,24/07/25,412233,5530,606,16228.14,216711.35
CMP-3236,Bimbo,YouTube Ads,Tráfico,25-34,26/02/25,402931,12706,,10496.74,74104.09
CMP-7551,GM Financial,TikTok Ads,Alcance,18-24,13/08/25,354634,13328,427,31986.02,218312.55
CMP-9114,Aeroméxico,LinkedIn Ads,Tráfico,55+,13/10/25,209293,780,690,47350.89,49046.42
CMP-8646,GM Financial,YOUTUBE ADS,Conversión,35-44,26/08/25,28185,10260,242,53624.41,31263.17
CMP-10993,Cerveza Modelo,Google Ads,Conversión,25-34,28/09/25,93404,3511,222,38618.99,157656.29
CMP-3232,Aeroméxico,Facebook Ads,Leads,45-54,21/07/25,49723,10081,205,84654.42,72507.97
CMP-7695,Cerveza Modelo,YouTube Ads,alcance,18-24,16/04/25,187018,9427,692,20760.71,73885.42
CMP-4632,Cerveza Modelo,LINKEDIN ADS,Alcance,18-24,14/03/25,204153,11510,758,19918.07,34019.96
CMP-5830,Telcel,Facebook Ads,Tráfico,55+,31/07/25,144444,4220,215,74377.62,182634.09
CMP-6381,Liverpool,,Reconocimiento,18-24,28/07/25,361190,13888,228,45265.9,137248.02
CMP-3762,Aeroméxico,Facebook Ads,Leads,35-44,28/04/25,103654,14022,303,58739.44,73376.71
CMP-9631,Banco Azteca,Google Ads,Alcance,35-44,22/07/25,29297,13944,371,37631.66,59474.36
CMP-5173,Liverpool,LinkedIn Ads,Reconocimiento,35-44,04/09/25,316122,11964,569,72404.49,215755.61
CMP-3766,Aeroméxico,YouTube Ads,Tráfico,55+,05/06/25,92727,717,309,45675.38,167593.32
CMP-6134,Liverpool,TIKTOK ADS,Leads,18-24,09/04/25,271601,14606,592,4824.53,141053.3
CMP-10897, Liverpool  ,Instagram Ads,Reconocimiento,18-24,01/07/25,487581,14394,579,13169.08,
CMP-8432,Cerveza Modelo,YOUTUBE ADS,Leads,45-54,19/04/25,445455,11337,224,24826.31,43806.87
CMP-10263,Liverpool,Google Ads,Conversión,25-34,16/07/25,420726,4219,544,38429.02,157690.15
CMP-6279,Aeroméxico,Instagram Ads,Conversión,35-44,06/06/25,20648,931,711,42527.06,6246.02
CMP-1636,Cerveza Modelo,YouTube Ads,Conversión,55+,11/06/25,450384,8712,594,39692.42,148593.96
CMP-6658,Banco Azteca,Google Ads,Reconocimiento,35-44,22/07/25,63818,3623,683,20903.37,138653.81
CMP-8744,Telcel,TikTok Ads,Conversión,25-34,25/03/25,181594,14001,15,44757.08,134145.67
CMP-1450,Aeroméxico,Google Ads,Leads,35-44,01/06/25,80007,640,513,41261.55,170156.09
CMP-2050,OnStar,Instagram Ads,conversión,55+,22/04/25,212497,4696,362,68991.48,113171.19
CMP-4876,Telcel,TikTok Ads,Conversión,45-54,10/08/25,329868,26,26,60171,145395.85
CMP-3538,Banco Azteca,LinkedIn Ads,Leads,18-24,22/05/25,254051,6215,704,69877.33,54668.32
CMP-4907,OnStar,Instagram Ads,Alcance,18-24,14/09/25,126264,290,264,56001.26,
CMP-10302,Aeroméxico,YouTube Ads,Reconocimiento,55+,13/05/25,179853,5720,698,2342.52,190711.09
CMP-7971,Liverpool,Facebook Ads,Alcance,25-34,11/01/25,416438,3662,53,37203.3,50269.57
CMP-10213,Telcel,Facebook Ads,Leads,25-34,17/01/25,329575,8486,331,68595.17,109607.18
CMP-3532,Cerveza Modelo,Facebook Ads,Reconocimiento,,21/10/25,64805,8022,,29421.97,13519.2
CMP-1407,Liverpool,Facebook Ads,Conversión,18-24,04/01/25,491857,9566,426,65504.58,103844.15
CMP-5501,Cerveza Modelo,Instagram Ads,alcance,18-24,15/10/25,51322,13678,54,74568.8,121097.95
CMP-2393,Liverpool,LinkedIn Ads,Tráfico,45-54,24/06/25,137081,407,48,54356.49,207092.94
CMP-4417,Aeroméxico,Google Ads,Tráfico,18-24,29/08/25,114549,6169,710,10426.18,164960.23
CMP-10558,Aeroméxico,TikTok Ads,Tráfico,45-54,14/10/25,46922,14451,95,77193.65,31034.61
CMP-4303,Banco Azteca,Instagram Ads,Conversión,25-34,09/04/25,256374,10729,592,70748.38,73358.78
CMP-8734,OnStar,,Conversión,45-54,26/04/25,42338,1458,,58619.56,28091.03
CMP-8986,OnStar,INSTAGRAM ADS,Conversión,25-34,08/05/25,134877,11546,392,27933.71,
CMP-5219,Liverpool,YouTube Ads,Reconocimiento,25-34,09/08/25,439295,7742,15,30503.9,98893.26
CMP-10787,Banco Azteca,Instagram Ads,Alcance,55+,18/03/25,43689,8972,149,1726.79,117119.55
CMP-2284,Bimbo,LinkedIn Ads,Reconocimiento,45-54,09/01/25,100090,9034,74,28471.17,63673.06
CMP-7263,GM Financial,TikTok Ads,Leads,55+,07/02/25,233208,12499,600,80572.66,19163.92
CMP-10070,Banco Azteca,Instagram Ads,Leads,55+,21/03/25,159808,855,569,74415.89,1960.08
CMP-8605,Cerveza Modelo,LinkedIn Ads,Reconocimiento,35-44,05/07/25,335227,4676,481,46254.01,128057.56
CMP-2548,Cerveza Modelo,Google Ads,Reconocimiento,35-44,28/02/25,249194,1191,16,,1195.73
CMP-6370,Cerveza Modelo,LinkedIn Ads,Reconocimiento,45-54,07/08/25,317645,13412,197,14875.82,101491.22
CMP-3113, GM Financial  ,TikTok Ads,Tráfico,45-54,15/04/25,417403,36,36,26369.78,
CMP-3544,Telcel,YouTube Ads,Tráfico,35-44,13/08/25,409118,21,21,13549.58,169538.99
CMP-10400,Telcel,LinkedIn Ads,Reconocimiento,55+,24/03/25,59655,6485,622,9244.08,36262.08
CMP-10449,Banco Azteca,YouTube Ads,Tráfico,35-44,09/03/25,469868,966,613,54473.75,9958.97
CMP-3528,Liverpool,LinkedIn Ads,Tráfico,25-34,08/05/25,140278,13894,514,59208.91,64304.72
CMP-4754,Liverpool,TikTok Ads,Reconocimiento,45-54,16/10/25,20875,5712,411,48680.51,124457.71
CMP-6301, Banco Azteca  ,YouTube Ads,Leads,18-24,16/03/25,261594,1025,773,74277.44,128127.9
CMP-6564,GM Financial,TikTok Ads,tráfico,18-24,16/01/25,44949,9784,279,23203.25,180430.78
CMP-5569,OnStar,Facebook Ads,Alcance,45-54,31/08/25,256906,7502,295,81827.55,153929.74
CMP-10615,Telcel,Facebook Ads,Reconocimiento,18-24,11/09/25,496977,14864,728,3254.75,150558.7
CMP-4842, Banco Azteca  ,INSTAGRAM ADS,Conversión,45-54,04/05/25,127957,11363,121,68940.07,
CMP-2805,GM Financial,YouTube Ads,Tráfico,18-24,10/04/25,375473,6497,300,,19555.38
CMP-4463,Bimbo,Facebook Ads,conversión,45-54,10/10/25,156992,5605,709,71262.62,33353.19
CMP-1977,Aeroméxico,TikTok Ads,alcance,45-54,10/06/25,27615,10849,518,81264.43,146877.38
CMP-10610,GM Financial,LinkedIn Ads,leads,45-54,12/03/25,99879,6446,480,25890.37,34151.04
CMP-3867,OnStar,Facebook Ads,Reconocimiento,45-54,24/08/25,37973,1408,624,,196074.24
CMP-2869,Aeroméxico,TikTok Ads,Reconocimiento,45-54,27/02/25,316282,6672,628,11652.88,96329.9
CMP-4130,Telcel,Instagram Ads,Reconocimiento,35-44,30/06/25,457894,2923,528,38924.17,15477.53
CMP-8377,OnStar,Google Ads,conversión,18-24,13/10/25,396867,324,209,8848.4,204320.25
CMP-2191,Banco Azteca,TikTok Ads,Conversión,35-44,15/10/25,287988,9240,69,62535.98,
CMP-8267,Liverpool,LinkedIn Ads,Leads,35-44,14/04/25,219391,2019,535,47399.11,164528.41
CMP-3354, GM Financial  ,YOUTUBE ADS,Tráfico,18-24,03/06/25,487492,8397,100,40647.8,122081.07
CMP-1966,Telcel,YouTube Ads,Leads,18-24,21/10/25,373895,1809,480,8389.63,204205.66
CMP-3345,Cerveza Modelo,YouTube Ads,Reconocimiento,45-54,07/01/25,412098,11654,686,,201821.57
CMP-9796,Telcel,INSTAGRAM ADS,Leads,45-54,21/05/25,351207,9758,34,43063.38,51227.44
CMP-2640,GM Financial,Google Ads,Reconocimiento,55+,29/04/25,12376,9956,202,7971.3,102757.67
CMP-6351,Aeroméxico,YouTube Ads,Alcance,25-34,10/08/25,177812,12422,204,41140.91,
CMP-2658,Cerveza Modelo,Instagram Ads,Tráfico,25-34,04/07/25,296266,4169,5,,132155.76
CMP-1187,GM Financial,Google Ads,Conversión,25-34,21/10/25,187589,7076,491,49809.03,110749.55
CMP-5289,OnStar,FACEBOOK ADS,Conversión,55+,26/09/25,333287,2862,34,59999.76,38668.7
CMP-5875,Telcel,Google Ads,Leads,55+,24/09/25,150189,3944,16,54726.32,
CMP-9258,Liverpool,YouTube Ads,Tráfico,18-24,26/09/25,452433,3173,506,21771.42,29879.1
CMP-4677, OnStar  ,Instagram Ads,Reconocimiento,25-34,25/03/25,446884,11262,788,38518.39,59601.81
CMP-4565,GM Financial,Google Ads,Reconocimiento,18-24,20/03/25,433190,3148,465,5720.73,7238.23
CMP-5935,Banco Azteca,Instagram Ads,Leads,45-54,01/01/25,253077,1284,257,18131.53,211876.84
CMP-1159,Cerveza Modelo,GOOGLE ADS,Tráfico,35-44,23/04/25,442195,9883,106,3756.39,15768.06
CMP-9248,Bimbo,YouTube Ads,Conversión,18-24,09/03/25,283505,1031,61,46866.55,191004.15
CMP-2819,Aeroméxico,Facebook Ads,Alcance,55+,29/05/25,419735,6478,677,69933.65,37226.32
CMP-1932,GM Financial,TikTok Ads,Tráfico,,14/04/25,219135,341,341,69614.59,32615.75
CMP-7883,Banco Azteca,YouTube Ads,Tráfico,55+,09/01/25,205830,7024,13,62369.57,4589.82
CMP-1107,Aeroméxico,YouTube Ads,Conversión,18-24,26/07/25,495116,1798,268,64091.63,
CMP-5147,Bimbo,YouTube Ads,Leads,18-24,15/07/25,359373,5250,671,81546.45,11304.5
CMP-10757, Telcel  ,Google Ads,Tráfico,18-24,23/08/25,346254,4683,727,46861.41,203018.62
CMP-9806,Telcel,,Conversión,25-34,13/03/25,293617,10770,164,19643.28,151539.96
CMP-8733,Liverpool,YOUTUBE ADS,Tráfico,45-54,19/04/25,29358,11494,595,81310.88,73975.37
CMP-8026,Bimbo,YouTube Ads,Tráfico,35-44,26/05/25,374161,8772,709,57898.18,204869.2
CMP-1776,Liverpool,YouTube Ads,Alcance,18-24,29/06/25,194551,14845,617,61178.27,112890.7
CMP-10290,OnStar,Instagram Ads,Conversión,35-44,27/07/25,131532,13869,396,42212.26,50641.39
CMP-5788,OnStar,TikTok Ads,Tráfico,18-24,30/09/25,252537,8048,779,4187.69,188768.84
CMP-1956,Telcel,FACEBOOK ADS,Leads,18-24,17/05/25,313095,2866,426,36144.43,15109.4
CMP-5197,Bimbo,GOOGLE ADS,Conversión,55+,03/10/25,215301,7141,254,75407.21,193995.11
CMP-1326,Aeroméxico,Instagram Ads,conversión,55+,09/07/25,159963,11366,554,38506.92,79222.81
CMP-8801, Liverpool  ,Instagram Ads,Leads,18-24,18/02/25,440234,88,88,57187.75,67325.81
CMP-8232,GM Financial,Instagram Ads,Tráfico,18-24,20/10/25,344830,11965,675,12785.09,179983.35
CMP-2508,Cerveza Modelo,INSTAGRAM ADS,Leads,18-24,03/05/25,36495,5516,696,24068.46,87047.71
CMP-3473,Banco Azteca,Facebook Ads,Leads,45-54,11/06/25,497065,1000,98,33974.16,165459.16
CMP-6766,Cerveza Modelo,Instagram Ads,Alcance,25-34,28/03/25,302074,12879,246,51648.33,166605.02
CMP-7601,Liverpool,TikTok Ads,Alcance,18-24,28/01/25,420883,4621,308,,22811.37
CMP-7031,Banco Azteca,Facebook Ads,alcance,35-44,15/04/25,48929,4026,724,30782.46,184990.41
CMP-8039,Telcel,GOOGLE ADS,Alcance,18-24,02/06/25,300933,13667,679,57305.95,207808.54
CMP-7190,GM Financial,Instagram Ads,Reconocimiento,35-44,21/06/25,36917,104,104,36831.38,190749.64
CMP-4316, Liverpool  ,TikTok Ads,Alcance,45-54,27/02/25,287733,1910,47,48283.87,1767.15
CMP-9488,Aeroméxico,YouTube Ads,Tráfico,45-54,22/09/25,274489,180,180,3069.94,157752.79
CMP-4381,OnStar,Google Ads,reconocimiento,25-34,28/06/25,365320,1285,178,,102030.63
CMP-9479,Cerveza Modelo,TikTok Ads,Alcance,25-34,06/07/25,29815,5939,151,55039.86,140587.01
CMP-4722,Cerveza Modelo,TIKTOK ADS,Reconocimiento,45-54,14/04/25,479925,3239,282,29242.44,7985.45
CMP-7287, Bimbo  ,LinkedIn Ads,Reconocimiento,45-54,04/07/25,52847,14964,658,56241.11,103848.33
CMP-8530,Telcel,TIKTOK ADS,Reconocimiento,55+,24/06/25,82619,596,89,14438.88,172268.22
CMP-7396,GM Financial,TikTok Ads,Reconocimiento,18-24,01/04/25,70765,3082,533,22696.72,119151.75
CMP-1562,OnStar,Instagram Ads,Conversión,45-54,16/09/25,7712,2226,754,82349.13,163184.46
CMP-7913,OnStar,INSTAGRAM ADS,Reconocimiento,25-34,22/06/25,89720,6407,174,22591.49,131882.63
CMP-10671,Banco Azteca,Google Ads,Conversión,25-34,24/04/25,197370,4685,494,50358.54,27921.52
CMP-4012,Bimbo,Google Ads,Tráfico,45-54,20/03/25,330527,1632,277,41714.95,196413.6
CMP-2742, GM Financial  ,LinkedIn Ads,Tráfico,45-54,17/04/25,148707,5201,794,71052.73,36330.29
CMP-8173,Cerveza Modelo,Facebook Ads,Conversión,55+,01/05/25,223179,7584,69,63839.77,4673.89
CMP-9449,Bimbo,Google Ads,Conversión,35-44,13/04/25,70982,12945,582,45554.31,47764.8
CMP-10112, Telcel  ,,Alcance,45-54,02/02/25,199842,5745,759,76552.73,101376.16
CMP-8015,Cerveza Modelo,LinkedIn Ads,Tráfico,,21/06/25,42530,12440,465,25528.91,15340.66
CMP-6422,Liverpool,LinkedIn Ads,Leads,18-24,07/02/25,345447,5775,748,8502.52,
CMP-8711,Banco Azteca,LinkedIn Ads,Conversión,25-34,19/10/25,1458,1458,473,13994.94,67647.92
CMP-3285,Bimbo,YOUTUBE ADS,reconocimiento,55+,04/05/25,49861,11493,451,73489.52,87721.06
CMP-6541,Liverpool,Instagram Ads,Tráfico,25-34,24/04/25,386752,12219,476,48867,117941.46
CMP-5379,Telcel,LinkedIn Ads,Alcance,55+,28/02/25,482846,435,435,75901.78,207035.12
CMP-2818,Banco Azteca,Instagram Ads,Alcance,25-34,29/04/25,55368,5786,96,9726.3,180423.9
CMP-4017, Banco Azteca  ,,Conversión,18-24,02/08/25,413728,9718,637,60832.09,21285.62
CMP-1762,GM Financial,LinkedIn Ads,Tráfico,25-34,21/08/25,296881,940,199,23031.47,11753.86
CMP-7670,Bimbo,GOOGLE ADS,Leads,45-54,07/07/25,180490,12483,553,13482.38,167045.9
CMP-10186,Banco Azteca,Google Ads,Reconocimiento,55+,17/04/25,52675,1210,490,63838.33,117044.67
CMP-6185,Telcel,Google Ads,Conversión,25-34,27/02/25,354454,1032,596,71699.97,172939.4
CMP-10778,Liverpool,TikTok Ads,Leads,25-34,07/06/25,450170,695,113,62493.24,38176.17
CMP-7529,Telcel,INSTAGRAM ADS,Tráfico,18-24,05/09/25,297073,1583,,67219.11,44094.57
CMP-2114,Telcel,INSTAGRAM ADS,Reconocimiento,18-24,25/09/25,369989,2416,5,66912.41,135907.56
CMP-1669,Telcel,Facebook Ads,Leads,35-44,10/03/25,339512,1516,76,46778.57,37491.08
CMP-4301,Aeroméxico,YouTube Ads,Tráfico,18-24,04/04/25,366375,2113,250,58569.1,86827.04
CMP-6769,Bimbo,GOOGLE ADS,Tráfico,25-34,06/10/25,343634,3048,247,15146.83,106009.46
CMP-2206,GM Financial,LINKEDIN ADS,Reconocimiento,25-34,13/04/25,57646,8869,620,6474.78,36054.5
CMP-4664,Aeroméxico,YouTube Ads,Alcance,18-24,29/03/25,206549,5850,705,15429.18,118687.7
CMP-5992,Bimbo,YouTube Ads,Tráfico,35-44,28/04/25,244897,12666,358,63006.34,116694.92
CMP-4077,Bimbo,FACEBOOK ADS,Leads,35-44,22/06/25,204736,1028,495,81994.46,87343.2
CMP-7566,Telcel,Facebook Ads,Alcance,35-44,27/02/25,235583,13383,54,56196.54,51676.44
CMP-10029,GM Financial,LinkedIn Ads,tráfico,25-34,17/02/25,15826,2563,385,51338.69,178426.08
CMP-3502,Cerveza Modelo,YouTube Ads,Alcance,18-24,06/08/25,233365,8424,218,4031.31,162991.33
CMP-1176,Aeroméxico,TikTok Ads,Conversión,25-34,10/05/25,387285,2275,470,8088.42,37433.1
CMP-10837,Banco Azteca,YouTube Ads,Tráfico,55+,16/07/25,343831,10309,503,80287.03,95841.21
CMP-8057,OnStar,Instagram Ads,Conversión,25-34,17/01/25,76205,12842,660,12124.34,186261.09
CMP-2295,Liverpool,Instagram Ads,leads,18-24,15/08/25,275668,13748,469,34597.42,211473.91
CMP-8654,OnStar,Instagram Ads,Conversión,25-34,27/03/25,355170,14020,89,2711.18,18888.78
CMP-4730,Liverpool,Google Ads,Leads,,16/10/25,147432,5893,744,19493.96,91931.13
CMP-7764,Liverpool,LinkedIn Ads,Conversión,45-54,21/06/25,146853,8160,634,11068.07,98527.09
CMP-7073,Telcel,YouTube Ads,Tráfico,25-34,03/09/25,341721,5086,624,51149.51,26968.22
CMP-7765,Banco Azteca,Facebook Ads,Leads,18-24,05/03/25,163043,7021,676,15775.08,117719.23
CMP-3242,GM Financial,TikTok Ads,Reconocimiento,55+,09/08/25,325390,7368,547,74800.68,131376.04
CMP-1410,OnStar,Instagram Ads,Tráfico,18-24,04/09/25,469961,12452,670,38295.83,158490.16
CMP-9865,Liverpool,LinkedIn Ads,Alcance,45-54,01/01/25,480883,9823,643,59248.73,213230.19
CMP-7594,Aeroméxico,TikTok Ads,Conversión,55+,15/04/25,94709,6211,744,68674.42,101151.22
CMP-3434,Bimbo,TikTok Ads,Leads,25-34,25/09/25,190124,4324,83,61422.3,103864.71
CMP-4383,GM Financial,Facebook Ads,Conversión,55+,27/08/25,320390,14516,626,59001.38,
CMP-7902,Cerveza Modelo,Google Ads,Alcance,25-34,04/04/25,39139,10621,24,35806.32,71528.56
CMP-9085,Cerveza Modelo,TikTok Ads,Leads,35-44,27/02/25,400255,10007,686,,
CMP-10745,Telcel,Facebook Ads,Tráfico,45-54,14/05/25,389718,7982,181,45407.97,197951.98
CMP-8164,Aeroméxico,LinkedIn Ads,Tráfico,45-54,17/02/25,152452,14432,774,77209.03,
CMP-9586,Bimbo,LINKEDIN ADS,Tráfico,45-54,19/10/25,384796,1198,302,69078.22,115444.83
CMP-6233,GM Financial,LinkedIn Ads,Conversión,18-24,09/01/25,243832,11239,355,16476.73,175916.19
CMP-6408,Banco Azteca,Google Ads,Conversión,55+,16/02/25,314549,1534,203,26206.85,215095.26
CMP-7003,Aeroméxico,TikTok Ads,Reconocimiento,45-54,24/05/25,459458,5869,308,10752.72,27414.34
CMP-10322,OnStar,Google Ads,Leads,25-34,09/08/25,110438,13570,788,78712.32,25257.71
CMP-10116, OnStar  ,GOOGLE ADS,Conversión,55+,15/08/25,381253,2371,288,47208.21,156277.57
CMP-7041,Liverpool,Instagram Ads,Leads,45-54,24/03/25,287213,6273,682,22228.19,
CMP-4589,Liverpool,Facebook Ads,Alcance,35-44,23/02/25,253683,2346,628,65237.64,106222.5
CMP-1990,Liverpool,LinkedIn Ads,Tráfico,25-34,08/07/25,84161,13692,336,29272.49,6891.81
CMP-9223, Bimbo  ,YouTube Ads,tráfico,35-44,28/07/25,63496,12736,746,79195.18,78577.15
CMP-2298,Liverpool,Facebook Ads,Alcance,45-54,30/03/25,497595,13495,602,32449.33,16436.16
CMP-8470,GM Financial,Instagram Ads,Tráfico,25-34,24/08/25,232067,6524,13,63134.06,158461.34
CMP-8819,Bimbo,TikTok Ads,Reconocimiento,55+,07/01/25,458478,6382,207,72461.47,24542.55
CMP-7192,Banco Azteca,Facebook Ads,Reconocimiento,18-24,03/07/25,95653,8882,513,41898.72,91684.69
CMP-3052,GM Financial,Google Ads,Reconocimiento,35-44,21/08/25,421249,12579,182,6335.25,2575.2
CMP-2744,GM Financial,Instagram Ads,Reconocimiento,18-24,04/05/25,1248,926,625,66808.11,168582.38
CMP-2747,Cerveza Modelo,YouTube Ads,Tráfico,35-44,22/07/25,111497,13104,424,25825.05,150925.4
CMP-9622,Bimbo,Facebook Ads,Alcance,45-54,02/10/25,213707,14290,56,9376.59,75813.18
CMP-5709,OnStar,LinkedIn Ads,Conversión,55+,25/08/25,98539,9476,372,74896.19,75496.3
CMP-6322,Bimbo,Facebook Ads,Alcance,35-44,24/03/25,343683,1856,45,45441.37,141055.69
CMP-8765,Banco Azteca,YouTube Ads,Conversión,45-54,22/07/25,63077,3599,1,61391.1,185136.48
CMP-3024, GM Financial  ,Instagram Ads,Reconocimiento,18-24,03/09/25,181426,5006,732,41788.87,60624.83
CMP-1502,Banco Azteca,LinkedIn Ads,Reconocimiento,55+,18/08/25,322841,11330,19,75201.31,215657.56
CMP-3907,OnStar,YOUTUBE ADS,Alcance,45-54,18/06/25,270429,7591,469,,39697.66
CMP-3286,Aeroméxico,LinkedIn Ads,Leads,18-24,16/03/25,32709,5409,276,66093.86,111684.44
CMP-1605,Cerveza Modelo,LINKEDIN ADS,Tráfico,35-44,04/03/25,118502,9520,258,64646.15,96954.94
CMP-3336,Telcel,YOUTUBE ADS,Conversión,18-24,13/02/25,77656,1053,51,26260.71,157677.41
CMP-8422,Telcel,TikTok Ads,Leads,18-24,31/01/25,489193,9404,353,12714.33,
CMP-5459,Cerveza Modelo,Google Ads,Alcance,25-34,15/10/25,4410,4410,153,38655.63,95836.43
CMP-3705,Bimbo,YouTube Ads,Alcance,55+,27/05/25,371126,10811,566,6790.9,180154.39
CMP-2897,Liverpool,Facebook Ads,tráfico,35-44,06/10/25,362553,14188,14,81808.03,34184.79
CMP-2247,OnStar,Google Ads,Tráfico,25-34,22/05/25,57277,716,81,59146.08,
CMP-3562,Telcel,Facebook Ads,Leads,25-34,03/08/25,177571,7712,16,62504.86,86359.06
CMP-8266,GM Financial,Instagram Ads,reconocimiento,55+,27/01/25,263862,11479,611,75435.94,13840.32
CMP-9371,OnStar,YouTube Ads,Leads,35-44,29/05/25,75453,5157,268,5236.31,178680.07
CMP-8163,OnStar,LinkedIn Ads,Tráfico,55+,30/07/25,408939,2351,69,69022.7,
CMP-6537,Cerveza Modelo,YouTube Ads,Reconocimiento,45-54,05/10/25,326720,11459,283,16767.16,160905.88
CMP-5131, Banco Azteca  ,Google Ads,Leads,35-44,13/01/25,234455,2036,763,27899.24,148637.31
CMP-10825,Cerveza Modelo,Instagram Ads,Leads,35-44,31/08/25,274636,11705,718,81123.89,120034.75
CMP-4190,Banco Azteca,YouTube Ads,Leads,45-54,24/06/25,281478,11652,735,84102.82,119205.9
CMP-6780,Cerveza Modelo,Google Ads,Reconocimiento,25-34,19/03/25,212755,8119,0,47975.78,181703.52
CMP-9004,GM Financial,,Alcance,55+,18/06/25,241100,7450,66,45253.15,163056.08
CMP-5405,Aeroméxico,TikTok Ads,Leads,18-24,01/07/25,48493,7142,306,25622.43,152270.48
CMP-7114,Telcel,FACEBOOK ADS,Leads,18-24,14/02/25,200356,12948,313,35454.99,131456.53
CMP-1997,Telcel,Facebook Ads,Conversión,35-44,01/02/25,243108,70,70,70590.27,203544.6
CMP-8773,OnStar,Instagram Ads,Leads,25-34,26/08/25,224590,720,215,68408.34,202366.28
CMP-9272,GM Financial,TikTok Ads,Conversión,55+,28/01/25,98541,14994,180,70824.12,193099.13
CMP-4794,GM Financial,YouTube Ads,Conversión,45-54,21/08/25,97053,4153,581,57269.28,142248.22
CMP-10466,Telcel,FACEBOOK ADS,Alcance,45-54,25/04/25,463334,2497,282,26322.39,87832.2
CMP-5537, OnStar  ,Facebook Ads,Conversión,45-54,24/06/25,455158,1580,148,32854.45,112690.81
CMP-10737,Banco Azteca,TikTok Ads,Conversión,45-54,06/08/25,451286,11682,307,41674.47,41901.89
CMP-6492,Telcel,Google Ads,conversión,25-34,13/10/25,322568,480,28,57783.84,22998
CMP-2958,Bimbo,GOOGLE ADS,Reconocimiento,35-44,20/04/25,252593,13341,234,6285.33,8375.07
CMP-4247,GM Financial,,Reconocimiento,18-24,03/06/25,424890,6194,284,66339.03,149072.34
CMP-8842, Bimbo  ,YouTube Ads,Conversión,55+,10/09/25,299170,11579,225,36600.17,65343.01
CMP-8190,Bimbo,Facebook Ads,Alcance,18-24,15/05/25,52354,8991,82,74408.73,57622.43
CMP-5302,Telcel,Google Ads,Reconocimiento,,29/07/25,311361,4009,711,29817.51,
CMP-5090, Aeroméxico  ,Google Ads,Leads,,01/03/25,427845,7155,472,43398.3,12259.44
CMP-4297,Telcel,Facebook Ads,Alcance,25-34,30/03/25,83342,1229,2,63982.72,175325.29
CMP-6161, Telcel  ,YouTube Ads,Alcance,18-24,13/04/25,428432,2182,87,63944.39,
CMP-1487,Liverpool,Google Ads,Alcance,55+,11/02/25,81340,3543,548,14830.99,104405.83
CMP-2552, OnStar  ,TikTok Ads,Alcance,55+,04/02/25,134139,1434,473,76384.95,161894.05
CMP-3639,Cerveza Modelo,YouTube Ads,Reconocimiento,18-24,19/09/25,410050,5921,219,52295.41,137319.4
CMP-4808,OnStar,LinkedIn Ads,Leads,25-34,16/05/25,348988,9328,577,43722.61,94025.62
CMP-10372,Telcel,LinkedIn Ads,Alcance,45-54,28/05/25,123624,8265,6,,164453.97
CMP-3256,GM Financial,TikTok Ads,Reconocimiento,45-54,01/03/25,303858,6022,620,11510.61,115594.05
CMP-3373,Bimbo,GOOGLE ADS,Leads,55+,28/01/25,367662,8219,72,56342.03,92337.2
CMP-3629,Liverpool,Instagram Ads,Tráfico,55+,12/05/25,130967,4325,103,58693.69,216186.62
CMP-1825,Banco Azteca,YOUTUBE ADS,Tráfico,25-34,16/09/25,321205,9050,722,39495.4,16400.59
CMP-4073,Banco Azteca,Google Ads,Conversión,25-34,17/05/25,443610,2176,760,3177.11,63287.92
CMP-9557,Liverpool,TikTok Ads,Conversión,18-24,29/03/25,136162,11780,449,84408.51,
CMP-9755,Telcel,TIKTOK ADS,reconocimiento,45-54,31/05/25,31935,12938,273,54751.39,
CMP-4966,Cerveza Modelo,TikTok Ads,Tráfico,18-24,02/03/25,67660,8824,596,74206.26,139380.43
CMP-3925,Cerveza Modelo,Facebook Ads,Alcance,25-34,06/02/25,454310,10620,288,83531.32,48735.04
CMP-7407, Cerveza Modelo  ,,Reconocimiento,35-44,21/02/25,49055,9191,485,62374.37,160242.66
CMP-6076,Banco Azteca,FACEBOOK ADS,Alcance,45-54,20/06/25,373980,7467,479,57391.7,100695.63
CMP-9605,Aeroméxico,INSTAGRAM ADS,Leads,25-34,27/02/25,120686,14626,,6530.06,71288.82
CMP-10160,Telcel,YouTube Ads,Alcance,55+,03/03/25,489428,1166,195,19528.28,104144.01
CMP-2738,Banco Azteca,Google Ads,Conversión,25-34,16/08/25,81032,3605,206,50063.06,10962.83
CMP-3474,Liverpool,Instagram Ads,Alcance,35-44,17/09/25,386893,10068,322,13795.42,168628.63
CMP-1461,Cerveza Modelo,Instagram Ads,Alcance,35-44,30/09/25,331885,3475,301,7484.47,
CMP-4940,Aeroméxico,YouTube Ads,Conversión,18-24,12/06/25,124318,12902,413,6263.64,128565.2
CMP-9298,Telcel,Instagram Ads,Tráfico,45-54,06/02/25,478349,3296,569,35419.13,52680.34
CMP-4792,Liverpool,Facebook Ads,Conversión,25-34,27/03/25,456577,8757,714,2046.03,135017.2
CMP-7049, Bimbo  ,LinkedIn Ads,leads,45-54,11/04/25,358149,3608,700,16429.67,207833.76
CMP-1594,Liverpool,FACEBOOK ADS,Reconocimiento,55+,08/09/25,17193,4487,378,,57067.58
CMP-3659,Bimbo,Instagram Ads,Alcance,18-24,09/07/25,83771,14948,35,61296.99,100972.38
CMP-8475,Bimbo,Instagram Ads,Tráfico,45-54,01/07/25,438303,596,596,25084.12,167528.95
CMP-3854,Telcel,YOUTUBE ADS,Reconocimiento,55+,03/09/25,261889,4021,490,53190.78,70131.64
CMP-8949,Cerveza Modelo,Facebook Ads,Reconocimiento,45-54,13/07/25,460288,6950,558,76512.74,67323.42
CMP-9482, Cerveza Modelo  ,YouTube Ads,Alcance,25-34,25/02/25,311156,12883,658,25401.29,85247.05
CMP-5823,Liverpool,TikTok Ads,Tráfico,45-54,22/04/25,250988,9262,624,4032.98,84562.86
CMP-10327, GM Financial  ,Facebook Ads,Reconocimiento,25-34,10/07/25,466239,9227,547,8799.03,58908.55
CMP-8028,Cerveza Modelo,YouTube Ads,Reconocimiento,45-54,04/01/25,159089,11703,626,39817.83,171788.91
CMP-1543,Aeroméxico,TikTok Ads,Alcance,25-34,22/06/25,458953,4897,220,14109.95,123616.74
CMP-2655,Bimbo,,Reconocimiento,45-54,06/05/25,357341,14790,683,68496.69,175424.05
CMP-5565,Telcel,TikTok Ads,Leads,,25/10/25,404843,10593,757,35911.65,89894.68
CMP-2019,Banco Azteca,YouTube Ads,Leads,55+,28/03/25,340579,1287,613,703.97,136138.75
CMP-8652,Telcel,YouTube Ads,Conversión,55+,07/03/25,242983,2607,243,66608.5,123905.08
CMP-8476,OnStar,TikTok Ads,Tráfico,55+,06/09/25,77819,8043,383,73577.64,205368.82
CMP-2750,Cerveza Modelo,Instagram Ads,Leads,45-54,04/10/25,42648,3895,543,24517.19,162520.9
CMP-6305,Banco Azteca,YouTube Ads,Tráfico,55+,04/08/25,144443,5339,328,46881.39,131001.6
CMP-8992,Bimbo,Facebook Ads,Tráfico,45-54,08/06/25,111181,3158,192,72946.8,126210.79
CMP-8650, Liverpool  ,LinkedIn Ads,Conversión,55+,08/01/25,77098,13362,209,39414.24,142926.71
CMP-4817, Telcel  ,YouTube Ads,Conversión,18-24,18/02/25,174415,1754,23,67710.19,167424.59
CMP-10147,Telcel,YouTube Ads,Leads,25-34,27/10/25,138731,758,698,52753.42,102764.96
CMP-6564,GM Financial,TikTok Ads,tráfico,18-24,16/01/25,44949,9784,279,23203.25,180430.78
CMP-9434,GM Financial,TikTok Ads,Reconocimiento,55+,06/09/25,341234,899,665,28985.79,113159.52
CMP-7123,Bimbo,Facebook Ads,Tráfico,,03/02/25,33168,13544,155,49239.17,67302.73
CMP-7240,GM Financial,TikTok Ads,Alcance,25-34,28/09/25,340594,6732,395,22849.87,26429.58
CMP-5885, OnStar  ,LinkedIn Ads,Conversión,25-34,28/04/25,359895,4867,231,6271.38,204950.71
CMP-3712,OnStar,,Tráfico,18-24,10/02/25,384581,8222,258,,87423.28
CMP-1133,Banco Azteca,Google Ads,Reconocimiento,55+,14/05/25,257080,5586,70,13166.69,193522.91
CMP-10146,GM Financial,Facebook Ads,Reconocimiento,35-44,24/09/25,222716,2919,340,57598.7,183427.54
CMP-7852,Aeroméxico,LinkedIn Ads,Tráfico,55+,03/06/25,311592,6785,563,41791.15,77046.4
CMP-8384,OnStar,Instagram Ads,Alcance,35-44,15/05/25,68687,10913,742,28555.01,10507.58
CMP-7107,GM Financial,Google Ads,Leads,25-34,26/07/25,425452,1589,614,49951.41,
CMP-5042,Banco Azteca,YouTube Ads,Alcance,55+,27/08/25,389863,2704,,34700.53,22381.55
CMP-3139,OnStar,Instagram Ads,Conversión,55+,01/08/25,453565,8596,253,30681.04,130395.53
CMP-6357,Telcel,LinkedIn Ads,Tráfico,25-34,28/02/25,54432,774,391,34327.13,208522.55
CMP-7300,Bimbo,Instagram Ads,Conversión,45-54,24/10/25,203550,4924,305,57072.1,4385.78
CMP-7081,Liverpool,LinkedIn Ads,Conversión,18-24,03/08/25,211691,6111,755,28750.84,17339.16
CMP-8488,Bimbo,Instagram Ads,Reconocimiento,25-34,17/05/25,448938,8100,,52742.51,163211.93
CMP-4010,Telcel,LinkedIn Ads,Reconocimiento,35-44,23/07/25,441530,9793,200,23699.8,209267.07
CMP-9382,OnStar,Facebook Ads,Tráfico,18-24,09/03/25,481715,10361,480,68305.87,65454.73
CMP-8346,OnStar,YouTube Ads,Leads,45-54,16/10/25,199226,5071,32,31418.65,4256.89
CMP-8044,GM Financial,YouTube Ads,Tráfico,18-24,03/04/25,242092,6224,154,59272.22,31408.19
CMP-3923,GM Financial,YouTube Ads,Leads,18-24,19/10/25,290903,11074,418,9135.74,143953.81
CMP-6294,Bimbo,Google Ads,reconocimiento,45-54,08/08/25,475403,13919,35,66327.08,134339.41
CMP-4795,Liverpool,Instagram Ads,Conversión,25-34,18/07/25,400897,13194,576,55364.65,83064.56
CMP-1296,Cerveza Modelo,LinkedIn Ads,Conversión,18-24,23/06/25,430989,13896,375,37528.21,
CMP-8962,Banco Azteca,Google Ads,Alcance,25-34,15/06/25,137740,12161,4,10994.72,21900.9
CMP-6096,Cerveza Modelo,,Tráfico,25-34,06/01/25,7719,1168,431,49982.46,87938.61
CMP-6383,Liverpool,Instagram Ads,Conversión,25-34,17/02/25,252491,9660,376,44862.83,87419.36
CMP-8448, Banco Azteca  ,Google Ads,Conversión,18-24,11/09/25,230141,9152,534,58479.03,59649.2
CMP-1093,OnStar,LinkedIn Ads,Alcance,35-44,04/08/25,267220,9687,297,83564.58,178205.47
CMP-3919,Aeroméxico,Facebook Ads,Conversión,25-34,30/01/25,408208,3546,402,71051.93,170401.24
CMP-3200,GM Financial,Google Ads,Reconocimiento,35-44,12/08/25,140582,10967,189,66001.57,183510.22
CMP-9570,Bimbo,Facebook Ads,Leads,25-34,31/01/25,498608,5678,465,1967.84,111391.37
CMP-8374,Bimbo,TIKTOK ADS,Alcance,35-44,25/02/25,3879,2850,23,22774.23,204456.98
CMP-10517,OnStar,TikTok Ads,Tráfico,45-54,09/04/25,452596,5319,108,72009.3,187101.46
CMP-5469,Telcel,Google Ads,Conversión,25-34,11/10/25,362440,1547,567,43729.41,134959.3
CMP-9208,Telcel,Google Ads,Alcance,45-54,04/04/25,183550,13750,175,5133.11,162128.85
CMP-3564,Cerveza Modelo,FACEBOOK ADS,Tráfico,45-54,24/03/25,395473,2753,581,61028.96,78339.74
CMP-6452,Telcel,YouTube Ads,Leads,55+,02/08/25,293624,13932,442,56030,12027.89
CMP-2358,Cerveza Modelo,LINKEDIN ADS,Tráfico,35-44,23/03/25,200890,8114,695,81292.16,133600.59
CMP-5305,Bimbo,Instagram Ads,Alcance,18-24,27/07/25,39522,9003,723,70318.22,
CMP-1340,Telcel,Instagram Ads,Leads,25-34,13/04/25,78174,1143,412,48593.91,107129.58
CMP-1498,Aeroméxico,,conversión,45-54,17/03/25,170035,8455,398,,
CMP-6706,Banco Azteca,YouTube Ads,Tráfico,45-54,03/06/25,99315,5484,654,7200.61,102954
CMP-6034,Banco Azteca,Google Ads,Alcance,25-34,30/05/25,343255,13301,26,68016.8,
CMP-2199,OnStar,YouTube Ads,Tráfico,25-34,27/04/25,1161,1161,263,20179.07,180125.62
CMP-10943,Liverpool,Instagram Ads,Reconocimiento,35-44,05/05/25,170530,547,547,766.99,194746.95
CMP-9741,Banco Azteca,YouTube Ads,Reconocimiento,18-24,10/02/25,436193,3021,705,16185.02,61920.76
CMP-6309,Bimbo,Instagram Ads,Tráfico,45-54,02/07/25,126402,4494,311,78705.57,30655.63
CMP-2850,Aeroméxico,Facebook Ads,Conversión,55+,17/08/25,463759,7804,364,65311.53,214746.23
CMP-4314,Bimbo,LinkedIn Ads,Alcance,18-24,24/04/25,243495,1421,528,29828.02,204846.23
CMP-5663,GM Financial,YouTube Ads,Tráfico,18-24,06/07/25,23371,6348,592,82108.99,165319.5
CMP-10961, Bimbo  ,YouTube Ads,Alcance,55+,26/01/25,29397,3950,357,78035.48,112649.38
CMP-2170,GM Financial,GOOGLE ADS,Leads,55+,02/10/25,150121,12254,334,30543.97,
CMP-10868,Bimbo,TIKTOK ADS,Conversión,35-44,15/04/25,192565,2244,153,78422.8,90997.12
CMP-8634,Bimbo,YouTube Ads,Reconocimiento,18-24,24/07/25,313913,1811,144,79830.75,61170.96
CMP-3470,Aeroméxico,TikTok Ads,Conversión,55+,21/01/25,364422,2378,747,26609.6,
CMP-6164,GM Financial,Instagram Ads,Leads,55+,19/06/25,308375,10750,293,47620.38,52717.54
CMP-1110, GM Financial  ,YouTube Ads,Conversión,25-34,28/06/25,132657,9230,620,36821.09,193162.23
CMP-4798,Aeroméxico,TIKTOK ADS,Leads,18-24,28/09/25,440894,13807,111,33415.29,145812.73
CMP-6109,Cerveza Modelo,,Tráfico,45-54,06/09/25,190770,3779,546,41054.13,36791.46
CMP-5620,Liverpool,YOUTUBE ADS,Leads,25-34,08/10/25,136557,8913,488,51946.03,2739.62
CMP-1434,Aeroméxico,TikTok Ads,Leads,55+,31/03/25,443018,6875,157,17456.28,110034.88
CMP-8216,Telcel,Google Ads,Conversión,18-24,11/10/25,451286,5604,83,59565.28,190751.76
CMP-2813,OnStar,TikTok Ads,Alcance,18-24,24/06/25,41085,14659,26,78491.21,101242.96
CMP-9911,Banco Azteca,LinkedIn Ads,Reconocimiento,18-24,17/01/25,323749,13588,385,20934.84,87002.48
CMP-1698,Telcel,Facebook Ads,Alcance,55+,22/01/25,129886,13875,256,55376.57,93883.89
CMP-5420,GM Financial,YouTube Ads,Tráfico,18-24,19/03/25,170904,815,220,76391.72,
CMP-2426,Aeroméxico,LinkedIn Ads,Reconocimiento,18-24,19/09/25,209779,1470,427,70524.1,9249.72
CMP-9972,Aeroméxico,YouTube Ads,Leads,55+,10/01/25,372775,4853,169,56709.84,60773.76
CMP-5755,GM Financial,Instagram Ads,Reconocimiento,18-24,13/06/25,467588,13496,355,20279.8,171281.21
CMP-10059,Banco Azteca,INSTAGRAM ADS,Reconocimiento,55+,17/03/25,163230,2910,33,50591.41,209495.3
CMP-4895,Aeroméxico,Google Ads,Conversión,18-24,09/05/25,346452,6448,658,82424.85,110625.25
CMP-2154, OnStar  ,YouTube Ads,Alcance,55+,23/10/25,212277,14399,516,15982.94,9790.18
CMP-1987,Cerveza Modelo,Instagram Ads,Alcance,35-44,28/05/25,92337,5535,0,25719.28,198485.18
CMP-9132, GM Financial  ,LinkedIn Ads,Alcance,35-44,11/08/25,470373,10384,512,15338.24,104381.01
CMP-8837,Cerveza Modelo,Instagram Ads,Leads,45-54,12/05/25,350349,8557,667,39156.45,37192.83
CMP-2216,OnStar,Instagram Ads,Conversión,25-34,20/06/25,57583,13245,645,11345.39,185537.12
CMP-8891,GM Financial,LinkedIn Ads,Alcance,18-24,07/05/25,61428,13007,235,9559.41,140033.39
CMP-8979,Aeroméxico,TikTok Ads,Leads,45-54,25/05/25,274571,13675,717,,65270.31
CMP-1735,GM Financial,Facebook Ads,Tráfico,35-44,06/07/25,276529,12136,178,66918.6,179404.35
CMP-2500,OnStar,LinkedIn Ads,Leads,25-34,13/04/25,24019,14300,51,45426.14,103816.14
CMP-7732,Liverpool,,Reconocimiento,45-54,08/01/25,441394,12680,144,44965.48,191618.5
CMP-6058,GM Financial,LinkedIn Ads,Conversión,35-44,16/05/25,409586,6870,522,21523.74,79378.58
CMP-4106,Cerveza Modelo,TikTok Ads,Alcance,18-24,12/04/25,133873,27,27,17592.53,179674.09
CMP-6376,Cerveza Modelo,YOUTUBE ADS,Conversión,45-54,25/10/25,309699,14897,86,44590.06,201376.88
CMP-9388,Banco Azteca,Google Ads,Reconocimiento,35-44,15/09/25,181134,11431,122,73973.95,204800.4
CMP-2354,Cerveza Modelo,Google Ads,Alcance,55+,23/01/25,151532,13003,120,65433.56,175663.42
CMP-4866,Banco Azteca,LinkedIn Ads,Alcance,18-24,26/09/25,446080,14758,718,36120.22,201395.82
CMP-1708,Liverpool,LinkedIn Ads,Tráfico,55+,09/10/25,465492,738,445,56989.15,80499.24
CMP-5822,GM Financial,Google Ads,Tráfico,25-34,29/01/25,236696,5360,365,11196.86,31899.56
CMP-9361,Aeroméxico,FACEBOOK ADS,Alcance,25-34,06/07/25,156533,12349,477,45943.36,91945.54
CMP-4390, GM Financial  ,Instagram Ads,Alcance,35-44,04/07/25,415669,1606,238,59321.79,127603.59
CMP-5485,Aeroméxico,,Leads,25-34,05/05/25,298708,2297,399,82789.3,49331.08
CMP-2281,Liverpool,Instagram Ads,Alcance,18-24,16/02/25,69080,71,71,8132.15,16120.76
CMP-4597,Liverpool,YOUTUBE ADS,Leads,25-34,05/09/25,210307,6477,47,64069.99,69909.49
CMP-3814,Banco Azteca,Google Ads,leads,18-24,09/03/25,121690,6874,668,76877.85,27516.64
CMP-9329,Banco Azteca,LinkedIn Ads,Leads,35-44,14/10/25,182039,14001,509,13688.56,211249.92
CMP-10352,GM Financial,,alcance,35-44,02/01/25,240015,7380,664,65842.88,83454.78
CMP-5246,Cerveza Modelo,LinkedIn Ads,tráfico,55+,25/08/25,104494,12534,327,33014.23,178947.02
CMP-7559,Liverpool,LinkedIn Ads,Reconocimiento,25-34,03/08/25,300547,14329,192,29974.52,145110.46
CMP-3451,OnStar,TikTok Ads,Alcance,55+,24/04/25,109338,2780,441,77981.45,150171.7
CMP-5626,Telcel,Google Ads,Reconocimiento,18-24,14/02/25,163144,8839,697,77559.34,60121.4
CMP-6851,Telcel,TikTok Ads,Leads,45-54,20/05/25,48784,1900,246,72115.51,79192.11
CMP-8309, Cerveza Modelo  ,YouTube Ads,Leads,25-34,15/10/25,283375,1048,604,752.47,172137.86
CMP-5189,OnStar,LinkedIn Ads,alcance,35-44,11/09/25,69534,8650,218,43205.24,161104.29
CMP-3160,Cerveza Modelo,Facebook Ads,Alcance,35-44,22/07/25,267624,10151,718,66099.97,213938.74
CMP-6308,GM Financial,TikTok Ads,tráfico,35-44,04/02/25,466768,10601,343,59177.99,
CMP-3248,OnStar,Instagram Ads,Alcance,55+,24/02/25,152658,2766,294,19032.73,151212.96
CMP-5209,Liverpool,GOOGLE ADS,Reconocimiento,35-44,17/08/25,78602,10334,688,12784.38,9959.3
CMP-8968,Liverpool,Google Ads,alcance,35-44,27/06/25,102709,839,500,40680.16,204511.2
CMP-8999,Aeroméxico,LinkedIn Ads,Leads,45-54,13/07/25,220836,8654,276,28748.26,8648.72
CMP-5609,Telcel,TikTok Ads,Conversión,35-44,12/10/25,108009,11719,687,31048.78,216105.41
CMP-9921, Banco Azteca  ,Instagram Ads,Alcance,18-24,25/08/25,274168,7582,668,24203.93,81669.73
CMP-2847,Banco Azteca,TikTok Ads,Leads,25-34,19/04/25,325217,2843,128,36053.18,188855.93
CMP-8308,Cerveza Modelo,LinkedIn Ads,Conversión,35-44,09/02/25,481184,10630,627,,27347.82
CMP-2118,Cerveza Modelo,TikTok Ads,Alcance,25-34,02/05/25,111818,8359,307,23350.8,117877.86
CMP-8429,Bimbo,GOOGLE ADS,Alcance,45-54,16/02/25,333308,4353,412,51244.66,216078.68
CMP-6128,Cerveza Modelo,Facebook Ads,Alcance,55+,28/01/25,82923,8813,213,39780.26,
CMP-6874,Banco Azteca,LinkedIn Ads,Leads,35-44,21/10/25,319609,12175,419,40910.99,22517.21
CMP-5228, Aeroméxico  ,TIKTOK ADS,Reconocimiento,,26/04/25,498141,4017,392,29278.48,10378.26
CMP-10796,Bimbo,Google Ads,Conversión,18-24,11/07/25,111474,2096,607,9816.22,191048.23
CMP-8106,Bimbo,YOUTUBE ADS,Conversión,55+,16/04/25,350657,175,140,18423.18,102347.74
CMP-10207,Telcel,LinkedIn Ads,Conversión,45-54,20/04/25,51626,6238,169,66915.05,74894.03
CMP-1270,Cerveza Modelo,LinkedIn Ads,Reconocimiento,55+,18/02/25,148743,3389,266,5896.13,67889.88
CMP-3215,GM Financial,LinkedIn Ads,Tráfico,25-34,20/01/25,250791,11451,94,48302.52,79512.01
CMP-4550, GM Financial  ,TikTok Ads,Reconocimiento,45-54,17/10/25,123285,11815,393,3739.74,144122.6
CMP-9681,Banco Azteca,Instagram Ads,Conversión,35-44,30/09/25,468151,14260,242,57834.42,98577.05
CMP-7188,Bimbo,TikTok Ads,Leads,25-34,25/08/25,68676,14937,792,64919.15,27895.14
CMP-7262,Banco Azteca,TikTok Ads,Reconocimiento,35-44,11/06/25,408615,11056,787,25387.12,
CMP-5162,Bimbo,YouTube Ads,Tráfico,35-44,30/04/25,321196,12624,198,69669.27,
CMP-9867,Liverpool,YouTube Ads,Reconocimiento,25-34,06/01/25,245240,2060,742,74668.14,109222.81
CMP-5372,Aeroméxico,Google Ads,Alcance,18-24,25/08/25,62534,5302,710,21014.54,98605.99
CMP-2343,OnStar,Facebook Ads,Leads,25-34,30/06/25,138864,5898,209,80732.87,214695.06
CMP-4937,Liverpool,Google Ads,Conversión,25-34,14/10/25,86830,12064,362,68696.51,82426.04
CMP-8647,OnStar,Instagram Ads,Leads,25-34,29/09/25,94545,7186,209,24575.01,63461.62
CMP-7200,Aeroméxico,Google Ads,Tráfico,,11/02/25,401009,9082,16,78078.06,88748.17
CMP-8688,OnStar,TIKTOK ADS,Conversión,55+,25/08/25,465299,11365,369,39470.46,
CMP-3851,OnStar,YouTube Ads,Reconocimiento,45-54,22/06/25,463667,5637,731,75359.08,183470.06
CMP-4953,Liverpool,GOOGLE ADS,Leads,45-54,23/08/25,249877,187,48,38637.82,31309.95
CMP-1374,Telcel,Google Ads,Tráfico,35-44,10/03/25,438958,11054,3,47825.47,210656.3
CMP-9794,GM Financial,Instagram Ads,Reconocimiento,55+,14/08/25,293235,10573,10,24214.07,210748.36
CMP-9624,Liverpool,TikTok Ads,Reconocimiento,35-44,23/02/25,44360,590,444,40030.53,199990.67
CMP-7080, Bimbo  ,LinkedIn Ads,alcance,18-24,18/07/25,88664,8124,83,72741.78,191186.44
CMP-3391,Cerveza Modelo,LinkedIn Ads,alcance,25-34,05/05/25,28131,9542,273,62550.13,134322.81
CMP-3320,Banco Azteca,INSTAGRAM ADS,Leads,55+,31/01/25,483684,10502,,72089.26,79974.75
CMP-4329,Aeroméxico,YouTube Ads,Leads,45-54,13/09/25,96695,6627,539,55475.84,75235.04
CMP-7497,Cerveza Modelo,Facebook Ads,Tráfico,18-24,06/08/25,219554,4321,220,61176.05,106124.16
CMP-4899, Aeroméxico  ,LinkedIn Ads,Leads,55+,26/09/25,341132,544,100,36511.63,30620.83
CMP-6936,Telcel,Google Ads,Alcance,25-34,13/01/25,368635,6901,653,44561.38,147871.84
CMP-2437,Telcel,TikTok Ads,Reconocimiento,55+,28/09/25,178576,6789,598,52589.99,
CMP-5678,Telcel,YouTube Ads,Reconocimiento,45-54,16/02/25,384077,12985,221,47829.3,211991.13
CMP-3101,Bimbo,YouTube Ads,Conversión,25-34,18/09/25,163887,3608,171,75763.35,37264.77
CMP-10293,Bimbo,LinkedIn Ads,Reconocimiento,25-34,07/09/25,221110,688,88,6970.64,92339.25
CMP-6167,Banco Azteca,LinkedIn Ads,Alcance,18-24,14/05/25,302683,14982,705,61356.03,
CMP-10380, OnStar  ,Facebook Ads,Conversión,45-54,09/08/25,232150,11079,688,71115.97,163445.67
CMP-1245,Aeroméxico,LinkedIn Ads,Conversión,25-34,16/10/25,209591,3861,759,30226.34,211838
CMP-4508,Aeroméxico,FACEBOOK ADS,Tráfico,35-44,03/08/25,175372,1951,719,1514.08,166119.1
CMP-10533,GM Financial,Instagram Ads,Alcance,18-24,02/07/25,282032,9646,,6135.79,
CMP-7849,Cerveza Modelo,FACEBOOK ADS,Reconocimiento,45-54,24/05/25,181893,14186,9,32231,73848.3
CMP-6153,Bimbo,Google Ads,tráfico,45-54,14/05/25,491882,2962,708,61978.42,167751.46
CMP-2226,Aeroméxico,YouTube Ads,Alcance,18-24,19/06/25,295932,1189,39,40676.04,131321.21
CMP-3186,Telcel,Facebook Ads,Leads,35-44,22/10/25,210474,10457,465,21881.12,76443.77
CMP-1846,OnStar,Facebook Ads,Leads,18-24,04/02/25,130541,12163,216,16455.68,60004.3
CMP-8705,Cerveza Modelo,LinkedIn Ads,Tráfico,25-34,23/07/25,144797,8919,61,65809.89,127148.88
CMP-10072,Aeroméxico,YouTube Ads,Leads,45-54,25/06/25,184901,13637,682,45125.79,12398.99
CMP-6239,Telcel,LINKEDIN ADS,Tráfico,45-54,23/05/25,130158,787,190,65708.04,204109.95
CMP-6728,Liverpool,Facebook Ads,leads,35-44,18/02/25,71155,10549,398,56736.45,182866.75
CMP-4650,OnStar,Google Ads,conversión,45-54,06/02/25,135603,579,320,9947.15,189396.98
CMP-7111,Telcel,FACEBOOK ADS,Leads,55+,14/06/25,461129,4518,579,79302.51,116241.46
CMP-2723,Bimbo,FACEBOOK ADS,Alcance,35-44,12/04/25,101939,13956,390,45762.28,107023.98
CMP-9454, Bimbo  ,Facebook Ads,Tráfico,45-54,05/06/25,135233,2942,634,70589.12,143584.28
CMP-5467,Telcel,Facebook Ads,Conversión,18-24,08/08/25,163870,12472,784,9754.04,463.29
CMP-6451,Aeroméxico,YouTube Ads,Conversión,35-44,10/04/25,495513,7248,373,36012.01,27500.05
CMP-8142,Telcel,Facebook Ads,Leads,45-54,06/10/25,389984,13064,118,53481.48,118243.11
CMP-7068,Telcel,TikTok Ads,Leads,25-34,06/08/25,364578,5357,623,23468.63,206195.29
CMP-8703,Banco Azteca,TikTok Ads,Reconocimiento,55+,12/07/25,227370,8959,209,55572.88,
CMP-10366,Cerveza Modelo,Facebook Ads,Tráfico,25-34,18/05/25,182924,3678,487,18838.28,176474.88
CMP-9524,Liverpool,LINKEDIN ADS,Conversión,45-54,08/10/25,16983,14839,46,4949.43,24918.87
CMP-3959, Banco Azteca  ,Instagram Ads,Leads,45-54,22/08/25,361943,5297,,11296.72,74839.87
CMP-7468,Liverpool,Instagram Ads,Tráfico,35-44,01/04/25,348208,7508,705,76291.75,80399.97
CMP-4492,GM Financial,LinkedIn Ads,Conversión,18-24,26/02/25,232762,14337,137,,71518.14
CMP-1592,Banco Azteca,Facebook Ads,Alcance,25-34,13/10/25,89560,3808,353,48897.75,78507.67
CMP-6306,Banco Azteca,Google Ads,Alcance,,15/01/25,216527,1607,557,81136.38,43837.82
CMP-5940, Liverpool  ,GOOGLE ADS,Alcance,35-44,08/01/25,310286,12091,639,68806.78,95698.53
CMP-5668,Liverpool,FACEBOOK ADS,Alcance,25-34,24/05/25,317494,14652,530,23429.54,162679.56
CMP-7892,Cerveza Modelo,Instagram Ads,Leads,35-44,18/08/25,333462,949,420,40668.13,136142.92
CMP-1695,Liverpool,GOOGLE ADS,Reconocimiento,35-44,05/01/25,178487,3928,432,,
CMP-3879,OnStar,Instagram Ads,Leads,25-34,28/06/25,72212,10709,341,17915.67,68634.94
CMP-3691,GM Financial,Facebook Ads,Tráfico,35-44,31/03/25,247795,14019,795,70665.57,80935.01
CMP-6240,Aeroméxico,Google Ads,Conversión,25-34,09/04/25,496044,2615,76,28592.68,21838.8
CMP-1073,Aeroméxico,LinkedIn Ads,Reconocimiento,25-34,15/01/25,210618,11308,46,27811.42,151459.66
CMP-9949,Bimbo,TikTok Ads,Leads,18-24,10/02/25,371204,5013,401,7878.92,80135.53
CMP-4379,Cerveza Modelo,Google Ads,Conversión,18-24,31/07/25,72941,7401,132,32262.88,200952.33
CMP-5403, Liverpool  ,Instagram Ads,Alcance,18-24,06/09/25,95185,500,474,18280.78,192791.21
CMP-9295, Cerveza Modelo  ,TIKTOK ADS,Reconocimiento,45-54,22/10/25,499331,14862,355,7695.57,68851.36
CMP-9644, Banco Azteca  ,LinkedIn Ads,Reconocimiento,18-24,03/05/25,444197,5466,234,30005.01,128416.91
CMP-6162,GM Financial,YouTube Ads,Tráfico,25-34,29/03/25,23489,10353,284,47468.12,122687.19
CMP-5121,GM Financial,Facebook Ads,Leads,18-24,03/07/25,488064,10708,782,63822.36,130221.89
CMP-7026,Bimbo,LinkedIn Ads,Leads,25-34,11/02/25,388110,4036,154,46588.74,83408.17
CMP-1127, Banco Azteca  ,TikTok Ads,Leads,25-34,27/03/25,414482,7893,570,75252.56,193624.69
CMP-8020,Liverpool,TikTok Ads,Alcance,45-54,15/01/25,423638,8854,307,15722.45,73710.25
CMP-6200,Aeroméxico,LinkedIn Ads,Reconocimiento,35-44,04/02/25,43904,1615,799,78758.08,212374.17
CMP-4088, Aeroméxico  ,Instagram Ads,Conversión,55+,28/01/25,473691,13572,505,65700.89,146017.72
CMP-9270, OnStar  ,LinkedIn Ads,Tráfico,18-24,21/02/25,445677,9815,533,13543.92,18861.51
CMP-4699,Cerveza Modelo,TikTok Ads,Tráfico,55+,07/04/25,38608,12522,298,77777.5,109666.91
CMP-7693,Cerveza Modelo,TikTok Ads,Alcance,25-34,04/09/25,191114,14378,,20510.14,74984.24
CMP-1150,Telcel,YOUTUBE ADS,Alcance,18-24,14/06/25,353250,11739,,,91175.81
CMP-8468,Aeroméxico,Facebook Ads,Reconocimiento,18-24,06/01/25,60715,5275,659,39248.58,18100.12
CMP-3951, Telcel  ,Instagram Ads,Reconocimiento,45-54,14/02/25,144518,13302,420,5629.14,94463.13
CMP-6669,Aeroméxico,LinkedIn Ads,Alcance,25-34,04/08/25,98442,13140,106,65179.92,63887.1
CMP-3095,Bimbo,FACEBOOK ADS,Conversión,55+,16/08/25,361922,11949,730,55133.09,57353.32
CMP-6786,Telcel,Facebook Ads,Alcance,45-54,11/07/25,285513,8613,705,51850.4,116553
CMP-7062,Telcel,LinkedIn Ads,Tráfico,18-24,17/03/25,143230,10424,606,16403.05,153705.87
CMP-6571,Cerveza Modelo,INSTAGRAM ADS,Reconocimiento,18-24,20/05/25,429985,13662,479,66760.39,155612.75
CMP-1138,Banco Azteca,GOOGLE ADS,Conversión,45-54,13/10/25,9898,9898,346,6217.69,188761.67
CMP-2167,GM Financial,GOOGLE ADS,Conversión,25-34,21/06/25,29512,6757,160,13875.62,2571.74
CMP-3846,Banco Azteca,LinkedIn Ads,Tráfico,18-24,27/05/25,181347,9382,356,84921.92,148049.84
CMP-3001,GM Financial,YouTube Ads,Conversión,35-44,13/04/25,421443,7555,766,84621.44,36068.75
CMP-10421,Liverpool,Facebook Ads,Alcance,35-44,20/09/25,235294,7890,200,60346.14,55572.52
CMP-5333,Telcel,Instagram Ads,Alcance,55+,11/06/25,469034,9636,640,28966.31,75381.72
CMP-10574,Cerveza Modelo,Facebook Ads,Alcance,35-44,13/01/25,395885,388,108,60957.36,95145.69
CMP-7316, Bimbo  ,LinkedIn Ads,Reconocimiento,35-44,03/04/25,352073,5186,436,9702.53,214754.38
CMP-3104,OnStar,LinkedIn Ads,Alcance,18-24,07/02/25,209945,7979,198,71617.53,186178.33
CMP-6877,Cerveza Modelo,YouTube Ads,Conversión,45-54,13/02/25,490454,11457,276,74256.07,212068.26
CMP-8147,OnStar,Instagram Ads,Alcance,18-24,16/05/25,237069,13156,227,10817.42,32718.52
CMP-2071,Telcel,YouTube Ads,conversión,18-24,07/06/25,222537,1932,658,72398.48,61457
CMP-7756, Banco Azteca  ,LinkedIn Ads,Alcance,45-54,28/06/25,172117,358,358,3046.21,11944.73
CMP-10949,Bimbo,LinkedIn Ads,Reconocimiento,55+,10/03/25,333115,3543,302,79944.14,175306.44
CMP-8443,Telcel,Instagram Ads,Tráfico,25-34,04/06/25,292265,8896,441,14945.68,16289.1
CMP-6664,Cerveza Modelo,Google Ads,Alcance,25-34,15/06/25,167896,14937,565,48376.95,161919.71
CMP-9553,Banco Azteca,Facebook Ads,Leads,25-34,04/04/25,329760,14991,370,11304.13,162070.04
CMP-6829, OnStar  ,LinkedIn Ads,Tráfico,18-24,03/02/25,321029,8299,56,54323.48,23785.14
CMP-7631,Banco Azteca,YouTube Ads,Alcance,25-34,27/04/25,78633,4611,130,39970.94,101858.5
CMP-1226,GM Financial,Facebook Ads,Alcance,25-34,01/06/25,422086,9096,,,11783.03
CMP-9485,OnStar,TikTok Ads,Reconocimiento,45-54,28/08/25,34273,3945,521,27098.85,214740.55
CMP-7580,Liverpool,Instagram Ads,Tráfico,18-24,28/03/25,77835,14379,283,20632.09,161175.1
CMP-5969,Aeroméxico,TikTok Ads,Conversión,25-34,18/01/25,381077,11328,474,15003.3,48721.09
CMP-2445,Banco Azteca,Google Ads,Alcance,35-44,20/03/25,329573,6509,66,68051.51,4293.75
CMP-2383,Cerveza Modelo,Facebook Ads,Conversión,25-34,07/08/25,69956,1048,249,5390.95,115327.18
CMP-2395,GM Financial,YouTube Ads,Tráfico,55+,23/07/25,157605,1634,284,2570.41,79765.14
CMP-9407,Aeroméxico,TikTok Ads,Tráfico,55+,24/04/25,55285,3317,32,83231.99,
CMP-7251,Aeroméxico,Instagram Ads,Tráfico,25-34,16/02/25,43915,10952,,34909.86,74742.26
CMP-9989,Cerveza Modelo,FACEBOOK ADS,Conversión,35-44,19/10/25,332563,4667,237,82484.09,6278.27
CMP-2299,Liverpool,TIKTOK ADS,Leads,18-24,09/03/25,483029,10923,782,60386.58,
CMP-1973,OnStar,Instagram Ads,Reconocimiento,18-24,01/06/25,496150,882,74,75886.37,170050.47
CMP-3621,Aeroméxico,YOUTUBE ADS,Alcance,25-34,26/01/25,383569,4238,,26353.8,167388.3
CMP-1431,Telcel,Instagram Ads,Alcance,35-44,31/03/25,423711,8577,393,50775.78,44114.97
CMP-8104,Banco Azteca,Google Ads,Alcance,55+,31/01/25,107161,8670,384,7875.85,44798.36
CMP-6285,Banco Azteca,Google Ads,Tráfico,25-34,14/10/25,276710,2360,363,3570.77,160753.92
CMP-6156,GM Financial,Facebook Ads,Alcance,35-44,05/03/25,373574,1794,702,5079.76,55796.02
CMP-3993,Banco Azteca,LinkedIn Ads,Alcance,18-24,09/06/25,350802,12813,529,26685.69,125662.01
CMP-4334,Aeroméxico,Instagram Ads,Tráfico,25-34,09/10/25,246014,10816,659,53197.02,218280.17
CMP-4867,OnStar,LinkedIn Ads,tráfico,45-54,24/09/25,325618,1357,,5485.22,185358.54
CMP-8006,Aeroméxico,Google Ads,Conversión,18-24,04/08/25,371553,743,69,10754.39,78581.65
CMP-9487,OnStar,LINKEDIN ADS,Tráfico,55+,21/05/25,731,731,645,47743.86,168947.01
CMP-1219,Bimbo,Facebook Ads,Conversión,45-54,09/06/25,150261,8505,,25212.03,6351.88
CMP-1617, Telcel  ,GOOGLE ADS,Tráfico,55+,22/02/25,210538,14238,349,54678.05,25139.15
CMP-3287,Banco Azteca,LinkedIn Ads,Reconocimiento,55+,17/05/25,241181,8334,158,36798.82,
CMP-10161,Cerveza Modelo,Google Ads,Leads,35-44,25/07/25,327988,4231,732,71607.61,95345.89
CMP-3224,Cerveza Modelo,LinkedIn Ads,Alcance,,21/04/25,487960,1464,496,60756.67,166879.1
CMP-8134,Cerveza Modelo,Google Ads,Leads,55+,24/04/25,173181,8841,302,36327.33,116699.74
CMP-7219,OnStar,TikTok Ads,Leads,,15/07/25,181488,8553,292,59931.85,205127.24
CMP-4274,Cerveza Modelo,Instagram Ads,Alcance,18-24,11/04/25,168125,12904,692,13839.61,166115.02
CMP-4128,Bimbo,LinkedIn Ads,Alcance,55+,05/07/25,325152,5397,358,81958.85,55553.35
CMP-4678,Telcel,Instagram Ads,conversión,25-34,24/03/25,471552,891,164,25381.51,64180.6
CMP-9726,Liverpool,Facebook Ads,Leads,18-24,13/02/25,19408,9811,534,62172.3,16550.72
CMP-7563,Telcel,LinkedIn Ads,Reconocimiento,25-34,11/02/25,232704,9698,333,50812.57,105640.32
CMP-7982, Aeroméxico  ,,Conversión,45-54,12/09/25,429532,5090,375,70421.73,90341.07
CMP-5540,OnStar,TikTok Ads,Conversión,45-54,13/09/25,189600,1061,512,56624.47,42351.46
CMP-4450,Banco Azteca,TikTok Ads,Reconocimiento,45-54,10/04/25,264674,11119,385,22663.04,175040.92
CMP-4020,GM Financial,YouTube Ads,Alcance,25-34,29/03/25,25930,4860,789,,7317.11
CMP-6590,Cerveza Modelo,Instagram Ads,Tráfico,45-54,11/07/25,498369,7448,617,70570.24,5794.58
CMP-2472,Bimbo,Google Ads,Reconocimiento,18-24,15/06/25,875,875,508,12846.41,68747.71
CMP-10950,GM Financial,TikTok Ads,Conversión,55+,24/08/25,358694,7017,576,69366.25,199904.08
CMP-4711,Banco Azteca,Google Ads,Tráfico,45-54,02/08/25,318374,10620,520,24212.09,46108.99
CMP-8505,Liverpool,Google Ads,Conversión,45-54,23/02/25,354525,13916,320,55082.02,161956.43
CMP-10344,Liverpool,,Leads,35-44,07/06/25,387819,13749,791,53783.99,31482.03
CMP-4536,GM Financial,TikTok Ads,Reconocimiento,35-44,07/10/25,10019,7415,271,27883.76,217033.16
CMP-3791,GM Financial,Google Ads,Leads,55+,20/02/25,66539,4074,365,16691.52,188716.24
CMP-2612,Banco Azteca,TikTok Ads,Leads,55+,21/03/25,260031,5390,431,18234.73,10969.47
CMP-9032, Bimbo  ,LINKEDIN ADS,Reconocimiento,18-24,05/07/25,61897,11247,656,15069.92,53906.06
CMP-3051,Aeroméxico,YOUTUBE ADS,Leads,25-34,15/08/25,279507,4489,635,3729.38,131241.12
CMP-7684,Telcel,TikTok Ads,Reconocimiento,55+,24/10/25,176009,12018,222,18566.95,63645.22
CMP-2936,Banco Azteca,FACEBOOK ADS,Tráfico,25-34,07/06/25,296170,3181,445,13594.02,187381.79
CMP-10879,Telcel,Facebook Ads,Conversión,35-44,23/03/25,407742,1055,422,53575.18,198751.59
CMP-5902,OnStar,YouTube Ads,Leads,45-54,27/09/25,105554,13030,178,77424.4,175314.23
CMP-9907,Cerveza Modelo,LinkedIn Ads,Leads,55+,29/01/25,386336,4552,452,2710.32,160487.51
CMP-10499,Aeroméxico,YouTube Ads,Alcance,55+,18/05/25,318979,13707,740,83647.16,192943.58
CMP-2175,Telcel,YouTube Ads,Conversión,45-54,12/01/25,283895,8485,,38159.44,
CMP-10872,OnStar,LinkedIn Ads,Alcance,18-24,13/02/25,338382,6919,48,39429.85,69142.6
CMP-7633,Bimbo,YouTube Ads,Leads,18-24,15/10/25,103666,9123,222,82504.45,132985.12
CMP-6067,Banco Azteca,Instagram Ads,Tráfico,45-54,01/01/25,29715,3839,494,3632.65,64981.05
CMP-8125,Cerveza Modelo,Instagram Ads,Alcance,55+,23/08/25,471544,3900,297,,192031.07
CMP-1824,OnStar,TikTok Ads,Conversión,18-24,19/05/25,223712,9091,212,42614.51,196477.67
CMP-6145,GM Financial,Facebook Ads,Leads,55+,15/02/25,230007,4674,135,54644.42,74986.8
CMP-9291, Liverpool  ,YouTube Ads,Alcance,45-54,15/04/25,217418,12767,455,8543.98,175641.5
CMP-5870, Banco Azteca  ,LinkedIn Ads,Conversión,35-44,08/08/25,115777,1654,63,59138.85,207331.28
CMP-5458,Banco Azteca,YouTube Ads,Leads,45-54,06/03/25,401754,13554,212,78480.15,130583.15
CMP-10518,Bimbo,FACEBOOK ADS,Leads,18-24,03/02/25,33438,5700,346,3012.92,136562.37
CMP-4600, Liverpool  ,LINKEDIN ADS,Reconocimiento,25-34,10/02/25,129018,5375,261,70981.5,23447.26
CMP-1851,Bimbo,FACEBOOK ADS,Tráfico,55+,17/08/25,19057,1645,545,58845.49,192549.49
CMP-9716,Banco Azteca,Google Ads,Conversión,18-24,29/03/25,6920,6920,544,56188.19,101539.58
CMP-9042,Aeroméxico,TikTok Ads,Reconocimiento,18-24,03/01/25,2513,2513,440,68456.94,178842.56
CMP-2867,Bimbo,Google Ads,Tráfico,18-24,08/03/25,276856,1225,748,12835.06,10059.77
CMP-4827,Liverpool,YouTube Ads,Reconocimiento,25-34,01/07/25,262812,11238,768,71421.67,219378.62
CMP-7698,Liverpool,Google Ads,Reconocimiento,45-54,20/06/25,156142,6074,402,24626.98,205478.19
CMP-5534,Liverpool,INSTAGRAM ADS,Conversión,18-24,21/07/25,82650,11446,169,57451.09,111721.01
CMP-6250,Liverpool,LinkedIn Ads,Conversión,18-24,13/01/25,155243,3214,97,45323.83,145100.48
CMP-4552,Bimbo,Google Ads,Leads,45-54,26/07/25,478149,12197,592,32615.46,71020.38
CMP-3908,Telcel,GOOGLE ADS,Conversión,55+,01/06/25,13064,13064,54,66268.64,96155.62
CMP-10055,Liverpool,TIKTOK ADS,alcance,55+,08/07/25,95957,4328,462,6998.09,193504.2
CMP-3647,Liverpool,TikTok Ads,Reconocimiento,55+,10/10/25,442329,5888,420,63547.82,116172.4
CMP-7253,Cerveza Modelo,YOUTUBE ADS,Leads,25-34,13/04/25,347407,10922,368,39062.24,167873.62
CMP-4001,Cerveza Modelo,GOOGLE ADS,Alcance,18-24,24/07/25,361852,7972,1,24193.93,92277.37
CMP-5552,Liverpool,Facebook Ads,Alcance,18-24,26/04/25,434032,7150,779,51641.11,12469.56
CMP-3869,Bimbo,TikTok Ads,Alcance,18-24,02/07/25,103378,10374,463,40681.68,24795.32
CMP-8856,Bimbo,YouTube Ads,Conversión,45-54,15/04/25,130425,2445,789,82557.1,189080.02
CMP-2789,Telcel,TikTok Ads,Alcance,18-24,09/01/25,274027,3222,229,67345.37,216158.23
CMP-6910,Cerveza Modelo,Facebook Ads,Reconocimiento,45-54,14/10/25,274246,1888,782,15482.01,10045.45
CMP-7137,GM Financial,Instagram Ads,Reconocimiento,35-44,26/03/25,186438,11233,288,,116721.87
CMP-2702,Liverpool,Instagram Ads,Conversión,35-44,02/09/25,359774,10375,21,3660.09,167301.65
CMP-7894,OnStar,Facebook Ads,Reconocimiento,45-54,30/04/25,152898,9475,545,18788.62,44699.94
CMP-9072,GM Financial,GOOGLE ADS,Leads,18-24,12/04/25,67315,13141,,36092.89,55285.97
CMP-7638,Bimbo,TIKTOK ADS,Tráfico,35-44,04/02/25,61853,12628,129,34922.13,44102.16
CMP-4862,GM Financial,YOUTUBE ADS,Reconocimiento,35-44,19/10/25,480294,4375,422,29749.27,69469.76
CMP-4196,Banco Azteca,YouTube Ads,Alcance,25-34,16/02/25,201396,1711,663,3106.53,52460.1
CMP-9686, Bimbo  ,Facebook Ads,Conversión,35-44,23/01/25,188381,11780,498,8573.94,162695.81
CMP-8878, Aeroméxico  ,FACEBOOK ADS,Alcance,18-24,08/01/25,233275,981,296,53835.77,161491.22
CMP-5898,Cerveza Modelo,LinkedIn Ads,Tráfico,18-24,26/01/25,17082,7395,522,24052.87,95388.35
CMP-2748,OnStar,Facebook Ads,Reconocimiento,25-34,20/02/25,479457,11736,89,29480.62,104365.04
CMP-6201,Banco Azteca,TikTok Ads,Reconocimiento,55+,09/07/25,167800,11315,787,18606.39,131596.11
CMP-1609,Liverpool,Instagram Ads,Tráfico,35-44,08/04/25,268373,11937,301,15492.5,111583.67
CMP-5070,OnStar,Google Ads,alcance,35-44,27/02/25,96904,4638,505,34236.2,
CMP-1439,Liverpool,TikTok Ads,Alcance,45-54,16/03/25,66814,13202,165,83502.26,49401.4
CMP-7588,Telcel,Facebook Ads,Reconocimiento,18-24,06/03/25,347400,2848,649,54008.42,9971.57
CMP-5627, Bimbo  ,YouTube Ads,conversión,45-54,02/10/25,191104,3677,798,3489.96,64047.2
CMP-1647,OnStar,TikTok Ads,Leads,35-44,17/08/25,444329,5410,536,34504.35,67287.37
CMP-9890,GM Financial,Google Ads,Reconocimiento,55+,29/01/25,465119,3715,754,51473.1,179987.8
CMP-7339, Cerveza Modelo  ,Facebook Ads,Leads,25-34,18/10/25,494384,7489,128,6501.87,36128.14
CMP-1257,Liverpool,Facebook Ads,Leads,25-34,20/02/25,364382,5227,322,44301.77,87972.51
CMP-5713,Cerveza Modelo,YouTube Ads,Leads,45-54,10/10/25,149133,1929,190,53858.31,79769.78
CMP-3558,Bimbo,Facebook Ads,Conversión,55+,08/10/25,366754,8740,,30984.75,172515.12
CMP-8906,Liverpool,Google Ads,Conversión,35-44,19/08/25,392885,4958,57,76636.9,82097.61
CMP-2957, Liverpool  ,TikTok Ads,Conversión,45-54,27/09/25,475911,8279,749,36445.63,19908.97
CMP-8775,Banco Azteca,YOUTUBE ADS,Alcance,25-34,12/06/25,78141,2446,216,12958.58,143690.76
CMP-6980,Liverpool,YouTube Ads,Conversión,35-44,30/06/25,495806,4250,52,69872.84,
CMP-8356, Liverpool  ,Instagram Ads,Alcance,25-34,21/05/25,63002,14399,532,25489.08,210600.88
CMP-7555, Bimbo  ,Facebook Ads,leads,25-34,04/08/25,409291,11866,351,34246.41,90666.02
CMP-4741,Banco Azteca,LinkedIn Ads,Tráfico,45-54,11/01/25,406424,8290,656,39313.01,
CMP-8784,GM Financial,LINKEDIN ADS,Alcance,55+,18/05/25,432350,6156,206,50096.9,22431.27
CMP-8522,Bimbo,TikTok Ads,Conversión,,18/04/25,456230,14067,778,38507.5,
CMP-5431,Cerveza Modelo,LinkedIn Ads,Tráfico,18-24,12/06/25,279356,5234,695,53148.73,74554.51
CMP-10929,Telcel,TIKTOK ADS,Tráfico,25-34,01/09/25,479523,3175,509,76572.05,123219.8
CMP-10080,Telcel,TikTok Ads,Reconocimiento,35-44,15/10/25,34254,9576,712,,40531.1
CMP-3134,Cerveza Modelo,INSTAGRAM ADS,reconocimiento,55+,02/07/25,342362,10262,704,79428.37,128327.04
CMP-9636,OnStar,LinkedIn Ads,Alcance,18-24,11/09/25,168906,9935,438,84678.15,141425.33
CMP-8365,Bimbo,LinkedIn Ads,Leads,25-34,26/06/25,284777,7124,167,35474.95,183573.58
CMP-7362,Liverpool,Instagram Ads,Alcance,35-44,08/02/25,387236,2089,34,23657.25,138036.03
CMP-6136,Liverpool,Instagram Ads,reconocimiento,18-24,07/05/25,267135,172,172,2622.46,100491.86
CMP-9540,Liverpool,Instagram Ads,Tráfico,18-24,27/06/25,486455,3243,115,65396.63,53019.26
CMP-7561,Aeroméxico,Instagram Ads,Reconocimiento,18-24,11/02/25,492320,14132,194,56381.22,128026.92
CMP-1503,Telcel,Instagram Ads,Reconocimiento,45-54,07/01/25,450920,9168,326,38415.42,209060.51
CMP-4626, OnStar  ,YouTube Ads,Tráfico,35-44,23/06/25,464460,6727,321,74371.74,95427.34
CMP-10698,Bimbo,LinkedIn Ads,Alcance,45-54,08/05/25,166731,10006,684,63111.42,100221.2
CMP-1721,Aeroméxico,Instagram Ads,Tráfico,45-54,08/01/25,227649,2352,735,81834.88,195977.06
CMP-2073,Aeroméxico,INSTAGRAM ADS,Conversión,45-54,28/02/25,18007,13526,783,76188.5,163970.08
CMP-3749,GM Financial,YouTube Ads,Reconocimiento,25-34,02/05/25,192566,10649,111,6211.89,127549.62
CMP-1661,Banco Azteca,Instagram Ads,Tráfico,55+,16/04/25,366779,7934,782,59735.08,118815.38
CMP-5495,Bimbo,Facebook Ads,Leads,45-54,31/05/25,78487,4524,48,12137,168569.6
CMP-5387,GM Financial,TikTok Ads,Alcance,,24/07/25,193486,10845,446,63744.98,11006.23
CMP-10109, Liverpool  ,YouTube Ads,Alcance,55+,10/09/25,154439,943,570,61903.31,189610.01
CMP-6651, GM Financial  ,LinkedIn Ads,Leads,18-24,24/04/25,431275,11245,114,12357.84,
CMP-8442,Bimbo,Instagram Ads,Leads,55+,26/08/25,63775,6335,499,24265.69,87859.88
CMP-2188,GM Financial,Facebook Ads,Reconocimiento,45-54,28/02/25,70436,208,208,83333.55,156999.53
CMP-2693,OnStar,LinkedIn Ads,Tráfico,25-34,11/07/25,464953,6522,67,37900.69,105727.82
CMP-5445, GM Financial  ,YouTube Ads,Leads,55+,06/09/25,447012,399,357,46526.56,94983.92
CMP-4534,Bimbo,LinkedIn Ads,Alcance,45-54,02/01/25,188363,3284,299,56041.73,56100.19
CMP-4317,Aeroméxico,Facebook Ads,Tráfico,25-34,03/06/25,167914,11407,15,,
CMP-2043,Aeroméxico,TikTok Ads,Leads,35-44,11/08/25,31400,9043,35,29800.63,15683.55
CMP-9813,GM Financial,Google Ads,conversión,25-34,20/01/25,130771,14321,622,52238.13,157056.98
CMP-5287,Cerveza Modelo,GOOGLE ADS,Conversión,18-24,13/06/25,133391,1050,302,82304.48,113695.97
CMP-3004,Bimbo,YouTube Ads,Reconocimiento,45-54,11/04/25,344377,13881,418,71900.04,122364.77
CMP-5930,Banco Azteca,LinkedIn Ads,Conversión,55+,07/07/25,99873,9596,604,17336.42,
CMP-7635,Cerveza Modelo,Instagram Ads,Alcance,18-24,01/01/25,140970,4037,638,82138.89,130767.24
CMP-9576,OnStar,YouTube Ads,Tráfico,55+,15/08/25,202489,13928,443,13003.77,107095.87
CMP-3902, Telcel  ,Google Ads,leads,25-34,25/10/25,331931,2702,99,69095.58,121068.54
CMP-2513,Telcel,FACEBOOK ADS,Reconocimiento,18-24,10/02/25,368380,13969,759,780.78,72430.38
CMP-7310, Telcel  ,YouTube Ads,Leads,18-24,27/06/25,432891,5834,719,11306.03,219692.38
CMP-3986,Banco Azteca,Google Ads,Tráfico,18-24,23/01/25,7091,4910,347,18230.7,196716.68
CMP-1383,Cerveza Modelo,Instagram Ads,Conversión,18-24,08/08/25,456115,1506,71,41072.24,60118.67
CMP-7995,Liverpool,Instagram Ads,Leads,55+,04/04/25,250437,13976,779,69958.84,115808.21
CMP-7906,Liverpool,YouTube Ads,Tráfico,45-54,04/03/25,362928,14580,398,74062.74,95335.99
CMP-9216,Aeroméxico,Instagram Ads,Leads,45-54,06/05/25,357596,13591,305,49592.14,33925.61
CMP-2028,Aeroméxico,Google Ads,Conversión,35-44,27/08/25,273631,3014,366,50751.2,181178.41
CMP-8437,Bimbo,INSTAGRAM ADS,Reconocimiento,45-54,21/02/25,340550,1405,606,67753.02,52157.83
CMP-8005,Liverpool,LINKEDIN ADS,Tráfico,25-34,19/07/25,244012,3694,739,71012.47,184902.61
CMP-7326, Aeroméxico  ,Google Ads,Leads,25-34,21/02/25,214764,3071,37,66433.27,175297.21
CMP-9528,OnStar,Facebook Ads,Leads,35-44,11/05/25,275840,591,523,794.69,144337.73
CMP-5720,GM Financial,TikTok Ads,Tráfico,45-54,17/03/25,89733,2907,374,6984.16,63807.93
CMP-4265,Aeroméxico,GOOGLE ADS,conversión,45-54,25/03/25,198587,12735,480,44063.18,130491.19
CMP-7193,Aeroméxico,Instagram Ads,Reconocimiento,25-34,17/07/25,324344,7627,366,58816.32,108957.58
CMP-8672,Bimbo,TikTok Ads,Conversión,45-54,05/06/25,15463,920,530,72173.61,119467.49
CMP-4797,Liverpool,TikTok Ads,Reconocimiento,45-54,27/05/25,303742,13957,694,78920.58,184356.77
CMP-7628,Aeroméxico,Facebook Ads,Conversión,25-34,02/01/25,142436,9031,609,19692.62,13072.28
CMP-2956,OnStar,YOUTUBE ADS,Alcance,35-44,05/04/25,155967,8887,476,46936.01,157962.95
CMP-3679,GM Financial,Facebook Ads,Conversión,45-54,27/05/25,417354,2206,389,34802.29,97394.45
CMP-5715, Banco Azteca  ,TikTok Ads,Alcance,55+,11/06/25,87601,7626,20,50793.82,30334.17
CMP-1809,Cerveza Modelo,Instagram Ads,Alcance,55+,27/10/25,144224,11670,296,4471.39,123842.3
CMP-5723,Bimbo,TikTok Ads,Tráfico,35-44,14/08/25,112757,1250,283,18696.18,155725.32
CMP-4343, Banco Azteca  ,TikTok Ads,Tráfico,18-24,25/03/25,96295,3218,488,15362.27,154508.62
CMP-4210,Telcel,Google Ads,Reconocimiento,55+,02/03/25,123716,788,,70400.58,122780.3
CMP-2111,Telcel,Google Ads,Tráfico,35-44,07/08/25,173210,7331,389,25300.95,89802.31
CMP-6464,Liverpool,Instagram Ads,Reconocimiento,55+,05/05/25,299655,4042,20,66611.84,83705.2
CMP-5793,Cerveza Modelo,GOOGLE ADS,Alcance,35-44,08/09/25,214225,11313,345,14919.98,3332.15
CMP-5366,Banco Azteca,LinkedIn Ads,Reconocimiento,55+,29/06/25,148228,11270,13,41418.27,82911.29
CMP-7746,OnStar,TikTok Ads,Conversión,35-44,23/07/25,268593,4811,419,38066.53,91075.19
CMP-8135,Banco Azteca,YouTube Ads,Conversión,18-24,17/04/25,321816,3849,749,67012.73,27374.74
CMP-9110,OnStar,Facebook Ads,Alcance,35-44,04/03/25,473196,12147,707,49935.33,53526.66
CMP-5514,Cerveza Modelo,Instagram Ads,Conversión,25-34,06/04/25,472948,10940,272,75913.09,200123.06
CMP-2892,Aeroméxico,INSTAGRAM ADS,Leads,18-24,16/05/25,422387,12826,348,83481.32,156799.53
CMP-6850,Cerveza Modelo,YouTube Ads,Tráfico,25-34,24/09/25,156156,1347,332,46926.81,103605.96
CMP-1466,OnStar,Instagram Ads,Alcance,25-34,19/01/25,431684,12206,103,38583.56,157926.26
CMP-4259,Telcel,Google Ads,Tráfico,18-24,21/05/25,31365,10116,666,59200.53,123127
CMP-4436,Banco Azteca,YouTube Ads,Conversión,35-44,21/05/25,229813,4220,761,6031.26,82643.73
CMP-3589,Banco Azteca,TikTok Ads,conversión,55+,09/03/25,286101,9856,627,49145.99,190981.75
CMP-7852,Aeroméxico,LinkedIn Ads,Tráfico,55+,03/06/25,311592,6785,563,41791.15,77046.4
CMP-10659,GM Financial,Instagram Ads,tráfico,45-54,30/07/25,289922,8785,13,81344.06,55099.45
CMP-2392,Bimbo,Facebook Ads,Conversión,35-44,11/07/25,436101,11044,306,79312.43,
CMP-4489,Liverpool,LinkedIn Ads,Leads,25-34,20/05/25,254071,293,293,67593.18,110071.15
CMP-9134,Liverpool,Instagram Ads,Tráfico,25-34,21/02/25,433550,4316,182,7515.83,127965.67
CMP-4855,Telcel,Google Ads,Reconocimiento,18-24,12/03/25,33549,9173,461,11294.88,111128.02
CMP-8969,Banco Azteca,YouTube Ads,Leads,45-54,03/06/25,263724,9844,647,22767.92,26080.81
CMP-5850,Aeroméxico,LinkedIn Ads,Alcance,55+,28/08/25,187764,13225,324,56398.31,198396.81
CMP-3209,Cerveza Modelo,,Leads,45-54,31/03/25,88607,4638,341,28403.31,120312.37
CMP-8047,OnStar,,Alcance,55+,02/10/25,400724,7398,217,74122.61,6584.34
CMP-5889,Cerveza Modelo,Instagram Ads,Alcance,35-44,17/09/25,69221,6602,583,75048.54,66411.47
CMP-1181,GM Financial,GOOGLE ADS,Leads,35-44,17/07/25,300935,7991,792,60903.01,122188.91
CMP-9064,Telcel,YouTube Ads,Reconocimiento,25-34,01/08/25,31214,2062,681,,43990.02
CMP-7512,Telcel,Google Ads,Conversión,45-54,16/02/25,362837,7397,450,,101971.47
CMP-1195,Banco Azteca,Facebook Ads,Tráfico,55+,04/05/25,250080,7001,719,37604.33,
CMP-4319, Banco Azteca  ,YouTube Ads,Tráfico,18-24,23/09/25,262684,8526,704,61083.35,15957.14
CMP-2583,Cerveza Modelo,TIKTOK ADS,conversión,55+,13/08/25,84527,11855,37,66624.84,153717.57
CMP-8370,OnStar,LINKEDIN ADS,Reconocimiento,45-54,08/02/25,442390,7151,322,60328.07,47057.48
CMP-9413,Banco Azteca,LinkedIn Ads,Conversión,35-44,13/10/25,228873,9826,125,52432.8,37174.19
CMP-8305,Bimbo,YouTube Ads,reconocimiento,18-24,14/09/25,104803,5064,296,67712.89,207479.37
CMP-5370,Telcel,Facebook Ads,alcance,45-54,11/07/25,191788,13019,192,2234.23,71818.57
CMP-10405,Liverpool,LinkedIn Ads,Alcance,35-44,02/04/25,180729,3023,542,28693.31,148812.47
CMP-6457,Banco Azteca,Google Ads,Leads,45-54,07/04/25,492337,1325,228,65969.25,3407.33
CMP-1343,Cerveza Modelo,TIKTOK ADS,Tráfico,55+,16/02/25,9477,4547,605,80476.11,116686.88
CMP-6667,GM Financial,TikTok Ads,Reconocimiento,45-54,07/04/25,318753,3956,327,65929.29,103505.78
CMP-10923,Banco Azteca,TikTok Ads,Leads,45-54,17/03/25,390189,3579,258,66854.15,161182.24
CMP-3920, Aeroméxico  ,YouTube Ads,Conversión,25-34,15/05/25,219007,10770,225,72947.46,51123.17
CMP-9642,GM Financial,Google Ads,Leads,25-34,17/04/25,139398,8711,208,47665.2,179704.78
CMP-8932,Bimbo,YouTube Ads,Tráfico,45-54,17/07/25,2737,2737,582,24472.14,156720.63
CMP-1006,Bimbo,YOUTUBE ADS,Conversión,25-34,13/04/25,98487,11817,526,,91076.95
CMP-8396,Liverpool,Facebook Ads,Leads,35-44,28/08/25,111446,7047,210,67173.72,39220.3
CMP-2955,Cerveza Modelo,Instagram Ads,Tráfico,,13/06/25,285659,12301,282,73828.31,142377.86
CMP-7604,Aeroméxico,Instagram Ads,Reconocimiento,45-54,31/08/25,142533,14364,101,29768.7,152308.26
CMP-4487,Bimbo,TikTok Ads,Alcance,45-54,22/02/25,145287,12651,53,36232.62,177455.75
CMP-5777,Cerveza Modelo,Facebook Ads,Tráfico,35-44,13/02/25,257701,11331,569,13761.67,78654.68
CMP-10496,Banco Azteca,Google Ads,Conversión,18-24,22/09/25,197695,8879,90,30597.68,152979.45
CMP-3688,Cerveza Modelo,YouTube Ads,Reconocimiento,35-44,19/04/25,131904,5007,7,48447.68,85584.19
CMP-6107,OnStar,TikTok Ads,Tráfico,25-34,24/04/25,410504,4081,360,586.32,103663.37
CMP-10965,Liverpool,TikTok Ads,Tráfico,18-24,29/05/25,130177,6315,610,38534.09,
CMP-4935,Cerveza Modelo,Instagram Ads,Conversión,25-34,20/05/25,91094,1043,418,81467.89,149204.61
CMP-7104,Liverpool,TikTok Ads,conversión,55+,05/07/25,391446,5163,188,2508.08,110644.59
CMP-10781,GM Financial,TIKTOK ADS,Conversión,18-24,19/05/25,227857,4015,333,38486.68,192497.52
CMP-4305,OnStar,YouTube Ads,Tráfico,45-54,01/04/25,350575,11719,117,5438.04,178507.55
CMP-5673,Banco Azteca,TikTok Ads,Reconocimiento,55+,09/05/25,278557,3696,605,84470.63,185157.85
CMP-2620,Telcel,LINKEDIN ADS,Leads,55+,01/01/25,47888,6513,223,42400.31,163358.63
CMP-5204,GM Financial,Instagram Ads,Reconocimiento,55+,23/06/25,420921,12425,619,72225.51,135054.17
CMP-10627,GM Financial,Facebook Ads,Reconocimiento,18-24,16/07/25,270013,10415,234,70984.63,77915.24
CMP-2835,Aeroméxico,TikTok Ads,Conversión,45-54,05/05/25,285663,8882,323,56450.75,200472.54
CMP-4538,Telcel,Instagram Ads,Alcance,18-24,15/06/25,427732,4021,510,4650.61,144771.47
CMP-10715,OnStar,TikTok Ads,Leads,25-34,02/05/25,266797,8079,321,65056.79,158870.18
CMP-2688,Banco Azteca,TikTok Ads,Tráfico,35-44,22/05/25,200469,14647,210,11682.06,76978.53
CMP-2773,Aeroméxico,YouTube Ads,leads,35-44,08/06/25,60944,10428,308,16903.43,6073.4
CMP-1624,Cerveza Modelo,Instagram Ads,Leads,35-44,01/01/25,171307,8381,200,36581.7,146405.07
CMP-8890,Bimbo,Facebook Ads,Alcance,55+,29/01/25,128869,7238,330,76730.59,164742.2
CMP-10446,Aeroméxico,LinkedIn Ads,Alcance,45-54,07/04/25,221817,7679,426,75096.8,18626.02
CMP-2503,Banco Azteca,Google Ads,Alcance,55+,31/03/25,28526,8969,623,5291.69,187179.19
CMP-5806,Cerveza Modelo,YouTube Ads,Conversión,55+,31/07/25,210539,7987,673,63253.52,48314.25
CMP-1182,Banco Azteca,Google Ads,Reconocimiento,18-24,04/09/25,403626,9540,,66777.35,181871
CMP-4516,GM Financial,Instagram Ads,Conversión,25-34,26/02/25,415529,3909,140,,195409.69
CMP-2559,Liverpool,YouTube Ads,Tráfico,45-54,04/01/25,244054,7548,44,24830.05,194369.78
CMP-9416,Banco Azteca,Instagram Ads,Alcance,35-44,18/07/25,476629,13459,533,42800.52,116462.41
CMP-2476,Aeroméxico,YouTube Ads,Conversión,,16/10/25,150095,7585,311,68441.54,88363.26
CMP-9169,Telcel,INSTAGRAM ADS,Reconocimiento,25-34,24/03/25,325410,244,244,77525.67,41746.44
CMP-9286,Cerveza Modelo,YouTube Ads,Conversión,25-34,23/02/25,348624,8035,488,17546.89,199791.76
CMP-7596,Telcel,YouTube Ads,Reconocimiento,55+,15/02/25,257579,8888,224,47675.53,203268.36
CMP-1280,Banco Azteca,GOOGLE ADS,Reconocimiento,18-24,07/10/25,100937,4508,264,22357.58,133929.31
CMP-3976,Telcel,Google Ads,Alcance,35-44,21/08/25,95332,254,254,77633.43,
CMP-10440,Aeroméxico,TikTok Ads,Tráfico,25-34,17/01/25,390200,10754,301,75656.56,135587.18
CMP-8363,Banco Azteca,LinkedIn Ads,conversión,45-54,12/01/25,169727,4887,594,4456.66,58109.47
CMP-7783,Liverpool,Facebook Ads,Leads,45-54,06/05/25,133984,4171,532,17381.16,99799.24
CMP-8207,Bimbo,Google Ads,Alcance,45-54,13/02/25,101386,7778,378,5621.43,129325.17
CMP-4430,Aeroméxico,YouTube Ads,Alcance,45-54,16/06/25,267339,14538,,,74256.9
CMP-5349,Bimbo,TikTok Ads,Conversión,18-24,23/05/25,70269,13473,603,35442.64,137616.22
CMP-6389,OnStar,Google Ads,Tráfico,45-54,27/09/25,206474,14251,13,22638.87,120471.54
CMP-5499,Telcel,YouTube Ads,Conversión,45-54,03/04/25,268868,14713,735,31397.74,214171.03
CMP-9358,Telcel,YouTube Ads,Conversión,35-44,14/03/25,60104,12344,66,58123.95,206736.48
CMP-5765,Aeroméxico,Facebook Ads,Alcance,25-34,31/08/25,135862,12810,,37161.09,178396.54
CMP-3630,Telcel,Instagram Ads,Conversión,25-34,28/01/25,114947,9341,463,45422.39,196981.84
CMP-7363,Bimbo,YouTube Ads,Tráfico,25-34,13/01/25,126399,2559,638,24779.78,153332.67
CMP-1020,Cerveza Modelo,Instagram Ads,alcance,55+,10/09/25,492715,1738,135,30639.62,171876.67
CMP-9394,OnStar,LinkedIn Ads,Alcance,35-44,27/01/25,239128,12436,378,24619.56,38235.73
CMP-5845,Liverpool,Instagram Ads,conversión,18-24,21/04/25,68775,9353,515,51909.51,114354.2
CMP-3427, GM Financial  ,Google Ads,Conversión,45-54,19/09/25,480236,10186,364,7194.85,170229.07
CMP-1102,Banco Azteca,YouTube Ads,Leads,45-54,14/09/25,392607,7739,98,27950.74,214462.35
CMP-5436,Bimbo,YouTube Ads,tráfico,18-24,05/08/25,21601,5747,326,35773.56,202242.17
CMP-9018, Aeroméxico  ,Google Ads,Conversión,35-44,27/09/25,452265,3416,535,36575.24,15813.96
CMP-10794,Bimbo,Google Ads,Tráfico,55+,21/06/25,62317,45,45,36732.72,44644.03
CMP-6210,Telcel,Instagram Ads,Tráfico,18-24,01/07/25,67343,9474,343,80654.02,128402.63
CMP-2213,Cerveza Modelo,Facebook Ads,Tráfico,45-54,08/04/25,228097,8005,430,31120.71,107030.94
CMP-3737,GM Financial,Google Ads,Reconocimiento,55+,03/03/25,228451,2883,372,13513.85,99432.9
CMP-4481,Liverpool,TikTok Ads,Alcance,18-24,28/06/25,472876,5512,42,26514.71,108495.33
CMP-7878,Bimbo,TikTok Ads,Alcance,55+,21/05/25,367931,14523,112,12548.17,45156.39
CMP-8387,OnStar,LinkedIn Ads,Leads,55+,27/02/25,156333,13738,585,3046.73,60702.99
CMP-9874,GM Financial,Instagram Ads,alcance,25-34,25/01/25,106818,9593,438,63055.05,37249.69
CMP-5970, Telcel  ,LinkedIn Ads,Reconocimiento,25-34,31/03/25,433307,2216,526,74813.31,44399.93
CMP-2668,Bimbo,LinkedIn Ads,Alcance,25-34,09/05/25,340243,8926,732,,44063.27
CMP-5321,Bimbo,TikTok Ads,Alcance,,01/06/25,492418,12309,228,43017.77,172253.95
CMP-3954,Banco Azteca,YouTube Ads,Reconocimiento,35-44,03/05/25,9603,5441,743,69222.74,27095.21
CMP-9019,OnStar,TikTok Ads,reconocimiento,55+,07/02/25,245988,2149,710,24344.3,79357.29
CMP-8720,OnStar,Instagram Ads,tráfico,25-34,08/05/25,420308,8032,386,27437.25,218281.54
CMP-6676,Bimbo,Google Ads,Reconocimiento,55+,17/06/25,439071,4929,637,40302.68,
CMP-2946,Liverpool,TIKTOK ADS,Conversión,18-24,10/05/25,489378,9434,651,4765.3,217598.93
CMP-1692,Cerveza Modelo,Instagram Ads,Conversión,55+,02/05/25,167580,1280,792,68443.79,114093.41
CMP-5564, GM Financial  ,YouTube Ads,Reconocimiento,45-54,01/05/25,56446,14182,365,15520.49,118965.09
CMP-6746, Banco Azteca  ,LinkedIn Ads,Reconocimiento,35-44,31/07/25,273265,5434,388,7973.65,187447.12
CMP-5082,Banco Azteca,TikTok Ads,Alcance,45-54,13/03/25,235950,12269,509,80868.77,179167.28
CMP-6387,OnStar,Google Ads,conversión,18-24,09/04/25,205959,11670,40,77543.89,129914.72
CMP-8469,Telcel,Facebook Ads,Leads,25-34,02/05/25,191053,609,609,28890.48,181515.52
CMP-1048,OnStar,TikTok Ads,Leads,25-34,02/01/25,372020,9190,377,31538.76,150471.09
CMP-6905,Bimbo,TikTok Ads,Conversión,45-54,06/10/25,65783,13470,541,,118310.19
CMP-10990,Bimbo,YouTube Ads,Leads,45-54,23/05/25,51739,12354,451,32822.25,
CMP-5813, Liverpool  ,TikTok Ads,Conversión,45-54,09/04/25,200246,11116,18,8096.12,153131.58
CMP-5373,Telcel,Google Ads,Conversión,55+,30/06/25,428931,9999,245,11401.37,164590.02
CMP-6110,Aeroméxico,Google Ads,Alcance,55+,22/07/25,162585,1464,526,4556.34,22420.81
CMP-1323,Banco Azteca,Facebook Ads,Reconocimiento,55+,02/06/25,421189,10582,289,49545,197044.71
CMP-4548,Telcel,Google Ads,Leads,18-24,18/04/25,180470,1895,396,14911.3,150605.74
CMP-3720,Cerveza Modelo,YOUTUBE ADS,Leads,,28/04/25,367350,1746,96,20324.24,18508.26
CMP-6513,OnStar,LinkedIn Ads,alcance,45-54,20/01/25,367990,10684,464,56660.34,155153.06
CMP-9778,Banco Azteca,Google Ads,Tráfico,18-24,06/08/25,173911,6164,771,42442.81,143259.92
CMP-4263,Aeroméxico,Facebook Ads,Conversión,,22/03/25,36435,9963,581,78871.08,56305.99
CMP-6998,Aeroméxico,LinkedIn Ads,conversión,25-34,25/08/25,484458,9565,33,45522.2,179201.32
CMP-9844,GM Financial,Instagram Ads,Leads,18-24,02/02/25,28889,11520,555,27510.25,
CMP-6629,Aeroméxico,YouTube Ads,Alcance,,16/08/25,211319,10772,429,14114.93,50850.83
CMP-10474,Aeroméxico,Instagram Ads,Alcance,25-34,19/01/25,134609,10895,581,36660.59,191119.12
CMP-5208,Aeroméxico,YouTube Ads,Alcance,35-44,26/09/25,46336,12688,368,23508.82,170032.41
CMP-4733,Liverpool,TIKTOK ADS,Alcance,18-24,23/08/25,385122,5054,254,41536.76,
CMP-3123, Banco Azteca  ,INSTAGRAM ADS,Alcance,45-54,15/09/25,115121,4145,417,53815.69,22202.37
CMP-3820,Aeroméxico,INSTAGRAM ADS,Leads,18-24,20/02/25,337005,6008,232,76201.69,179461.49
CMP-1152,Liverpool,TikTok Ads,Tráfico,18-24,22/08/25,183398,2451,697,73543.73,32079.47
CMP-4204,Banco Azteca,Facebook Ads,Conversión,18-24,05/09/25,478672,4217,409,17495,
CMP-10944, Aeroméxico  ,Google Ads,Leads,55+,20/02/25,469075,9536,109,1812.72,199959.41
CMP-8492,Bimbo,TikTok Ads,Conversión,55+,05/10/25,255007,2081,,65600.55,26307.2
CMP-3080,Telcel,YOUTUBE ADS,Leads,35-44,22/06/25,294916,902,344,55122.92,196488.5
CMP-4601,Liverpool,GOOGLE ADS,Alcance,18-24,19/06/25,29191,10286,569,45612.47,200741.59
CMP-7854,Banco Azteca,YouTube Ads,Conversión,18-24,29/08/25,493686,6331,319,69406.33,157487.36
CMP-1754,Liverpool,Google Ads,Leads,55+,27/10/25,451068,1303,446,27833.64,181497.41
CMP-5746,Bimbo,Google Ads,leads,45-54,08/05/25,411665,20,20,28816.81,179511.18
CMP-10107,GM Financial,Facebook Ads,Tráfico,45-54,30/07/25,310712,2889,136,72090.45,190620.79
CMP-10218,Bimbo,TikTok Ads,Tráfico,18-24,26/07/25,186588,1593,673,1099.29,49503.35
CMP-10591,OnStar,FACEBOOK ADS,Alcance,25-34,30/07/25,395205,3622,555,17378.66,79649.27
CMP-8677, Telcel  ,FACEBOOK ADS,Alcance,25-34,22/07/25,189600,10993,298,14790.21,
CMP-1437,Aeroméxico,GOOGLE ADS,Leads,45-54,15/07/25,354978,12680,485,45665.52,182932.62
CMP-10898,Cerveza Modelo,Instagram Ads,Alcance,55+,27/09/25,94465,9647,63,16748.72,208522.76
CMP-1652,Telcel,Instagram Ads,Alcance,45-54,09/09/25,151254,628,628,49773.26,13602.87
CMP-6048,Liverpool,GOOGLE ADS,Leads,35-44,21/10/25,326360,13121,484,72461.64,183597.32
CMP-1569,Aeroméxico,Google Ads,alcance,45-54,02/05/25,61124,122,122,54015.1,
CMP-7932,Cerveza Modelo,Facebook Ads,reconocimiento,18-24,31/01/25,184251,4399,681,32556.99,78305.2
CMP-7052, Cerveza Modelo  ,Instagram Ads,Tráfico,55+,26/05/25,434019,9626,604,,46422.26
CMP-10565,OnStar,TikTok Ads,Tráfico,25-34,04/08/25,447769,5564,461,78289.47,141071.36
CMP-1635,Cerveza Modelo,TikTok Ads,Reconocimiento,55+,07/09/25,431722,1064,122,44821,30372.52
CMP-9599,Liverpool,Instagram Ads,Leads,45-54,27/05/25,38174,5069,270,56285.3,97814.37
CMP-6759,Telcel,YouTube Ads,Reconocimiento,45-54,04/08/25,59457,9210,335,71201.33,165286.92
CMP-10614,Aeroméxico,Instagram Ads,Reconocimiento,18-24,13/09/25,367893,3477,70,78665.01,34686.03
CMP-10514,Telcel,Instagram Ads,Reconocimiento,35-44,15/10/25,174901,13693,44,59534.98,58522.3
CMP-4512,Telcel,TikTok Ads,Leads,25-34,05/09/25,327278,1356,499,,100687.83
CMP-6009,Aeroméxico,TIKTOK ADS,Conversión,18-24,29/07/25,244873,6302,333,79579.89,87107.99
CMP-8153,Liverpool,Google Ads,Conversión,25-34,21/07/25,248282,2005,239,11739.6,83839.85
CMP-8942,Bimbo,Google Ads,tráfico,55+,03/08/25,271820,775,722,30622.8,168762.89
CMP-10294,Bimbo,YouTube Ads,tráfico,55+,09/07/25,17273,1925,,67880.09,115529.1
CMP-7481,Aeroméxico,Facebook Ads,Tráfico,55+,20/02/25,96145,3106,496,,5507.54
CMP-9573,Telcel,Google Ads,alcance,45-54,01/02/25,24991,11522,3,41145.72,183081.66
CMP-1065,Banco Azteca,LinkedIn Ads,Reconocimiento,45-54,25/08/25,205153,4664,53,67830.54,116642.51
CMP-3922,Liverpool,Google Ads,Tráfico,25-34,06/03/25,384728,11752,309,2257.2,140368.26
CMP-9265, Liverpool  ,Facebook Ads,alcance,18-24,02/08/25,130122,781,144,31308.6,157780.56
CMP-8149,GM Financial,YouTube Ads,Reconocimiento,18-24,17/08/25,10946,1883,597,14455.53,130200.7
CMP-9205,Cerveza Modelo,LinkedIn Ads,Reconocimiento,45-54,28/05/25,418105,2904,559,29062.42,192344.83
CMP-3026,Cerveza Modelo,TikTok Ads,Reconocimiento,45-54,20/03/25,444418,11009,452,74202.78,95058.64
CMP-8669,GM Financial,YouTube Ads,leads,45-54,17/02/25,461903,12305,178,76224.43,25751.06
CMP-5224,Telcel,YouTube Ads,Tráfico,25-34,04/04/25,313960,8577,230,49467.1,84001.8
CMP-4313,Liverpool,Google Ads,Leads,35-44,23/03/25,120971,1313,754,24901.51,11813.24
CMP-10683,Banco Azteca,Instagram Ads,Conversión,25-34,13/06/25,46149,14544,123,17314.93,130253.45
CMP-7609,Telcel,Google Ads,Conversión,45-54,12/07/25,374977,3256,286,64970.81,25739.63
CMP-1346,Telcel,Facebook Ads,Leads,18-24,04/05/25,484274,12290,751,77242.32,32322.06
CMP-4084,Banco Azteca,Instagram Ads,Leads,35-44,01/10/25,144771,1985,343,,168113.52
CMP-8441,Telcel,TIKTOK ADS,Reconocimiento,35-44,23/07/25,354339,745,181,67336.79,113924.57
CMP-3882,Telcel,TikTok Ads,conversión,35-44,02/04/25,79009,11467,283,11311.34,18566.95
CMP-6824,GM Financial,Google Ads,Alcance,18-24,23/09/25,154493,6170,147,,99769.37
CMP-10834,Aeroméxico,,Tráfico,18-24,27/07/25,158004,4116,69,49307.26,123935.43
CMP-10383,Bimbo,LinkedIn Ads,Reconocimiento,55+,10/01/25,312399,14014,527,61673.25,177713.11
CMP-9317,Aeroméxico,Google Ads,Tráfico,25-34,05/10/25,317997,7708,714,49452.69,75076.97
CMP-10102,Aeroméxico,LinkedIn Ads,Alcance,18-24,21/06/25,443128,11343,747,31691.93,85554.92
CMP-6822,Telcel,TikTok Ads,Reconocimiento,18-24,14/01/25,290080,9137,90,14797.66,214492.71
CMP-8093,Bimbo,Google Ads,Leads,35-44,14/09/25,69000,6492,262,808.67,143795.81
CMP-3574,OnStar,Facebook Ads,Reconocimiento,45-54,04/05/25,220340,8963,254,18944.42,9642.07
CMP-1220,Bimbo,YOUTUBE ADS,Leads,25-34,09/01/25,460520,1548,616,79489.47,169943.22
CMP-4281,Bimbo,GOOGLE ADS,Tráfico,25-34,24/02/25,96700,3794,31,71270.26,93980.95
CMP-6885,OnStar,Facebook Ads,Leads,18-24,23/09/25,178962,13746,421,84751.42,
CMP-8260,Banco Azteca,Facebook Ads,Reconocimiento,45-54,08/10/25,108303,7724,221,22300.12,192459.19
CMP-6645,Cerveza Modelo,LinkedIn Ads,Leads,25-34,11/10/25,290298,4020,59,55034.72,37903.12
CMP-9754,Liverpool,Facebook Ads,Reconocimiento,18-24,08/07/25,324172,8070,739,25699.2,191348.54
CMP-4944, Aeroméxico  ,LinkedIn Ads,Alcance,45-54,18/10/25,169415,12705,664,84762.12,144482.55
CMP-3156,Cerveza Modelo,TikTok Ads,leads,35-44,15/05/25,424006,2094,243,74874.2,186455.94
CMP-7503,Liverpool,Facebook Ads,Conversión,25-34,13/03/25,458499,3235,448,7667.84,185005.98
CMP-8067,Cerveza Modelo,FACEBOOK ADS,Leads,25-34,06/08/25,75847,1702,676,75682.59,4964.94
CMP-2125,Aeroméxico,YOUTUBE ADS,Leads,18-24,09/10/25,465585,10514,336,62802.63,73478.07
CMP-1914,Cerveza Modelo,YouTube Ads,Reconocimiento,35-44,10/05/25,273319,1111,631,68506.4,18321.95
CMP-7893,Telcel,LinkedIn Ads,Leads,45-54,11/05/25,281914,7779,782,,184980.54
CMP-9204,Cerveza Modelo,LinkedIn Ads,Alcance,55+,10/01/25,138173,12063,249,24883.4,35765.47
CMP-1417,Aeroméxico,Instagram Ads,Reconocimiento,55+,28/06/25,34732,603,49,48493.52,
CMP-7799,Aeroméxico,YOUTUBE ADS,Reconocimiento,35-44,30/06/25,374726,3021,676,63101.83,20494.33
CMP-4401,Bimbo,LinkedIn Ads,Leads,35-44,14/10/25,59698,3754,785,67677.88,62333.83
CMP-4619,Banco Azteca,LinkedIn Ads,Conversión,55+,04/04/25,380710,5269,634,55125.93,
CMP-8625,Aeroméxico,Instagram Ads,Tráfico,18-24,03/04/25,286683,14044,750,79789.53,33437.97
CMP-6359,Liverpool,Google Ads,tráfico,25-34,06/06/25,83330,12167,138,60397.39,30870.37
CMP-7673,Aeroméxico,TIKTOK ADS,Reconocimiento,55+,14/03/25,127767,7678,338,44580.62,30577.7
CMP-10817,Banco Azteca,Google Ads,Tráfico,55+,06/06/25,428536,11251,315,80634.26,82856.91
CMP-7096,Aeroméxico,Facebook Ads,Tráfico,18-24,14/07/25,21457,2387,323,3074.67,206190.08
CMP-10946,Banco Azteca,Instagram Ads,leads,45-54,19/05/25,186138,8147,677,55737.12,78171.84
CMP-3771,Aeroméxico,LinkedIn Ads,Reconocimiento,45-54,16/02/25,46879,10809,458,,41359.05
CMP-3781,GM Financial,Instagram Ads,Alcance,35-44,23/07/25,455338,13572,610,81994.33,189167.88
CMP-10410,OnStar,Google Ads,Tráfico,18-24,27/03/25,374032,5920,683,20252.16,13509.58
CMP-8181,OnStar,Google Ads,Reconocimiento,35-44,14/08/25,293070,1438,766,47385.49,211728.77
CMP-8833,Liverpool,LINKEDIN ADS,Alcance,45-54,20/01/25,362398,7645,512,54461.78,65424.48
CMP-1749, Liverpool  ,LinkedIn Ads,Tráfico,45-54,08/02/25,403484,3356,470,58561.82,6290.46
CMP-7864, Aeroméxico  ,Facebook Ads,tráfico,45-54,04/09/25,187829,5579,262,20679.13,144734.33
CMP-7988,Bimbo,Google Ads,Conversión,45-54,18/06/25,386041,4415,206,45842.29,
CMP-7375,Aeroméxico,YOUTUBE ADS,Leads,25-34,05/01/25,468227,10656,248,13365.18,191146.82
CMP-10855,Liverpool,YouTube Ads,Tráfico,45-54,08/01/25,211343,14110,314,41676.68,32322.04
CMP-6675,Bimbo,Instagram Ads,Conversión,35-44,04/04/25,77455,9477,,7575.56,53504.91
CMP-7129,Telcel,TikTok Ads,Leads,45-54,19/08/25,429509,7049,236,54617.46,68741.83
CMP-7395,Telcel,Facebook Ads,Leads,25-34,14/02/25,380074,11526,190,34076.31,120857.01
CMP-2670,Cerveza Modelo,Google Ads,Leads,45-54,06/06/25,315591,664,118,20382.04,
CMP-7450,Banco Azteca,YOUTUBE ADS,Tráfico,45-54,05/03/25,438166,14776,380,3064.63,203653.26
CMP-10317,OnStar,LINKEDIN ADS,Conversión,55+,18/02/25,48373,6479,682,61871.41,
CMP-10433,Cerveza Modelo,YouTube Ads,Conversión,18-24,05/07/25,33989,8288,416,,158947.89
CMP-8732,Cerveza Modelo,Facebook Ads,Tráfico,18-24,28/09/25,97813,9450,430,49977.71,57830.28
CMP-8534,Banco Azteca,LINKEDIN ADS,Leads,25-34,23/07/25,72234,10743,290,26513.43,37516.44
CMP-6448,Banco Azteca,TikTok Ads,Leads,45-54,16/07/25,375555,5195,515,62707.31,170072.37
CMP-1490,GM Financial,YouTube Ads,Alcance,55+,02/05/25,324529,11731,130,28112.32,94148.24
CMP-1658,Banco Azteca,LinkedIn Ads,Reconocimiento,35-44,15/06/25,70853,13546,285,77261.24,165841.17
CMP-8678,OnStar,Google Ads,conversión,35-44,04/07/25,441616,12586,668,24688.1,
CMP-8489,Bimbo,FACEBOOK ADS,Reconocimiento,35-44,06/07/25,466754,7081,682,63007.36,
CMP-7370,Cerveza Modelo,TikTok Ads,Conversión,35-44,09/02/25,493142,7108,611,52832.86,116635.92
CMP-6832,Aeroméxico,Facebook Ads,tráfico,45-54,02/05/25,316449,2455,344,79372.88,26428.98
CMP-8610,Bimbo,LinkedIn Ads,Leads,18-24,13/10/25,258789,14051,310,27138.16,193560.96
CMP-1350,Telcel,Google Ads,Leads,45-54,25/05/25,272417,2865,787,25386.09,149625.06
CMP-8806,Aeroméxico,LINKEDIN ADS,Leads,18-24,14/02/25,204659,14884,388,73686.27,106210.01
CMP-1896,OnStar,Facebook Ads,Leads,25-34,15/07/25,100838,9179,225,55662.86,20968.29
CMP-2594, GM Financial  ,Instagram Ads,Leads,18-24,21/04/25,13112,13024,278,76121.22,854.32
CMP-8699, Cerveza Modelo  ,LINKEDIN ADS,tráfico,55+,10/09/25,75360,10332,772,54628.4,146480.54
CMP-2170,GM Financial,GOOGLE ADS,Leads,55+,02/10/25,150121,12254,334,30543.97,
CMP-6957,Banco Azteca,TikTok Ads,Reconocimiento,35-44,31/03/25,395640,14464,340,18958.5,134134.38
CMP-8246,Liverpool,Instagram Ads,Alcance,25-34,11/08/25,167478,1980,492,47007.44,149429.61
CMP-6988,Aeroméxico,LinkedIn Ads,Leads,55+,23/05/25,171600,3466,212,53277.46,137069.72
CMP-2907,Telcel,Facebook Ads,Conversión,25-34,19/08/25,493128,2489,408,,215000.9
CMP-2651,Bimbo,Google Ads,Leads,18-24,30/08/25,449360,5888,54,44050.96,122183.16
CMP-2699, Banco Azteca  ,YouTube Ads,Reconocimiento,25-34,25/06/25,489353,8081,65,25110.44,48441.31
CMP-9227,Bimbo,Instagram Ads,Conversión,18-24,06/10/25,101874,5948,378,42330.09,96232.94
CMP-2774,Bimbo,TikTok Ads,Alcance,25-34,12/03/25,475361,6615,484,39237.09,62106.59
CMP-2465,Aeroméxico,TikTok Ads,Alcance,55+,05/03/25,295344,10306,715,873.4,41575.89
CMP-8089,Liverpool,Google Ads,Alcance,45-54,02/04/25,23635,7206,235,39741.75,79521.5
CMP-9679,Cerveza Modelo,TikTok Ads,Reconocimiento,35-44,17/09/25,385675,4612,264,73121.26,210395.68
CMP-3138,Liverpool,Facebook Ads,Reconocimiento,55+,05/10/25,358492,175,88,5881.85,
CMP-2602,OnStar,YouTube Ads,Conversión,25-34,07/03/25,57173,14606,0,8331.16,134734.07
CMP-8234,Aeroméxico,TIKTOK ADS,Reconocimiento,18-24,07/01/25,144980,13929,211,41078.41,66445.36
CMP-2017,Liverpool,Google Ads,Leads,45-54,23/09/25,212320,14380,511,73166.96,178497.35
CMP-6838,Bimbo,Facebook Ads,Tráfico,45-54,16/04/25,471254,5714,51,76928.94,114162.38
CMP-10442,Aeroméxico,TikTok Ads,Reconocimiento,25-34,24/04/25,144898,10073,143,76908.43,47120.06
CMP-10456,Telcel,Google Ads,Conversión,18-24,16/09/25,65311,9049,394,33512.01,52097.92
CMP-1567,Banco Azteca,YouTube Ads,Tráfico,55+,05/06/25,310316,12522,104,3850.57,73034.03
CMP-10230,Telcel,LINKEDIN ADS,Reconocimiento,25-34,07/04/25,313376,8357,38,82223.8,65623.41
CMP-1184, Cerveza Modelo  ,Facebook Ads,Alcance,18-24,03/07/25,414599,6401,493,71812.44,153682.15
CMP-6340,Aeroméxico,YOUTUBE ADS,Leads,25-34,25/04/25,484420,3116,556,32868.37,41291.02
CMP-6363,Liverpool,YouTube Ads,Leads,55+,04/02/25,72751,5372,,26056.73,114909.33
CMP-3429,Aeroméxico,YouTube Ads,Tráfico,35-44,06/10/25,371452,14771,310,36028.44,111058.29
CMP-10448,GM Financial,Instagram Ads,Conversión,55+,15/03/25,255499,11611,536,28738.63,170769.83
CMP-4542,Aeroméxico,Instagram Ads,Leads,35-44,07/08/25,476153,1049,790,,164904.55
CMP-6614,Bimbo,LinkedIn Ads,Alcance,35-44,23/03/25,421385,1700,411,39846.73,14707.61
CMP-6319,GM Financial,TikTok Ads,Leads,55+,29/07/25,334089,5050,154,8415.41,1657.29
CMP-3633,Banco Azteca,Google Ads,reconocimiento,45-54,08/03/25,351898,8111,559,30192.11,89507.05
CMP-3729,OnStar,YouTube Ads,Alcance,25-34,03/04/25,55515,12434,451,58475.33,181975.43
CMP-10997,Banco Azteca,LinkedIn Ads,Tráfico,18-24,22/08/25,442771,6940,465,39849.97,
CMP-9140,OnStar,LINKEDIN ADS,Leads,45-54,08/10/25,171115,9755,670,3665.94,92264.26
CMP-8838,Bimbo,GOOGLE ADS,leads,45-54,06/02/25,232630,13442,657,11050.67,52603.97
CMP-5038,Liverpool,TIKTOK ADS,Tráfico,25-34,24/05/25,364839,5800,206,39838.76,8400.17
CMP-2471,Telcel,Google Ads,Conversión,55+,05/04/25,25470,5600,158,15726.6,180426.6
CMP-2322,Aeroméxico,LinkedIn Ads,Leads,25-34,22/03/25,152067,10204,414,37407.67,117194.82
CMP-2553,Aeroméxico,TikTok Ads,Conversión,18-24,03/04/25,190012,653,542,13786.21,174565.57
CMP-7856,Liverpool,LinkedIn Ads,alcance,55+,15/02/25,111991,2381,608,61717.02,25962.79
CMP-5854, Telcel  ,FACEBOOK ADS,Reconocimiento,45-54,18/03/25,383170,10413,790,30285.17,16028.96
CMP-7647,Banco Azteca,TikTok Ads,Conversión,55+,22/01/25,339123,4021,318,41608.75,
CMP-4999,OnStar,Facebook Ads,Conversión,45-54,17/09/25,87559,3703,567,71235.07,11402.64
CMP-5306,Cerveza Modelo,Google Ads,Conversión,25-34,17/05/25,463511,14827,387,48822.37,59089.87
CMP-2726,Bimbo,YouTube Ads,Conversión,45-54,22/09/25,7046,7046,684,50388.9,64965.25
CMP-2112,OnStar,LinkedIn Ads,Tráfico,35-44,17/06/25,238683,410,410,29688.6,
CMP-9275,Bimbo,Instagram Ads,Alcance,45-54,18/05/25,193980,6670,43,17724.46,19580.57
CMP-4873,Cerveza Modelo,TikTok Ads,Conversión,25-34,09/02/25,216155,860,74,8944.35,27297.93
CMP-2547,OnStar,Instagram Ads,Leads,35-44,06/02/25,356381,14305,167,1502.56,166499.79
CMP-8934,GM Financial,YouTube Ads,Alcance,25-34,20/01/25,327907,1085,88,70497.28,101977.56
CMP-8987, Aeroméxico  ,LinkedIn Ads,Tráfico,55+,18/07/25,474597,12086,243,24271.7,217660.42
CMP-2186,Banco Azteca,GOOGLE ADS,Alcance,18-24,25/09/25,231950,6709,43,68106.45,159505.27
CMP-5000,Banco Azteca,LinkedIn Ads,Conversión,25-34,12/07/25,74506,1964,715,65835.58,
CMP-6130, Banco Azteca  ,YouTube Ads,Leads,35-44,10/09/25,90146,2075,775,,199277.42
CMP-7715,Cerveza Modelo,TikTok Ads,Alcance,55+,21/06/25,292040,13604,694,73599.36,12181.99
CMP-2914,Cerveza Modelo,Google Ads,conversión,35-44,19/10/25,93824,11602,254,64842.98,151287.49
CMP-2241,Aeroméxico,Facebook Ads,Conversión,25-34,24/08/25,85071,4360,514,48145,125277.71
CMP-4950,Banco Azteca,LinkedIn Ads,Conversión,,02/07/25,197027,4138,516,21055.32,102891.68
CMP-1784,Telcel,TikTok Ads,Conversión,55+,11/03/25,487258,14832,192,60946.08,12180.2
CMP-4517,Telcel,TikTok Ads,Reconocimiento,55+,06/08/25,323622,11452,498,47672.38,45311.04
CMP-6427,Telcel,Facebook Ads,Alcance,35-44,04/04/25,311802,8580,249,59015.86,65959.3
CMP-1615,Aeroméxico,Instagram Ads,conversión,,16/09/25,117029,7182,550,23241.67,3441.06
CMP-8851,Banco Azteca,GOOGLE ADS,Reconocimiento,18-24,11/02/25,380660,2755,522,5272.99,112163.66
CMP-9206,Liverpool,Instagram Ads,Alcance,55+,20/05/25,436814,6568,624,27902.3,18000.55
CMP-6194,Bimbo,LINKEDIN ADS,Reconocimiento,45-54,13/08/25,113704,4558,58,1695.84,114645.91
CMP-10662,Aeroméxico,YouTube Ads,Alcance,55+,30/09/25,231620,1651,688,71647.46,55619.25
CMP-4269,GM Financial,LinkedIn Ads,Leads,55+,27/03/25,468168,8878,770,78909.39,174954.94
CMP-3625,GM Financial,Google Ads,Reconocimiento,55+,07/02/25,289157,8444,515,30367.96,79238.37
CMP-2334,Cerveza Modelo,Instagram Ads,Leads,55+,04/08/25,471133,12156,693,45364.7,156750.67
CMP-3637,Banco Azteca,Google Ads,Reconocimiento,25-34,13/03/25,319721,12313,181,60403.41,137708.03
CMP-6657,OnStar,LinkedIn Ads,Conversión,45-54,05/10/25,457733,3107,309,22609.69,1763.7
CMP-6515,Cerveza Modelo,Facebook Ads,Conversión,25-34,01/07/25,414451,9610,117,33075.39,27309.73
CMP-9912,Aeroméxico,Instagram Ads,Conversión,45-54,25/02/25,200305,13602,529,70994.01,195227.53
CMP-1497,Liverpool,Instagram Ads,Tráfico,18-24,27/08/25,226618,2870,775,39074.76,198947.4
CMP-5574,Banco Azteca,Instagram Ads,Conversión,,27/08/25,139729,8453,67,28344.24,94105.05
CMP-6870,Telcel,Facebook Ads,Alcance,18-24,20/01/25,96947,14874,199,18105.48,216557.35
CMP-3380, Aeroméxico  ,TikTok Ads,Tráfico,,17/07/25,474097,1460,587,56438.26,
CMP-10007,Aeroméxico,LinkedIn Ads,Tráfico,25-34,23/02/25,498289,5774,126,28569.84,133367.66
CMP-5503,Banco Azteca,YOUTUBE ADS,Reconocimiento,35-44,26/05/25,205292,4982,522,49693.62,75336.57
CMP-2261,OnStar,Instagram Ads,Alcance,35-44,03/03/25,76377,4593,768,10925.7,210406.46
CMP-9328,Banco Azteca,Instagram Ads,Leads,25-34,22/09/25,455681,12941,687,80002.52,19744.51
CMP-4755,Telcel,INSTAGRAM ADS,Leads,18-24,19/01/25,9151,5854,644,5096.03,102280.61
CMP-5232,Cerveza Modelo,LINKEDIN ADS,Alcance,18-24,21/07/25,104440,9376,64,42193.19,153411.36
CMP-4107,Liverpool,YouTube Ads,Tráfico,,07/10/25,417195,8885,139,4522.59,165604.35
CMP-3601,Bimbo,Facebook Ads,leads,35-44,07/06/25,248433,3365,480,80710.87,101130.25
CMP-4443,Telcel,LinkedIn Ads,Leads,55+,17/03/25,464391,3826,541,53079.74,195239.59
CMP-8670,Banco Azteca,,tráfico,45-54,10/07/25,477435,10521,,46399.16,5361.06
CMP-5974,OnStar,LinkedIn Ads,Alcance,55+,14/09/25,275751,3233,264,16633.22,5085.21
CMP-5304,Bimbo,LinkedIn Ads,Leads,35-44,07/04/25,13647,5815,146,84131.45,147271.95
CMP-7097,Cerveza Modelo,FACEBOOK ADS,Alcance,25-34,02/08/25,276755,5405,789,,17718.14
CMP-5801, GM Financial  ,Google Ads,Conversión,18-24,07/08/25,253849,13432,665,62245.96,103880.42
CMP-6159,GM Financial,LinkedIn Ads,alcance,45-54,26/05/25,464550,13511,41,62402.41,169757.83
CMP-1570, OnStar  ,YouTube Ads,Tráfico,35-44,13/06/25,396709,10297,680,65026.1,
CMP-2326,Cerveza Modelo,Google Ads,Alcance,18-24,25/04/25,121624,6160,442,60845.15,96411.51
CMP-2984,Bimbo,LINKEDIN ADS,Alcance,55+,23/09/25,241972,4003,100,70345.91,168887.41
CMP-9501,Cerveza Modelo,TikTok Ads,Conversión,35-44,15/10/25,271733,14027,62,24712.47,169348.96
CMP-6479,Bimbo,YouTube Ads,Reconocimiento,18-24,25/02/25,71409,11882,707,54287.68,158313.85
CMP-6680,Banco Azteca,GOOGLE ADS,Leads,,01/06/25,410141,11591,533,58117.95,153500.31
CMP-2906, Aeroméxico  ,TikTok Ads,Leads,45-54,25/03/25,396555,3375,112,38258.65,219231.19
CMP-6879,GM Financial,Google Ads,Alcance,55+,13/02/25,283225,14879,53,46475.54,10813.08
CMP-6132,Aeroméxico,YouTube Ads,reconocimiento,18-24,26/06/25,136755,165,165,58809.28,51253.58
CMP-9108,Telcel,TikTok Ads,Conversión,55+,28/02/25,427101,14748,56,18939.56,123832.8
CMP-2091,Bimbo,INSTAGRAM ADS,Leads,55+,29/01/25,200218,7093,779,78336.67,170967.31
CMP-6318, Aeroméxico  ,Facebook Ads,reconocimiento,18-24,13/03/25,145045,4434,262,,202135.89
CMP-9446,Bimbo,YouTube Ads,conversión,25-34,01/10/25,152990,8836,583,14404.59,59434.08
CMP-6524,GM Financial,YouTube Ads,conversión,25-34,31/07/25,474663,7126,607,6197.48,201886.72
CMP-10135,Banco Azteca,YouTube Ads,Reconocimiento,18-24,23/08/25,475299,2204,647,62620.98,109078.53
CMP-1435,Telcel,Facebook Ads,Conversión,18-24,25/04/25,467389,2167,93,36362.29,
CMP-2303,Liverpool,TikTok Ads,Tráfico,18-24,03/05/25,443201,5096,763,33456.86,34467.81
CMP-7853,Aeroméxico,TikTok Ads,Alcance,18-24,25/06/25,213140,2428,748,1879.48,74555.29
CMP-4938, Banco Azteca  ,TikTok Ads,Reconocimiento,55+,01/04/25,59351,11747,170,19322.51,167824.4
CMP-5150,Aeroméxico,TIKTOK ADS,Leads,35-44,17/08/25,264613,7311,380,48600.99,39367.99
CMP-6187,Cerveza Modelo,YouTube Ads,reconocimiento,35-44,14/05/25,7392,7392,738,27421,13173.65
CMP-8025,Aeroméxico,LinkedIn Ads,Tráfico,35-44,07/10/25,438163,3206,303,64409.2,109768.28
CMP-1590,OnStar,,reconocimiento,25-34,16/07/25,129381,5387,674,61920.19,105792.56
CMP-2746,Bimbo,Facebook Ads,Tráfico,35-44,19/10/25,393539,13401,300,,105425.25
CMP-6053, Liverpool  ,Instagram Ads,Alcance,45-54,02/05/25,321212,14897,458,,1191
CMP-7769,Aeroméxico,Instagram Ads,Tráfico,18-24,20/04/25,253131,3740,68,27448.5,25485.92
CMP-5357,Telcel,TikTok Ads,Tráfico,18-24,18/01/25,362126,9485,62,3046.98,206320.98
CMP-2578, OnStar  ,YouTube Ads,Alcance,55+,11/05/25,135306,1640,3,48147.78,120816.34
CMP-2419,Aeroméxico,LinkedIn Ads,Leads,35-44,22/01/25,438270,7882,643,17748.25,64595.72
CMP-8366,Banco Azteca,LinkedIn Ads,Conversión,35-44,05/08/25,439861,8725,5,66208.51,38965.47
CMP-8747,Aeroméxico,FACEBOOK ADS,Conversión,25-34,04/04/25,74933,9728,280,50914.44,115929.02
CMP-1401,Liverpool,YouTube Ads,Tráfico,25-34,29/06/25,292548,12568,,52737.97,206034.58
CMP-9568,OnStar,LinkedIn Ads,Conversión,18-24,02/03/25,457177,12107,634,24608.62,154683.13
CMP-2533,Liverpool,Facebook Ads,Conversión,25-34,31/08/25,19576,11581,676,63786.33,195452.3
CMP-4896,OnStar,Facebook Ads,Alcance,25-34,22/06/25,133292,11804,336,22486.59,1698.44
CMP-2115,Telcel,YouTube Ads,Reconocimiento,45-54,25/08/25,494027,11224,702,30967.43,33344.51
CMP-6591,Cerveza Modelo,YouTube Ads,Tráfico,25-34,07/08/25,119288,496,495,17420.68,192031.56
CMP-9601,OnStar,Google Ads,Alcance,18-24,22/03/25,305017,573,524,22984.65,204468.92
CMP-7411,Telcel,INSTAGRAM ADS,Reconocimiento,55+,27/08/25,320776,2632,771,7385.71,211460.1
CMP-8994,Liverpool,Instagram Ads,conversión,35-44,18/06/25,421278,13695,,60564.72,6417.79
CMP-5350,Cerveza Modelo,Google Ads,Conversión,25-34,07/09/25,291563,5199,473,31571.41,197700.48
CMP-4117,Telcel,YouTube Ads,Reconocimiento,35-44,29/01/25,455630,12903,3,75472.04,169588.95
CMP-3339,GM Financial,Facebook Ads,Alcance,25-34,17/04/25,229585,6118,231,23976.22,5057.67
CMP-3189,Telcel,TikTok Ads,Leads,25-34,08/05/25,461578,14749,472,60136.8,
CMP-2545,Bimbo,GOOGLE ADS,Tráfico,45-54,30/07/25,78792,2031,367,51752.85,183018.14
CMP-10406,Cerveza Modelo,Facebook Ads,Tráfico,25-34,01/01/25,238652,9401,,80869.71,131263.89
CMP-2366,Aeroméxico,Facebook Ads,Leads,55+,15/02/25,32494,3783,482,76991.24,16314.05
CMP-7017, OnStar  ,Google Ads,Alcance,25-34,11/10/25,431095,1178,,32845.98,39891.19
CMP-8182,Telcel,YouTube Ads,Leads,55+,06/01/25,276757,12755,696,,162113.36
CMP-3572,Banco Azteca,Google Ads,Conversión,45-54,14/03/25,176742,8382,58,72069.94,14837.47
CMP-2314,Telcel,LinkedIn Ads,Alcance,45-54,04/05/25,393931,11373,438,2580.89,153043.83
CMP-9795, Bimbo  ,TikTok Ads,Leads,,30/08/25,110780,6013,145,13222.2,
CMP-8557,Telcel,Instagram Ads,Leads,18-24,24/01/25,345741,7768,475,26216.69,120298.33
CMP-10515,Cerveza Modelo,TikTok Ads,Alcance,35-44,28/06/25,91971,12211,72,4610.96,84252.12
CMP-8325,Bimbo,LinkedIn Ads,conversión,18-24,01/06/25,282836,42,42,2829.6,67731.08
CMP-7261,Liverpool,Instagram Ads,Alcance,25-34,11/09/25,68725,7809,434,77164.21,152252.57
CMP-5362,Aeroméxico,FACEBOOK ADS,Alcance,35-44,11/07/25,104101,94,94,7640.72,185660.51
CMP-7516,Telcel,Google Ads,Tráfico,18-24,29/05/25,111314,11548,705,55545.73,7431.49
CMP-8345,Aeroméxico,FACEBOOK ADS,Alcance,45-54,09/01/25,69544,6047,477,13608.04,4020.82
CMP-6127,Banco Azteca,Facebook Ads,Conversión,,16/10/25,368183,4885,781,1003.33,137055.46
CMP-9787, Telcel  ,YOUTUBE ADS,Tráfico,25-34,25/04/25,460552,14851,78,65778.27,22442.41
CMP-2680,Telcel,Facebook Ads,Tráfico,25-34,26/01/25,262621,4413,183,22399.07,175420.73
CMP-6520,Aeroméxico,TikTok Ads,Alcance,35-44,09/04/25,235809,13880,281,50865.32,191071.74
CMP-9089,Banco Azteca,Facebook Ads,Tráfico,55+,25/03/25,311983,1101,474,14236.19,188196.16
CMP-3721,Bimbo,Facebook Ads,Conversión,,20/07/25,378459,3077,245,59457.6,151506.12
CMP-6193,Telcel,Google Ads,Conversión,45-54,16/09/25,243133,4830,653,38381.75,169631.59
CMP-8730,Aeroméxico,Google Ads,Reconocimiento,25-34,25/02/25,122034,3275,210,74019.05,192198.57
CMP-8758,Telcel,Instagram Ads,Conversión,18-24,05/10/25,468696,5067,132,,115811.41
CMP-6001,GM Financial,Facebook Ads,Leads,35-44,28/09/25,147169,10120,347,22637.27,13762.74
CMP-3423,Telcel,TikTok Ads,reconocimiento,55+,13/02/25,130285,13427,,3101.01,101827.18
CMP-8759,Telcel,FACEBOOK ADS,Alcance,25-34,23/03/25,60893,13617,511,64108.09,175127
CMP-5779,GM Financial,Google Ads,Tráfico,25-34,18/09/25,401346,12789,460,70110.96,41064.87
CMP-3982,Banco Azteca,LinkedIn Ads,Leads,25-34,08/10/25,447864,8434,422,50866.49,194930.5
CMP-1117,GM Financial,Google Ads,Leads,35-44,19/08/25,418705,2779,213,44724.04,26780.2
CMP-8038,GM Financial,YouTube Ads,Alcance,35-44,16/10/25,204022,5232,137,34868.72,
CMP-5414,Bimbo,Instagram Ads,Leads,25-34,30/09/25,201678,7013,,61081.67,47237.54
CMP-7709,Aeroméxico,TikTok Ads,Reconocimiento,25-34,30/04/25,21960,7971,328,7810.53,86844.06
CMP-3167, Telcel  ,GOOGLE ADS,Conversión,35-44,26/09/25,188371,7478,405,26289.68,119353.29
CMP-1907,OnStar,Instagram Ads,Conversión,18-24,15/01/25,44987,2923,454,53490.67,95547.72
CMP-2918,Telcel,Facebook Ads,tráfico,55+,07/03/25,166265,1698,98,33368.44,217732.7
CMP-2895,Bimbo,Google Ads,Reconocimiento,45-54,30/01/25,490481,7169,469,59828.05,14305.93
CMP-10719,Aeroméxico,Facebook Ads,Tráfico,18-24,04/03/25,248432,13422,182,68743.54,205727.95
CMP-9731,Liverpool,Instagram Ads,Conversión,18-24,17/07/25,208717,8646,324,28132.09,192694.59
CMP-6321,Liverpool,YouTube Ads,Conversión,25-34,21/03/25,380070,8589,304,71741.82,65246.73
CMP-2613, Banco Azteca  ,TikTok Ads,Leads,35-44,03/04/25,249450,13378,718,14056.42,12630.83
CMP-7479,GM Financial,LinkedIn Ads,Conversión,55+,25/03/25,474348,4449,397,47463.01,55949.09
CMP-2987,Cerveza Modelo,FACEBOOK ADS,Leads,45-54,27/06/25,51555,3697,660,61423.71,22770.11
CMP-3535,Cerveza Modelo,LinkedIn Ads,Reconocimiento,,21/01/25,156703,11065,,73993.73,195236.22
CMP-4515,Telcel,Google Ads,Conversión,25-34,21/07/25,482752,3080,179,,172447.8
CMP-1632,Cerveza Modelo,LinkedIn Ads,Reconocimiento,35-44,13/03/25,42911,14941,717,,161881.78
CMP-5856,Banco Azteca,INSTAGRAM ADS,Alcance,55+,20/01/25,411117,6665,107,47108.9,69588.73
CMP-1278,Banco Azteca,,Tráfico,55+,21/08/25,425768,10188,148,68598.84,103091.22
CMP-2825,Aeroméxico,Facebook Ads,Leads,45-54,18/05/25,50509,10129,680,23706.05,195498.8
CMP-8902,Cerveza Modelo,LinkedIn Ads,Reconocimiento,25-34,15/04/25,192858,11401,118,18211.31,56195.59
CMP-2049,Cerveza Modelo,FACEBOOK ADS,Tráfico,35-44,27/05/25,444636,6479,537,33834.74,48238.63
CMP-9618,Cerveza Modelo,Facebook Ads,Reconocimiento,,24/07/25,97266,1617,483,4951.71,174592.66
CMP-7324,GM Financial,YouTube Ads,Leads,35-44,29/03/25,93522,1152,606,25019.64,169138.58
CMP-5754,Bimbo,YouTube Ads,Leads,35-44,06/04/25,197762,11233,776,36730.57,217722.61
CMP-2137,Telcel,Google Ads,Alcance,18-24,08/04/25,180452,1351,,19264.5,178898.57
CMP-7486,Liverpool,Google Ads,Reconocimiento,18-24,15/09/25,300551,11704,309,3314.56,36799.02
CMP-9024, OnStar  ,LinkedIn Ads,Alcance,25-34,12/10/25,144364,11127,586,75215.51,9158.76
CMP-9326,OnStar,GOOGLE ADS,Reconocimiento,45-54,22/08/25,480255,11083,132,63743.31,67334.5
CMP-1801, GM Financial  ,TikTok Ads,Alcance,45-54,14/05/25,491097,11787,422,53813.78,152537.05
CMP-5978,OnStar,Facebook Ads,Tráfico,25-34,11/03/25,109906,11153,428,40886.09,65445.69
CMP-8529, Liverpool  ,LinkedIn Ads,Leads,25-34,09/07/25,276467,14931,348,7500.59,34764.5
CMP-3194,GM Financial,TikTok Ads,Leads,18-24,24/05/25,178106,10912,391,,117711.48
CMP-2863,Banco Azteca,LinkedIn Ads,Reconocimiento,55+,21/09/25,274834,14574,446,53491.93,86000.54
CMP-9933,Cerveza Modelo,Instagram Ads,Conversión,45-54,03/08/25,62560,8823,485,58772.38,186993.18
CMP-4099,Cerveza Modelo,LinkedIn Ads,Conversión,55+,22/02/25,424329,7200,558,52602,77497.65
CMP-9112,GM Financial,LinkedIn Ads,Leads,25-34,03/09/25,312588,4717,457,21717.84,159163.43
CMP-8649,Bimbo,LinkedIn Ads,Leads,18-24,08/08/25,122714,8442,382,30963.76,110398.41
CMP-5874,Telcel,TikTok Ads,Alcance,55+,20/09/25,90819,14809,417,48303.13,25444.64
CMP-1014,Bimbo,TikTok Ads,Alcance,25-34,15/09/25,10367,5108,658,2547.09,16049.82
CMP-4425,Cerveza Modelo,TikTok Ads,Conversión,55+,14/04/25,3870,3870,23,26847.53,13983.72
CMP-9016,GM Financial,Instagram Ads,Conversión,35-44,12/05/25,176823,13484,433,17760.16,95425.71
CMP-1321,Telcel,TikTok Ads,Conversión,45-54,03/08/25,40299,4723,645,58411.43,3475.88
CMP-8285,Telcel,Facebook Ads,Tráfico,45-54,08/09/25,306333,2915,665,,187825.03
CMP-5888,GM Financial,GOOGLE ADS,conversión,45-54,28/04/25,13671,7457,149,28406.17,50567.88
CMP-1402,Telcel,Facebook Ads,Reconocimiento,35-44,11/08/25,84573,10662,592,76273.53,132784.27
CMP-2290,Telcel,YouTube Ads,Conversión,55+,03/03/25,180414,11582,55,84271.84,142807.99
CMP-3774,Bimbo,YOUTUBE ADS,Leads,25-34,06/06/25,74519,2173,561,50221.55,3393.8
CMP-9655,Bimbo,Facebook Ads,Reconocimiento,25-34,13/06/25,118377,2019,733,13051.1,7584
CMP-7560,GM Financial,Google Ads,Leads,35-44,09/08/25,220942,10357,485,55328.38,65550.92
CMP-6291,GM Financial,Instagram Ads,Tráfico,18-24,02/06/25,9279,9279,,84738.54,99371.24
CMP-3132,Cerveza Modelo,Instagram Ads,Leads,,28/09/25,322759,8381,,45666.75,
CMP-1618,Cerveza Modelo,YouTube Ads,Leads,55+,14/06/25,499596,2431,302,75040.64,157556.17
CMP-2830,Bimbo,Facebook Ads,Alcance,35-44,18/10/25,495394,127,127,81675.54,166187.82
CMP-1710,GM Financial,YouTube Ads,Leads,55+,16/02/25,362463,11283,17,62441.24,117534.73
CMP-2185, GM Financial  ,INSTAGRAM ADS,Alcance,18-24,30/03/25,409252,14143,247,57856.65,133850.94
CMP-5384,Liverpool,Instagram Ads,Conversión,,24/09/25,235230,1378,114,8940.48,168515.25
CMP-8178,OnStar,YouTube Ads,Alcance,25-34,29/08/25,356175,10582,131,55012.01,111897.46
CMP-2477,Liverpool,YouTube Ads,Reconocimiento,45-54,12/04/25,215466,1159,402,43320.74,109296.47
CMP-4495,OnStar,Instagram Ads,Conversión,35-44,28/02/25,47828,8771,301,68004.5,95508.54
CMP-7232,GM Financial,Instagram Ads,Leads,35-44,22/07/25,12094,2555,334,48422.83,203615.01
CMP-6570,Banco Azteca,YOUTUBE ADS,Conversión,18-24,22/03/25,249983,8236,280,53372.38,211856.45
CMP-3166, OnStar  ,TikTok Ads,Leads,35-44,12/10/25,360779,8999,619,40178.55,
CMP-10140,Bimbo,Instagram Ads,Reconocimiento,25-34,16/06/25,43991,6281,224,43629.62,164626.59
CMP-3844,Banco Azteca,LinkedIn Ads,Leads,45-54,11/04/25,476043,9814,515,74928,199658.81
CMP-10432,GM Financial,LinkedIn Ads,Alcance,45-54,10/02/25,295145,9217,397,21735.58,
CMP-6010,Liverpool,Instagram Ads,Tráfico,45-54,24/08/25,5155,1543,610,71430.58,74146.98
CMP-10874,OnStar,Google Ads,Tráfico,35-44,22/05/25,269595,2078,497,5181.66,161461.97
CMP-6225,OnStar,LinkedIn Ads,Tráfico,25-34,01/09/25,332921,12624,623,77431.4,122639.56
CMP-2229,Liverpool,TikTok Ads,Leads,35-44,04/09/25,309342,384,325,32943.19,210531.39
CMP-3129, OnStar  ,Facebook Ads,Tráfico,35-44,14/08/25,495041,10382,14,54834.5,199626.8
CMP-6296,Cerveza Modelo,Google Ads,Conversión,45-54,11/03/25,48794,5700,339,2624.47,148955.89
CMP-6287,Aeroméxico,INSTAGRAM ADS,Reconocimiento,18-24,24/08/25,121969,8733,54,80302.19,75519.14
CMP-4216,Banco Azteca,TikTok Ads,Reconocimiento,18-24,27/03/25,99469,5617,383,77192.85,159133.74
CMP-3792,Banco Azteca,LinkedIn Ads,Leads,25-34,19/09/25,287847,2961,33,25746.78,182730.07
CMP-6724,Bimbo,Instagram Ads,Conversión,45-54,20/09/25,35576,4756,777,28618.85,211328.98
CMP-2732,Liverpool,GOOGLE ADS,Tráfico,55+,03/06/25,434071,13792,271,33825.77,200450.44
CMP-7942,Cerveza Modelo,Instagram Ads,Reconocimiento,55+,06/09/25,35325,9248,206,22349.45,16008.69
CMP-1904,Liverpool,Google Ads,Alcance,45-54,16/08/25,29723,13911,219,15081.01,144639.47
CMP-6272,OnStar,LinkedIn Ads,Tráfico,35-44,10/05/25,424431,6806,30,6012.31,96806.62
CMP-1475,Telcel,TikTok Ads,Alcance,55+,21/02/25,407906,6137,765,37473.28,35206.66
CMP-1620,Aeroméxico,LinkedIn Ads,Tráfico,25-34,24/03/25,455892,944,67,83060.62,118562.33
CMP-7791,Aeroméxico,Google Ads,Leads,35-44,11/01/25,4517,4517,746,43191.43,75327.96
CMP-7077,GM Financial,LINKEDIN ADS,Reconocimiento,25-34,30/05/25,100521,7541,754,61012.55,151712.4
CMP-2249,GM Financial,LinkedIn Ads,Alcance,25-34,26/05/25,62608,11886,229,34272.59,191583.6
CMP-5085,GM Financial,Facebook Ads,Conversión,35-44,25/02/25,314055,7466,81,20762.58,181819.27
CMP-10261,Liverpool,Instagram Ads,Reconocimiento,18-24,17/06/25,156881,14770,484,22030.88,219279.81
CMP-3880,Aeroméxico,Facebook Ads,Leads,35-44,07/08/25,100636,190,190,75984.2,136537.66
CMP-9000,Cerveza Modelo,Google Ads,Reconocimiento,18-24,24/05/25,445415,14359,390,7203.6,204443.43
CMP-9974,Bimbo,LinkedIn Ads,Alcance,,18/09/25,252733,9751,105,74654.51,127292.58
CMP-6982,OnStar,Instagram Ads,Tráfico,18-24,23/05/25,339484,3123,590,32651.22,201964.73
CMP-4928,Liverpool,YouTube Ads,Leads,,21/09/25,265893,14031,328,60208.13,200627.32
CMP-10783,Banco Azteca,LinkedIn Ads,Leads,35-44,15/08/25,415018,11024,106,34078.5,30708.38
CMP-6078, Telcel  ,YouTube Ads,Conversión,45-54,25/01/25,434643,12887,689,26415.47,93411.27
CMP-5783,Bimbo,TikTok Ads,Tráfico,45-54,13/09/25,270973,5457,51,64281.33,118689.9
CMP-2877,Liverpool,Instagram Ads,Leads,55+,18/10/25,202735,1720,344,79717.45,151109.38
CMP-4003,Aeroméxico,Google Ads,Conversión,55+,21/09/25,450324,6497,539,82794.57,176266.94
CMP-1325,Telcel,Instagram Ads,Tráfico,45-54,04/03/25,498704,7242,394,12910.46,146941.15
CMP-1147,Aeroméxico,INSTAGRAM ADS,Conversión,45-54,16/09/25,497369,13864,730,78119.1,50551.88
CMP-1079,OnStar,FACEBOOK ADS,Reconocimiento,55+,19/05/25,114053,13260,255,75412,53324.79
CMP-1878,OnStar,Instagram Ads,Alcance,35-44,14/04/25,170747,4971,777,68481.55,21040.88
CMP-6812,GM Financial,Instagram Ads,Leads,25-34,09/01/25,190829,11547,170,61501.59,70244.7
CMP-8427,OnStar,Instagram Ads,Reconocimiento,35-44,26/10/25,269193,4149,623,14525.24,60876.64
CMP-4120,Telcel,Facebook Ads,Leads,35-44,07/07/25,32136,14295,255,80499.8,175920.53
CMP-4958,Cerveza Modelo,Instagram Ads,Leads,35-44,18/05/25,45656,9741,269,67260.3,33939.97
CMP-2146,Aeroméxico,Google Ads,Conversión,45-54,27/08/25,150667,12939,0,13190.2,200506.25
CMP-3554,Liverpool,YouTube Ads,Leads,25-34,04/02/25,60533,5597,748,65128.66,
CMP-5523,GM Financial,Facebook Ads,Conversión,45-54,08/09/25,203370,5074,251,5463.96,67859.28
CMP-10168,Bimbo,YOUTUBE ADS,Conversión,25-34,21/04/25,39564,12184,113,28696.14,71365.36
CMP-6636,Liverpool,YouTube Ads,Leads,25-34,19/06/25,492764,6439,418,60777.35,154126.57
CMP-1021,Bimbo,Instagram Ads,Leads,55+,24/08/25,453153,4717,,66687.91,72368.34
CMP-4543,GM Financial,Google Ads,Conversión,25-34,06/06/25,215569,14487,719,19999.49,189290.28
CMP-5050,OnStar,TikTok Ads,reconocimiento,45-54,31/07/25,366296,14732,349,53769.78,29063.7
CMP-9366,Liverpool,LinkedIn Ads,Leads,55+,13/01/25,192266,3445,620,81119.48,
CMP-10601,Cerveza Modelo,INSTAGRAM ADS,Conversión,55+,25/01/25,465461,14004,224,36515.21,24919.76
CMP-10738,GM Financial,TikTok Ads,Alcance,25-34,17/04/25,368381,160,160,68798.93,37911.33
CMP-8632, Telcel  ,Google Ads,Alcance,18-24,06/01/25,175930,1100,364,60857.89,172109.54
CMP-10048,Banco Azteca,INSTAGRAM ADS,Tráfico,18-24,27/10/25,457068,4757,92,40484.32,71819.55
CMP-3307,OnStar,Facebook Ads,Leads,18-24,31/03/25,222974,1117,367,78502.17,136145.81
CMP-5480,Liverpool,YouTube Ads,tráfico,45-54,20/07/25,290433,4056,594,28782.72,190050.31
CMP-8844,GM Financial,,leads,18-24,25/06/25,264664,610,61,59944.87,7457.54
CMP-4289, Cerveza Modelo  ,INSTAGRAM ADS,Conversión,55+,16/08/25,14142,5444,219,25534.78,209311.83
CMP-7403,Banco Azteca,YouTube Ads,Tráfico,25-34,09/09/25,326730,8007,,675.63,73390.69
CMP-3063,Aeroméxico,Facebook Ads,Reconocimiento,25-34,10/05/25,34989,5065,374,58118.5,7178.77
CMP-8518,Aeroméxico,,Leads,35-44,08/05/25,413248,8081,224,83240.97,25426.2
CMP-4250,Bimbo,YouTube Ads,Alcance,45-54,12/10/25,201192,8954,794,,114585.74
CMP-1114,Telcel,,Conversión,35-44,21/02/25,395203,5757,533,34802.13,136048.27
CMP-2099,Liverpool,LinkedIn Ads,Reconocimiento,18-24,11/02/25,193686,7303,280,24859.9,136317.67
CMP-10849,Liverpool,LinkedIn Ads,Reconocimiento,45-54,09/06/25,312373,5667,534,17078.76,173159.26
CMP-3817,GM Financial,YouTube Ads,Conversión,25-34,11/06/25,352287,1635,722,26471.54,38734.36
CMP-6572,Banco Azteca,,Reconocimiento,18-24,30/05/25,167154,1355,464,31401.66,117665.79
CMP-10397,Bimbo,GOOGLE ADS,Leads,45-54,12/07/25,93740,4410,512,75549.5,95057.81
CMP-2234,Cerveza Modelo,TIKTOK ADS,Tráfico,55+,15/08/25,32149,440,387,81326.2,217658.37
CMP-4688,Telcel,,Reconocimiento,35-44,04/10/25,272183,5972,360,63343.86,30658.85
CMP-4029,Liverpool,LinkedIn Ads,Alcance,35-44,17/05/25,63902,14552,407,68755.99,199075.89
CMP-1983,Telcel,Instagram Ads,Reconocimiento,,05/06/25,347682,9956,,4171.16,57546.28
CMP-3238,Liverpool,YouTube Ads,Reconocimiento,45-54,30/09/25,32568,7269,579,,85546.98
CMP-1037, Aeroméxico  ,YouTube Ads,Leads,45-54,30/03/25,444166,9056,398,34628.64,99808.79
CMP-1630,Aeroméxico,Facebook Ads,Tráfico,55+,03/02/25,124713,7495,377,44552.52,103069.06
CMP-8485,Cerveza Modelo,TikTok Ads,Conversión,18-24,11/03/25,111430,2281,115,76405.67,76393.96
CMP-8812,Liverpool,Google Ads,Tráfico,45-54,16/06/25,58130,11208,301,36420.88,49433.72
CMP-4062,OnStar,TikTok Ads,Conversión,25-34,10/02/25,259018,6692,356,11977.1,52621.45
CMP-2255,Telcel,TikTok Ads,Alcance,45-54,06/07/25,193396,11994,280,18082.17,177991.08
CMP-6433,Cerveza Modelo,Google Ads,Tráfico,18-24,29/09/25,182813,2525,495,,181874.68
CMP-10347,GM Financial,TikTok Ads,Alcance,45-54,30/09/25,386223,7519,48,5573.41,9260.09
CMP-1678,Liverpool,YouTube Ads,Reconocimiento,18-24,21/04/25,269244,5877,293,,154432.05
CMP-7552,Bimbo,TikTok Ads,Leads,55+,14/03/25,385163,4456,613,77559.36,205927.06
CMP-8001,Cerveza Modelo,Instagram Ads,Tráfico,45-54,10/03/25,280694,9261,60,74016.35,200871.4
CMP-6626,Liverpool,Google Ads,Tráfico,35-44,31/03/25,444194,477,257,66366.42,64341.54
CMP-9788,Aeroméxico,Google Ads,Conversión,55+,06/08/25,192005,2399,389,28558.15,163857.86
CMP-5477, Liverpool  ,FACEBOOK ADS,alcance,35-44,28/09/25,210471,8653,629,24052.8,125061.94
CMP-6695,GM Financial,LinkedIn Ads,conversión,25-34,17/04/25,351643,7332,623,14834.54,
CMP-6343, Telcel  ,YouTube Ads,Tráfico,45-54,15/06/25,325262,1871,617,80267.41,197782.32
CMP-8018,GM Financial,LINKEDIN ADS,Alcance,55+,18/03/25,487686,12654,104,73269.64,151359.92
CMP-4727,Cerveza Modelo,FACEBOOK ADS,Leads,35-44,04/04/25,265320,116,,70857.72,89741.33
CMP-2097,Aeroméxico,Google Ads,Tráfico,55+,26/05/25,46163,3577,695,67865.4,101611.41
CMP-8381,Cerveza Modelo,TIKTOK ADS,Tráfico,35-44,23/08/25,248204,3391,796,56311.75,85190.67
CMP-3779,GM Financial,TikTok Ads,Conversión,35-44,25/06/25,109005,11248,608,21257.61,90450.91
CMP-5528,Banco Azteca,Google Ads,Conversión,25-34,13/08/25,253610,6939,418,,200170.93
CMP-8406,Aeroméxico,TikTok Ads,Alcance,35-44,24/04/25,49293,9208,476,82260.65,179692.07
CMP-1883,Telcel,Instagram Ads,Tráfico,45-54,08/03/25,72234,7320,664,21599.69,80311.91
CMP-8280, Telcel  ,Facebook Ads,Alcance,35-44,15/04/25,428950,6393,412,78121.56,133724.81
CMP-3315,Liverpool,YouTube Ads,Reconocimiento,45-54,24/10/25,241043,7970,67,29590.36,66046.4
CMP-7648,Aeroméxico,Facebook Ads,Conversión,45-54,04/08/25,414196,300,300,17634.41,181187.13
CMP-5913,Aeroméxico,Facebook Ads,Conversión,18-24,16/04/25,228669,9010,2,,93209.78
CMP-3334,GM Financial,Google Ads,Alcance,25-34,24/07/25,243721,3695,106,43088.82,27295.81
CMP-8706,Bimbo,YouTube Ads,Conversión,45-54,24/09/25,183790,1410,4,51720.27,148461.84
CMP-10810, Liverpool  ,GOOGLE ADS,Alcance,45-54,17/06/25,88277,1455,464,72943.92,159901.67
CMP-3291,Cerveza Modelo,Facebook Ads,Conversión,55+,19/02/25,183453,12780,438,8713.82,91188.42
CMP-8373,Aeroméxico,LinkedIn Ads,Leads,35-44,25/07/25,459363,13806,680,9851.16,75520.84
CMP-1544,Telcel,TikTok Ads,conversión,18-24,09/06/25,392206,5197,146,50092.44,171375.02
CMP-9668,Bimbo,Facebook Ads,Tráfico,25-34,08/03/25,337284,1694,754,50988.55,
CMP-9852,OnStar,TikTok Ads,Alcance,35-44,07/04/25,19735,1991,478,82361.95,78866.91
CMP-9772,Bimbo,Instagram Ads,Tráfico,45-54,16/10/25,11302,59,59,18043.48,164523.56
CMP-10504,Aeroméxico,Facebook Ads,Conversión,55+,23/09/25,76451,13224,233,56173.34,50070.54
CMP-10235,Liverpool,TikTok Ads,Reconocimiento,18-24,29/03/25,73255,12063,231,82265.59,32393.73
CMP-7730,Banco Azteca,INSTAGRAM ADS,Alcance,45-54,21/02/25,70610,11724,359,43727.75,40350.71
CMP-2959,OnStar,Google Ads,Leads,45-54,26/08/25,194662,12517,701,56724.9,170696.09
CMP-8818,Cerveza Modelo,Google Ads,Leads,45-54,27/08/25,194654,192,192,8726.22,99040.51
CMP-4164,GM Financial,Instagram Ads,Alcance,35-44,14/08/25,130206,7094,468,77602.64,
CMP-7001,Telcel,LINKEDIN ADS,Tráfico,25-34,31/05/25,10659,10659,638,68494.8,100328.36
CMP-2360,Banco Azteca,Google Ads,Reconocimiento,35-44,25/07/25,177203,9709,363,32127.82,55200.61
CMP-7161,GM Financial,YOUTUBE ADS,Tráfico,55+,19/09/25,291430,2265,464,52877.77,27508.09
CMP-5666,Liverpool,Google Ads,Reconocimiento,55+,13/07/25,282305,8353,119,68443.43,187292.19
CMP-2160,Aeroméxico,Google Ads,alcance,35-44,11/02/25,19421,7798,326,1054.65,197017.42
CMP-1672,Bimbo,YouTube Ads,Leads,18-24,22/02/25,15577,12446,650,64822.3,51165.45
CMP-2644,OnStar,Facebook Ads,Conversión,18-24,28/02/25,385710,6057,489,74663.81,165055.25
CMP-2461, Bimbo  ,YouTube Ads,reconocimiento,45-54,15/06/25,212251,12679,408,72775.54,13832.67
CMP-5817,GM Financial,LinkedIn Ads,Leads,18-24,27/02/25,257423,3617,699,9672.77,104227.39
CMP-10884,GM Financial,TikTok Ads,Conversión,55+,24/02/25,257123,10547,553,35627.34,97460.28
CMP-2561,Liverpool,LinkedIn Ads,Reconocimiento,18-24,20/01/25,460609,12163,421,62451.58,32763.17
CMP-10119,GM Financial,LinkedIn Ads,Alcance,45-54,11/09/25,55594,7420,339,64260.38,7783.49
CMP-7078,OnStar,Instagram Ads,Alcance,18-24,12/05/25,389067,7340,630,25622.31,181695.19
CMP-3000,Aeroméxico,LinkedIn Ads,Alcance,,17/09/25,486691,14090,224,19451.18,205589.95
CMP-2654,Banco Azteca,Instagram Ads,Tráfico,35-44,26/10/25,149846,11127,717,28334.72,133072.31
CMP-1468,Liverpool,Instagram Ads,Alcance,35-44,10/04/25,257775,9479,335,40412.38,
CMP-7432,Telcel,TikTok Ads,Tráfico,25-34,02/04/25,466238,4621,126,53411.23,82191.63
CMP-4134,Aeroméxico,LinkedIn Ads,Tráfico,55+,10/08/25,435271,14481,327,49190.9,70227.77
CMP-4124,Cerveza Modelo,Facebook Ads,Alcance,45-54,29/09/25,149786,5633,589,71064.81,65654.17
CMP-10791,Aeroméxico,LinkedIn Ads,Tráfico,35-44,10/08/25,49066,9975,670,,199983.85
CMP-9810,GM Financial,LinkedIn Ads,Leads,35-44,15/09/25,260545,11786,426,78866.68,138874.11
CMP-1142,Cerveza Modelo,TikTok Ads,Leads,55+,13/08/25,261427,5005,343,57246.28,49550.9
CMP-3665,Banco Azteca,LinkedIn Ads,Leads,55+,11/07/25,37530,3644,462,68485.38,84597.9
CMP-5990,GM Financial,Google Ads,alcance,55+,17/08/25,450277,12931,629,63768.08,129855.84
CMP-8364, GM Financial  ,Google Ads,Reconocimiento,25-34,26/06/25,112609,14901,747,82284.15,206160.9
CMP-4373,OnStar,YouTube Ads,Reconocimiento,18-24,07/07/25,335422,12411,613,20447.24,94462.89
CMP-10550,OnStar,Instagram Ads,Reconocimiento,18-24,03/04/25,42968,11108,,23159.73,209393.78
CMP-5229,OnStar,TikTok Ads,Reconocimiento,18-24,23/05/25,52525,10752,516,12716.32,25396.22
CMP-6498,Telcel,Google Ads,Reconocimiento,25-34,16/04/25,391283,4258,114,12386.8,189065.94
CMP-5946,Bimbo,Instagram Ads,Conversión,55+,10/10/25,52595,4163,66,53490.68,71625.99
CMP-7023,Liverpool,Facebook Ads,Leads,55+,27/02/25,121606,4213,483,84055.03,134289.65
CMP-7412,Bimbo,INSTAGRAM ADS,Leads,18-24,13/05/25,153454,10150,430,59956.16,162765.28
CMP-10977,Telcel,TIKTOK ADS,Tráfico,35-44,17/03/25,50564,13998,299,,176414.72
CMP-5588, Aeroméxico  ,YouTube Ads,Tráfico,55+,11/09/25,205675,12153,484,36523.7,2952.04
CMP-3415,Telcel,LinkedIn Ads,Reconocimiento,35-44,27/09/25,361750,5030,570,84391.31,55723.05
CMP-1885,GM Financial,Instagram Ads,Leads,18-24,11/02/25,115143,11498,394,62574.36,185595.37
CMP-5661,Aeroméxico,Instagram Ads,Reconocimiento,35-44,30/06/25,288464,6017,41,60262.84,172200.28
CMP-2463,GM Financial,YOUTUBE ADS,Conversión,,27/04/25,205589,8328,335,,27888.16
CMP-3515,Bimbo,,Alcance,45-54,28/09/25,309198,14245,246,30549.05,110100.58
CMP-8507,Bimbo,Instagram Ads,Reconocimiento,25-34,30/08/25,318108,7297,379,39761.27,53770.31
CMP-9758,Liverpool,Instagram Ads,Tráfico,18-24,20/09/25,54602,2258,131,33254.23,45911.64
CMP-3677,Aeroméxico,Facebook Ads,Tráfico,55+,11/07/25,438139,10713,87,55362.04,16274.87
CMP-4734,Liverpool,Google Ads,Reconocimiento,35-44,02/05/25,132541,7365,667,9293.81,18524.87
CMP-3963,Liverpool,TIKTOK ADS,Conversión,35-44,03/07/25,39483,13475,564,51918.29,156962.57
CMP-3653,Cerveza Modelo,YOUTUBE ADS,Conversión,35-44,18/10/25,60995,1464,3,9895.51,75405.74
CMP-7795,Liverpool,YouTube Ads,Conversión,45-54,14/04/25,182682,5807,497,42785.98,28190.37
CMP-7735,Bimbo,LinkedIn Ads,Leads,45-54,24/08/25,213044,868,672,58019.08,19086.55
CMP-3483, OnStar  ,YouTube Ads,Leads,55+,15/07/25,160515,6671,145,24054.95,90070.22
CMP-6638,Aeroméxico,YouTube Ads,Leads,25-34,25/02/25,314286,14903,,17915.83,
CMP-9166,GM Financial,TikTok Ads,Alcance,25-34,23/04/25,470633,1139,96,21928.51,167781.15
CMP-9687,Liverpool,LinkedIn Ads,reconocimiento,25-34,01/10/25,335913,11537,567,36230.57,39633.68
CMP-3744,Banco Azteca,TikTok Ads,Leads,35-44,04/10/25,285068,5073,258,5223.51,
CMP-9546,Aeroméxico,Facebook Ads,Alcance,18-24,04/09/25,486117,318,318,34241.06,132611.02
CMP-5368,GM Financial,,Alcance,45-54,22/07/25,232771,3252,180,13856.89,
CMP-6972,OnStar,Google Ads,Conversión,18-24,16/01/25,384734,14503,21,32905.41,170666.02
CMP-10958, Bimbo  ,LinkedIn Ads,Conversión,35-44,29/04/25,242760,10426,291,62172.93,4193.08
CMP-10179,Telcel,TikTok Ads,Conversión,35-44,23/10/25,395249,12755,720,62158.48,33854.45
CMP-9123,Banco Azteca,TikTok Ads,Reconocimiento,25-34,28/09/25,445074,434,255,63046.24,26731.89
CMP-8385,Cerveza Modelo,LinkedIn Ads,Alcance,55+,22/01/25,488883,3343,765,72011.78,112712.81
CMP-7015,GM Financial,LINKEDIN ADS,Reconocimiento,25-34,01/09/25,350813,1474,329,48801.38,115848.78
CMP-10821,GM Financial,LINKEDIN ADS,Tráfico,35-44,18/01/25,65349,14812,,16855.59,63800.93
CMP-2954,Cerveza Modelo,Facebook Ads,Leads,55+,16/10/25,157414,676,676,11692.8,77025.16
CMP-5028,Liverpool,YouTube Ads,Reconocimiento,35-44,16/03/25,12954,7494,256,73687.42,191711.76
CMP-5053, Aeroméxico  ,YOUTUBE ADS,Tráfico,35-44,27/08/25,11194,7458,454,16909.13,132759.83
CMP-6360,GM Financial,INSTAGRAM ADS,alcance,55+,10/07/25,334343,8653,665,31430.09,
CMP-3364,Telcel,TikTok Ads,alcance,25-34,27/06/25,407213,10135,741,73118.25,71704.24
CMP-4603,Bimbo,YouTube Ads,Leads,25-34,17/06/25,389065,8277,702,38330.62,210856.38
CMP-10604,Cerveza Modelo,YouTube Ads,Conversión,35-44,08/09/25,153932,4028,219,45450.27,49765.48
CMP-7269,Telcel,YouTube Ads,Tráfico,18-24,23/03/25,40318,14884,724,38531.45,197856.15
CMP-4105,Aeroméxico,TikTok Ads,Alcance,45-54,14/06/25,282329,8660,594,69041.37,57560.55
CMP-3579,Bimbo,Facebook Ads,Leads,45-54,13/10/25,292202,9842,703,54157.26,130440.41
CMP-1936,Banco Azteca,TikTok Ads,Leads,35-44,20/06/25,369488,8782,625,70884.03,93568.3
CMP-6918,Banco Azteca,Facebook Ads,Leads,18-24,17/08/25,126660,6825,145,59805.28,3867.84
CMP-2734,Aeroméxico,Facebook Ads,Leads,55+,12/01/25,485166,4519,307,59925.57,8529.8
CMP-9693,Bimbo,YouTube Ads,Conversión,35-44,11/05/25,271128,2621,180,42376.37,26000.91
CMP-8586,OnStar,LinkedIn Ads,Reconocimiento,45-54,13/07/25,380635,11304,188,31387.72,207776.09
CMP-8318,Bimbo,Google Ads,Alcance,55+,30/08/25,44245,4865,68,56784.72,143508.66
CMP-9498, Liverpool  ,YouTube Ads,Tráfico,18-24,24/06/25,365918,9939,,7843.43,149464.46
CMP-4267,OnStar,YouTube Ads,Reconocimiento,25-34,30/08/25,492027,3652,5,25733.35,11052.2
CMP-7159,Banco Azteca,YOUTUBE ADS,Leads,18-24,23/09/25,422683,4906,,39528.05,89142.81
CMP-5115,OnStar,Facebook Ads,Conversión,35-44,25/05/25,369029,13756,741,6598.17,110025.11
CMP-1579,Liverpool,Facebook Ads,Tráfico,35-44,11/07/25,227343,12405,476,10413.2,176455.25
CMP-6968,GM Financial,Facebook Ads,Reconocimiento,55+,07/05/25,107057,14723,171,12130.69,7781.14
CMP-2430,Bimbo,Instagram Ads,Reconocimiento,18-24,15/01/25,330051,1541,27,8536.49,
CMP-3487,Telcel,INSTAGRAM ADS,Tráfico,45-54,15/08/25,480220,9102,610,52049.86,154704.83
CMP-8867,Liverpool,Google Ads,Tráfico,45-54,01/03/25,398563,9646,439,22439.92,133628.69
CMP-9786, Liverpool  ,Facebook Ads,Conversión,18-24,11/05/25,359307,568,255,22489.18,203844.5
CMP-9873,OnStar,Instagram Ads,Leads,25-34,16/05/25,281875,2575,106,31523.49,81703.51
CMP-9783,Aeroméxico,LinkedIn Ads,Tráfico,45-54,11/02/25,47021,8552,215,5750.72,75877.59
CMP-9126,GM Financial,Instagram Ads,Tráfico,25-34,05/03/25,454894,13562,45,82743.32,116321.81
CMP-8411,Banco Azteca,LinkedIn Ads,Reconocimiento,18-24,02/02/25,27540,5469,653,18046.45,82640.4
CMP-5277,Telcel,INSTAGRAM ADS,Conversión,35-44,28/01/25,495035,3840,757,28294.86,55404.99
CMP-10339,GM Financial,YouTube Ads,Tráfico,55+,13/07/25,448371,9333,494,28165.89,186671.78
CMP-10775,Bimbo,Instagram Ads,Tráfico,35-44,26/07/25,443509,13092,244,3231.7,197000.49
CMP-3581,OnStar,Facebook Ads,Alcance,25-34,10/06/25,95517,11782,730,7422.51,53930.98
CMP-1603,Liverpool,Instagram Ads,Reconocimiento,35-44,24/09/25,200931,4642,441,47233.63,92201.87
CMP-9706,Banco Azteca,Instagram Ads,Alcance,18-24,04/10/25,8293,8293,451,63102.5,7877.61
CMP-9970,Telcel,Instagram Ads,Conversión,45-54,29/07/25,391011,9512,430,73864.1,57618.48
CMP-8306,Liverpool,TikTok Ads,Alcance,45-54,23/08/25,202182,9580,714,74285.63,18166.09
CMP-4905,OnStar,TikTok Ads,Leads,18-24,10/06/25,390123,11835,27,73551.45,213197.82
CMP-5096, Aeroméxico  ,TikTok Ads,Alcance,55+,13/01/25,264601,11564,794,11105.16,97774.7
CMP-5419,Liverpool,Instagram Ads,Leads,18-24,15/06/25,380818,12493,246,66256.83,138557.23
CMP-10602, Telcel  ,YouTube Ads,Leads,35-44,22/08/25,204974,4328,303,84351.8,199457.84
CMP-9047,Bimbo,YouTube Ads,Reconocimiento,45-54,09/07/25,479729,7510,174,21200.82,137973.37
CMP-10800,Banco Azteca,Facebook Ads,Conversión,25-34,26/08/25,484398,6067,750,22091.85,47221.43
CMP-2507,Telcel,YouTube Ads,Conversión,25-34,16/04/25,380831,3251,713,7813.82,146409.62
CMP-7802,GM Financial,FACEBOOK ADS,Tráfico,55+,12/09/25,159124,12460,786,44159.55,5641.81
CMP-8323,Liverpool,TikTok Ads,reconocimiento,25-34,09/09/25,349741,12151,507,58179.77,100622.63
CMP-9999,Cerveza Modelo,TikTok Ads,Reconocimiento,25-34,10/06/25,226051,719,237,79219.94,8456.86
CMP-10052,Telcel,TIKTOK ADS,Leads,18-24,28/06/25,245577,14799,321,18057.93,149103.24
CMP-2790,Cerveza Modelo,LinkedIn Ads,Tráfico,45-54,28/09/25,452169,10299,783,4708.05,105523.87
CMP-5100, Bimbo  ,TikTok Ads,Conversión,25-34,27/03/25,320447,3140,14,70250.33,64191.08
CMP-10043, Bimbo  ,TikTok Ads,conversión,55+,28/01/25,243354,1245,551,40008.35,68898.42
CMP-7235,Liverpool,TikTok Ads,Tráfico,18-24,28/07/25,330970,4843,449,72014.39,9186.34
CMP-1471,Telcel,TikTok Ads,Leads,35-44,22/09/25,57417,6567,31,32088.17,2542.9
CMP-7168,Telcel,Google Ads,Conversión,45-54,26/08/25,294015,10425,550,24559.52,191065.01
CMP-2486,Bimbo,TikTok Ads,Reconocimiento,25-34,21/03/25,91024,10180,771,32674.81,199998.73
CMP-4599,Telcel,Facebook Ads,Conversión,18-24,12/02/25,442069,3078,794,41505.47,8884.73
CMP-2755,Liverpool,GOOGLE ADS,Leads,18-24,27/01/25,315016,9284,255,,155458.14
CMP-1499,OnStar,Google Ads,Leads,,09/01/25,125179,14407,6,41936.27,180071.03
CMP-10278,GM Financial,TikTok Ads,Leads,35-44,24/08/25,19588,8906,446,23134.72,129890.89
CMP-1185,Banco Azteca,,Alcance,35-44,03/05/25,94238,4299,722,,196983.02
CMP-4790,OnStar,Facebook Ads,Tráfico,,30/04/25,17120,670,426,44166.96,213301.46
CMP-7272,OnStar,LinkedIn Ads,Reconocimiento,55+,04/01/25,341237,8725,580,52178.2,131198.19
CMP-1092,Banco Azteca,Facebook Ads,Leads,25-34,03/03/25,478379,3451,651,31039.92,114522.4
CMP-5327,GM Financial,YOUTUBE ADS,Alcance,35-44,12/06/25,247310,9631,618,44690.42,75086.98
CMP-8849, GM Financial  ,LinkedIn Ads,Tráfico,18-24,04/02/25,44382,10968,590,23754.18,191264.21
CMP-3898,OnStar,Facebook Ads,Reconocimiento,,22/01/25,450892,12858,313,5603.08,
CMP-9408,Aeroméxico,LinkedIn Ads,Tráfico,25-34,25/02/25,166350,11323,151,67981.25,172430.01
CMP-7591,Banco Azteca,Instagram Ads,Reconocimiento,45-54,27/04/25,215609,2138,383,15401.32,138240.31
CMP-7010,Liverpool,YouTube Ads,leads,18-24,31/03/25,255255,14821,234,18613.02,97032.43
CMP-9464,Liverpool,YOUTUBE ADS,Conversión,35-44,07/10/25,396170,14696,104,69301.33,30967.51
CMP-1237,Cerveza Modelo,Facebook Ads,Leads,55+,09/04/25,333110,13994,685,,152522.59
CMP-6186,Banco Azteca,Facebook Ads,Tráfico,45-54,24/10/25,492160,12441,218,35295.78,9089.61
CMP-9106,Telcel,Instagram Ads,Reconocimiento,25-34,25/03/25,276177,1153,47,38343.84,128883.08
CMP-2339, Telcel  ,Instagram Ads,Tráfico,25-34,28/02/25,337340,14947,108,74555.58,20782.91
CMP-5472,Aeroméxico,Instagram Ads,Alcance,45-54,14/10/25,53554,1483,777,71266.04,168836.22
CMP-4782,OnStar,Facebook Ads,Alcance,25-34,26/07/25,248225,3911,725,15556.65,168377.47
CMP-4389,Banco Azteca,GOOGLE ADS,Alcance,55+,25/07/25,56560,11879,437,56291.15,31514.59
CMP-10838,Banco Azteca,Google Ads,Tráfico,55+,22/05/25,28838,12867,309,,200554.15
CMP-3020,Telcel,YouTube Ads,Conversión,18-24,13/05/25,477003,4372,29,69381.89,148267.81
CMP-2532,Cerveza Modelo,LinkedIn Ads,Leads,35-44,25/01/25,72993,7801,9,36167.92,69072.5
CMP-9312, GM Financial  ,YouTube Ads,Conversión,25-34,27/10/25,92179,14314,701,82874.26,202057.69
CMP-10602, Telcel  ,YouTube Ads,Leads,35-44,22/08/25,204974,4328,303,84351.8,199457.84
CMP-4207,GM Financial,YOUTUBE ADS,Tráfico,55+,14/08/25,243265,490,490,62085.97,89999.49
CMP-9549,Aeroméxico,Instagram Ads,Conversión,18-24,07/10/25,300524,9982,129,24542.78,177633.54
CMP-7248, OnStar  ,YOUTUBE ADS,Tráfico,25-34,19/04/25,426439,8156,609,83590.32,
CMP-10163,Telcel,YouTube Ads,Alcance,25-34,18/10/25,451931,9855,66,40214.08,10952.61
CMP-9951,OnStar,YouTube Ads,Tráfico,18-24,07/01/25,251234,6003,171,6083.09,196329.77
CMP-1452,Cerveza Modelo,Instagram Ads,Reconocimiento,18-24,09/07/25,341060,13714,554,,57301.28
CMP-5157,Liverpool,Facebook Ads,Alcance,18-24,13/03/25,378524,4679,552,49315.28,212815.41
CMP-5363, Aeroméxico  ,FACEBOOK ADS,Reconocimiento,18-24,09/02/25,462909,1930,608,19795.11,91953.14
CMP-1489, Bimbo  ,Facebook Ads,Reconocimiento,45-54,11/08/25,370930,1679,60,25267.51,166358.67
CMP-1442,Banco Azteca,Instagram Ads,Conversión,55+,06/09/25,315764,6048,369,33933.88,
CMP-4300,Telcel,YouTube Ads,Conversión,35-44,27/04/25,485383,11,11,19117.34,118512.56
CMP-5004,Banco Azteca,YouTube Ads,Conversión,18-24,30/08/25,399236,11269,100,36794.74,187108.92
CMP-3723,Telcel,LinkedIn Ads,Conversión,35-44,28/01/25,141333,6730,587,53024.02,187156.45
CMP-10385,Telcel,TikTok Ads,Tráfico,35-44,20/09/25,302666,1672,663,,33729.03
CMP-5202,GM Financial,Instagram Ads,Tráfico,45-54,19/04/25,144736,7410,405,14543.95,134857.3
CMP-7281,Cerveza Modelo,Facebook Ads,Alcance,55+,15/06/25,157136,12333,,48275.48,161032.72
CMP-10480,Telcel,FACEBOOK ADS,Alcance,18-24,26/03/25,341018,7621,784,82544.06,88634.13
CMP-7780,Banco Azteca,Facebook Ads,Reconocimiento,45-54,24/02/25,166060,4243,288,45688.35,169008.57
CMP-4514,Cerveza Modelo,,leads,55+,07/10/25,19529,11094,242,55553.52,12561.25
CMP-4714,Banco Azteca,YOUTUBE ADS,Tráfico,18-24,14/06/25,82081,14725,393,6905.44,166505.55
CMP-7597,Liverpool,Facebook Ads,Tráfico,55+,04/08/25,199825,2602,556,77591.77,83661.83
CMP-9657,OnStar,LINKEDIN ADS,Conversión,25-34,04/08/25,108934,8647,,80040.23,23756.71
CMP-2029,Cerveza Modelo,LinkedIn Ads,leads,45-54,17/08/25,129103,1627,330,70036.6,2750.75
CMP-8642,Telcel,Instagram Ads,Alcance,35-44,16/08/25,341073,7281,223,19588.88,217737.98
CMP-1425,Bimbo,Facebook Ads,Tráfico,18-24,12/01/25,180358,1886,567,2988.63,80007.32
CMP-3624,Banco Azteca,INSTAGRAM ADS,Leads,25-34,21/01/25,287169,10864,6,34445.42,200987.24
CMP-8510, Liverpool  ,TIKTOK ADS,Reconocimiento,45-54,15/02/25,152314,1050,699,59814.36,6384.81
CMP-8709,Liverpool,LinkedIn Ads,Leads,35-44,08/02/25,289140,319,319,1361.85,99327.12
CMP-3660,Bimbo,Facebook Ads,Alcance,35-44,16/05/25,485145,12427,334,56995.68,166386.48
CMP-8769,Aeroméxico,YouTube Ads,Alcance,25-34,24/07/25,377134,11887,775,40024.58,30263.04
CMP-9335,Aeroméxico,Instagram Ads,Conversión,25-34,29/06/25,118646,2462,153,82225.93,65958.03
CMP-8223,GM Financial,INSTAGRAM ADS,Reconocimiento,25-34,28/04/25,473381,7772,561,13120.98,54710.41
CMP-10049,Liverpool,TIKTOK ADS,Reconocimiento,25-34,25/02/25,191739,6468,484,70680.77,158902.06
CMP-3847, Bimbo  ,LinkedIn Ads,Conversión,18-24,05/03/25,474716,5857,307,25904.44,129004.61
CMP-1991, Telcel  ,TikTok Ads,Alcance,25-34,18/02/25,442659,13325,552,51533.93,196241.44
CMP-2753,Telcel,YouTube Ads,Reconocimiento,35-44,17/10/25,40077,4034,763,17760.33,189575.65
CMP-1317,Banco Azteca,Instagram Ads,Tráfico,25-34,22/05/25,244780,4272,146,44427.21,
CMP-5647,Cerveza Modelo,Facebook Ads,Alcance,35-44,27/10/25,16852,13745,556,7649.65,144633.98
CMP-7120,GM Financial,LINKEDIN ADS,Tráfico,25-34,06/09/25,88025,3689,559,6601.85,45671.23
CMP-1560,Liverpool,Instagram Ads,Tráfico,35-44,01/01/25,371741,9556,479,7136.59,205289.73
CMP-3059,Banco Azteca,LinkedIn Ads,Tráfico,35-44,11/07/25,418991,5462,489,75951.66,155623.94
CMP-9857,GM Financial,Instagram Ads,Conversión,35-44,09/01/25,198638,11838,672,9568.34,63798.36
CMP-10324, Banco Azteca  ,YouTube Ads,Reconocimiento,18-24,08/01/25,290188,6415,169,53790.21,180631.31
CMP-10267,Liverpool,YouTube Ads,tráfico,18-24,19/01/25,267578,7289,45,80923.99,89354.07
CMP-2493,Liverpool,TikTok Ads,Conversión,55+,02/01/25,350842,13645,755,5431.07,4660.24
CMP-7598,Banco Azteca,Instagram Ads,Conversión,18-24,24/01/25,221618,818,728,25512.22,216352.05
CMP-8971,Liverpool,Google Ads,Conversión,45-54,25/04/25,181547,9063,254,15596.57,48272.96
CMP-8617,OnStar,Instagram Ads,Tráfico,55+,18/01/25,332494,4462,562,38331.63,92452.43
CMP-9225,GM Financial,TikTok Ads,Reconocimiento,25-34,15/04/25,140776,13222,206,35793.78,140747.58
CMP-9055,Aeroméxico,Instagram Ads,Leads,18-24,22/07/25,396426,8820,463,40622.77,111473.13
CMP-8687,Bimbo,Instagram Ads,Alcance,35-44,06/09/25,229775,7585,769,32632.29,104994.04
CMP-2689,Bimbo,Instagram Ads,Leads,55+,22/02/25,228385,4895,515,49450.77,20240.48
CMP-2845,Cerveza Modelo,Google Ads,Leads,35-44,15/10/25,351262,14596,753,73031.58,121515.96
CMP-1277,Bimbo,TikTok Ads,Reconocimiento,35-44,09/04/25,302618,1202,300,53489.14,161177.52
CMP-2242,Telcel,YOUTUBE ADS,Conversión,18-24,27/08/25,240335,8102,522,13973.39,88654.09
CMP-5401, Aeroméxico  ,LinkedIn Ads,Alcance,18-24,11/04/25,347239,9376,42,84711.33,148845.36
CMP-2570,Telcel,Facebook Ads,Conversión,18-24,07/03/25,73320,12361,9,33577.86,178101.1
CMP-7535,Bimbo,YouTube Ads,Alcance,35-44,03/04/25,128276,11162,446,14794.37,141163.68
CMP-2453,OnStar,YouTube Ads,Conversión,35-44,15/01/25,303170,8430,465,72444.99,81274.31
CMP-6500,Bimbo,LinkedIn Ads,Leads,55+,23/10/25,217244,5040,,20493.77,117740.06
CMP-10798,Telcel,Facebook Ads,Tráfico,25-34,08/10/25,135036,8495,239,81694.4,33525.14
CMP-1400, OnStar  ,TikTok Ads,Alcance,55+,17/10/25,111418,9934,45,84136.9,95500.58
CMP-1061,Bimbo,LinkedIn Ads,Alcance,18-24,09/07/25,237531,12358,793,39388.12,109235.78
CMP-10721, OnStar  ,YouTube Ads,Reconocimiento,55+,13/03/25,336751,12725,318,13082.4,75344.38
CMP-10124,Bimbo,YouTube Ads,Reconocimiento,55+,08/06/25,109713,2907,682,3046.38,182506.54
CMP-8548,GM Financial,Instagram Ads,Reconocimiento,18-24,26/06/25,387604,5217,193,1561.49,188524.91
CMP-5591,Aeroméxico,FACEBOOK ADS,Reconocimiento,45-54,04/03/25,334730,13561,171,15872.61,179281.97
CMP-5880,Cerveza Modelo,TikTok Ads,Alcance,55+,15/02/25,275185,9389,365,74279.41,
CMP-7088,Cerveza Modelo,TikTok Ads,Alcance,25-34,20/02/25,157510,3521,288,45397.77,178621.24
CMP-2719,Liverpool,LinkedIn Ads,Tráfico,55+,23/05/25,69281,2731,679,44859.7,147436.86
CMP-1729,OnStar,Facebook Ads,Leads,55+,14/01/25,441595,1341,784,84595.63,73023.87
CMP-4510,OnStar,Facebook Ads,Tráfico,18-24,03/08/25,328119,8123,662,49426.24,73822.69
CMP-1707,Telcel,TikTok Ads,Leads,55+,14/03/25,103363,6970,81,53588,210284.51
CMP-8754,Telcel,YouTube Ads,Alcance,45-54,28/05/25,124957,7851,401,76803.12,207722.19
CMP-9836,OnStar,LINKEDIN ADS,Reconocimiento,18-24,01/02/25,227693,5,5,2306.58,211797.46
CMP-5206, GM Financial  ,Google Ads,Leads,55+,21/04/25,29508,5351,87,25155.93,139866.06
CMP-9503,Aeroméxico,LINKEDIN ADS,Conversión,25-34,05/03/25,139454,1066,,47572.2,49310.43
CMP-2662,Bimbo,Instagram Ads,Conversión,55+,27/06/25,279425,12792,267,69802.7,97695.09
CMP-1794,Banco Azteca,YouTube Ads,Alcance,45-54,17/08/25,325528,1719,740,38733.67,53360.6
CMP-3929, Banco Azteca  ,Facebook Ads,Conversión,25-34,20/08/25,388626,10732,768,83750.44,97697.54
CMP-2133,Liverpool,LinkedIn Ads,Tráfico,35-44,06/07/25,441336,3510,680,49956.5,81762.74
CMP-9310,Bimbo,TikTok Ads,tráfico,45-54,19/04/25,430583,4860,190,13974.18,90473
CMP-5262,Telcel,Facebook Ads,Reconocimiento,,12/04/25,225553,13191,419,61221.67,69591.68
CMP-10747,Bimbo,LinkedIn Ads,Tráfico,55+,13/03/25,391910,5425,305,69980.89,161907.19
CMP-2300,Cerveza Modelo,GOOGLE ADS,Reconocimiento,35-44,08/04/25,168539,10378,402,51063.36,
CMP-2260,Aeroméxico,LINKEDIN ADS,Conversión,25-34,11/01/25,268921,6291,222,56426.94,142644.78
CMP-9215,Liverpool,Facebook Ads,Alcance,,20/07/25,384411,10787,474,50770.86,144797.51
CMP-10960,Liverpool,Instagram Ads,Reconocimiento,35-44,14/05/25,475489,5778,553,71118.14,141890.12
CMP-2323,Banco Azteca,Facebook Ads,Tráfico,35-44,24/04/25,130741,8309,766,78616.83,8421.39
CMP-4618,Liverpool,YOUTUBE ADS,Leads,,16/01/25,467751,6246,415,67995.66,151934.04
CMP-2222,Aeroméxico,Facebook Ads,Conversión,35-44,10/06/25,29479,6076,772,15272.17,184349.1
CMP-2039,Bimbo,LinkedIn Ads,Reconocimiento,18-24,15/10/25,493437,1603,407,19340.05,18556.25
CMP-7900,Aeroméxico,LinkedIn Ads,Tráfico,18-24,19/05/25,286998,6063,490,26622.05,71425.91
CMP-9752,Telcel,TikTok Ads,Conversión,18-24,02/03/25,209566,5167,361,62206.37,110840.21
CMP-7313, Aeroméxico  ,Instagram Ads,Conversión,45-54,15/03/25,81249,3377,246,16454.43,
CMP-1357,GM Financial,Google Ads,Leads,18-24,06/10/25,432475,13952,333,15398.06,47319.35
CMP-4526,OnStar,YouTube Ads,Conversión,35-44,07/08/25,202229,5652,380,22170.42,144744.19
CMP-4005,GM Financial,YouTube Ads,Alcance,25-34,29/04/25,84559,12768,336,,90838.56
CMP-7090,GM Financial,YouTube Ads,Reconocimiento,35-44,08/04/25,81384,2857,231,38638.15,159093.35
CMP-1367,Liverpool,LinkedIn Ads,leads,45-54,28/04/25,239191,5155,266,24428.69,59086.18
CMP-4154,Banco Azteca,Instagram Ads,Conversión,55+,13/08/25,465276,12514,551,50058.97,132191.83
CMP-10034,Bimbo,Facebook Ads,Reconocimiento,25-34,17/04/25,236303,9776,237,49574.83,105639.71
CMP-3933,Cerveza Modelo,LinkedIn Ads,Tráfico,55+,20/07/25,285561,7663,294,37048.19,214749.56
CMP-4826,Bimbo,Google Ads,Leads,55+,03/01/25,326272,13438,548,29383.9,157421.64
CMP-7126,Bimbo,FACEBOOK ADS,Leads,55+,23/09/25,167848,2842,80,74049.95,102974.52
CMP-8431,Bimbo,Instagram Ads,Alcance,18-24,03/03/25,376545,7564,199,61179.84,86470.43
CMP-8321,Liverpool,TikTok Ads,Alcance,35-44,30/08/25,245384,4153,146,32672.55,144386.8
CMP-2402,Liverpool,YouTube Ads,Conversión,35-44,14/05/25,151213,4048,571,29726.53,186820.13
CMP-7905,OnStar,Instagram Ads,Reconocimiento,55+,02/04/25,217852,11016,90,27015.53,106019.03
CMP-3798,Aeroméxico,,Alcance,25-34,06/02/25,293069,6753,253,2166.95,137292.96
CMP-1802,Bimbo,Google Ads,Leads,45-54,28/04/25,149438,8015,238,51627.84,65772.58
CMP-9036,Aeroméxico,,Alcance,35-44,10/09/25,31588,6382,227,68406.73,142819.87
CMP-9869,Liverpool,LinkedIn Ads,Reconocimiento,25-34,05/01/25,445613,14061,407,21955.34,104345.24
CMP-5622,Telcel,Google Ads,Alcance,35-44,12/08/25,270294,1858,49,76595.65,115598.84
CMP-5963,Liverpool,TIKTOK ADS,Tráfico,25-34,22/07/25,198003,14695,140,39540.24,199187.45
CMP-10871,Bimbo,TIKTOK ADS,alcance,35-44,08/07/25,364991,10583,561,62785.66,102039.3
CMP-3193,Telcel,Instagram Ads,Alcance,35-44,05/07/25,114879,13164,45,28621.8,104034.9
CMP-10848,GM Financial,Google Ads,alcance,45-54,18/03/25,446235,14890,566,61794.86,6713.42
CMP-4260,Bimbo,FACEBOOK ADS,Conversión,35-44,08/01/25,362596,2211,314,60969.23,148203.94
CMP-2573,Telcel,Facebook Ads,Tráfico,,31/08/25,317365,7322,745,68406.52,215994.55
CMP-3227,Cerveza Modelo,GOOGLE ADS,Conversión,55+,24/01/25,208161,11415,60,11155.16,1677.86
CMP-8681,Liverpool,YouTube Ads,Conversión,45-54,21/07/25,458507,5290,107,51051.23,39370.63
CMP-6616,OnStar,Instagram Ads,Tráfico,45-54,15/04/25,160782,10470,297,77890.67,66764.21
CMP-4202,OnStar,Instagram Ads,Reconocimiento,35-44,05/01/25,407979,543,82,61667.88,116824.32
CMP-7975,Cerveza Modelo,TikTok Ads,Tráfico,45-54,15/08/25,98790,13187,248,42306.71,168197.27
CMP-9203,GM Financial,YouTube Ads,Tráfico,,15/04/25,131602,3342,764,9031.86,145939.58
CMP-6029,GM Financial,YOUTUBE ADS,Alcance,45-54,12/08/25,352287,2944,498,74777.34,161280.27
CMP-6899,GM Financial,Instagram Ads,Reconocimiento,55+,20/04/25,315867,4547,545,74305.13,105149.83
CMP-8748,Banco Azteca,TikTok Ads,Conversión,35-44,25/10/25,150645,8170,550,26954.76,194341.55
CMP-4504,Banco Azteca,Instagram Ads,Tráfico,25-34,21/05/25,167724,1017,568,28146.9,42066.29
CMP-3422,Cerveza Modelo,Instagram Ads,Tráfico,45-54,11/09/25,361849,8668,401,43549.75,100609.98
CMP-10924,Bimbo,LinkedIn Ads,Reconocimiento,,13/06/25,361276,11835,664,61451.73,1381.25
CMP-8434,Telcel,Google Ads,Tráfico,55+,06/02/25,314024,14817,670,33186.98,139748.18
CMP-8019,Telcel,Instagram Ads,Reconocimiento,35-44,07/07/25,318935,10466,347,40891.47,68608.23
CMP-9982,Liverpool,TikTok Ads,Alcance,55+,20/08/25,24371,14029,315,82823.84,159499.21
CMP-3573,Banco Azteca,LINKEDIN ADS,Tráfico,55+,08/09/25,77380,4210,66,44888.45,123883.74
CMP-7681,Bimbo,Facebook Ads,Alcance,25-34,09/04/25,300655,6370,680,80207.23,92723.78
CMP-4993,Banco Azteca,Google Ads,Tráfico,25-34,16/03/25,449727,2945,730,21001.03,176360.24
CMP-4477,OnStar,Instagram Ads,Tráfico,35-44,25/07/25,452347,14909,446,36910.6,99863.84
CMP-7414, Telcel  ,,Leads,18-24,15/06/25,166692,6092,418,37325.97,152768.06
CMP-1673,Banco Azteca,Instagram Ads,Alcance,25-34,24/07/25,108783,12553,591,46384.02,48908.06
CMP-8628,Aeroméxico,Google Ads,Reconocimiento,18-24,02/06/25,280430,5714,265,71887.29,106259.67
CMP-3828,GM Financial,Facebook Ads,Reconocimiento,35-44,21/04/25,181898,4904,257,51295.84,106542.2
CMP-4587,Banco Azteca,Facebook Ads,Tráfico,18-24,25/05/25,76551,6604,735,,17919.35
CMP-5234,Bimbo,YouTube Ads,Leads,45-54,29/06/25,302464,6678,779,9061.47,5854.43
CMP-4490,Liverpool,LinkedIn Ads,Alcance,55+,07/04/25,128134,2605,778,81302.19,141425.34
CMP-5399,Cerveza Modelo,Google Ads,Tráfico,35-44,05/10/25,234738,8702,169,42237.24,114207.85
CMP-4945,Banco Azteca,YouTube Ads,Reconocimiento,18-24,06/07/25,29618,7417,577,36166.48,178469.15
CMP-7934,Cerveza Modelo,TikTok Ads,Tráfico,35-44,09/10/25,85901,9351,574,5194.51,
CMP-1071,Aeroméxico,Instagram Ads,Conversión,45-54,10/02/25,412427,6274,475,4451.12,92839.96
CMP-4975,Bimbo,TikTok Ads,Tráfico,25-34,16/07/25,498540,11556,738,35150.67,186251.62
CMP-10325,Aeroméxico,LINKEDIN ADS,Reconocimiento,35-44,01/02/25,46263,6023,,17642.56,23041.11
CMP-1919,Liverpool,LinkedIn Ads,Leads,25-34,09/10/25,89520,10656,278,70707.26,106248.49
CMP-7716,Cerveza Modelo,LinkedIn Ads,Tráfico,45-54,19/08/25,452613,11069,186,28861.98,107038.83
CMP-7569,Bimbo,TikTok Ads,Leads,18-24,09/05/25,85578,14974,533,4019.2,195388.26
CMP-9167,Banco Azteca,TIKTOK ADS,Conversión,18-24,13/05/25,368254,2666,489,31908.68,71640.96
CMP-9212,Aeroméxico,TikTok Ads,Leads,45-54,25/09/25,312587,11729,413,19607.03,43285.5
CMP-8248,Cerveza Modelo,Facebook Ads,Conversión,18-24,24/03/25,304935,12194,356,906.28,191470.45
CMP-5355,Aeroméxico,TikTok Ads,Reconocimiento,55+,22/04/25,341866,12375,578,14449.9,138722.91
CMP-3753,Bimbo,YouTube Ads,Conversión,,14/07/25,482245,13976,12,11255.35,81815.51
CMP-8457,Liverpool,YouTube Ads,Leads,45-54,30/06/25,196774,12378,750,12840.73,115882.95
CMP-8316,GM Financial,Instagram Ads,Tráfico,25-34,17/05/25,228476,4448,629,,137014.47
CMP-8570, OnStar  ,Facebook Ads,Alcance,55+,08/08/25,373654,7954,261,33729.76,88462.95
CMP-6142,Liverpool,TikTok Ads,Tráfico,35-44,16/01/25,16525,3610,788,22670.14,173076.5
CMP-1095,Liverpool,TikTok Ads,Alcance,25-34,09/04/25,190672,5861,436,39722.85,102566.72
CMP-9480, Bimbo  ,Google Ads,Reconocimiento,18-24,03/03/25,226192,5427,360,73744.37,
CMP-6760,Banco Azteca,Google Ads,Reconocimiento,55+,08/04/25,219166,4780,649,84953.95,100230.26
CMP-4767,Cerveza Modelo,Facebook Ads,Conversión,18-24,09/10/25,334257,355,355,64499.84,25844.86
CMP-2245,OnStar,YouTube Ads,Leads,45-54,26/06/25,47192,10902,663,,
CMP-8353,Cerveza Modelo,Instagram Ads,Alcance,18-24,05/09/25,425673,10176,601,15702.15,127671.23
CMP-8414,Banco Azteca,LinkedIn Ads,Leads,25-34,20/05/25,392841,7414,292,74497.73,92058.2
CMP-6911,Aeroméxico,Facebook Ads,Tráfico,45-54,05/03/25,319057,5313,78,75455.59,91384.23
CMP-1520,Telcel,LinkedIn Ads,reconocimiento,35-44,09/09/25,31744,8043,323,16408.44,168329.06
CMP-9673,Cerveza Modelo,LinkedIn Ads,Leads,35-44,20/08/25,326470,8442,1,63587.58,181172.74
CMP-6561,Cerveza Modelo,Google Ads,Tráfico,45-54,11/06/25,265434,3123,165,2186.15,
CMP-2093,Telcel,Google Ads,Conversión,55+,08/04/25,216921,10150,180,,69272.85
CMP-10222,Aeroméxico,FACEBOOK ADS,Tráfico,18-24,29/08/25,277319,8808,735,68590.37,45895.47
CMP-10143,Aeroméxico,TikTok Ads,Tráfico,25-34,02/09/25,427267,3111,483,76207.64,7672.04
CMP-7898,GM Financial,TikTok Ads,Tráfico,55+,13/04/25,189171,9933,765,15095.33,194380.07
CMP-10115,Banco Azteca,YouTube Ads,Conversión,55+,03/01/25,389131,2090,172,39541.86,160273.66
CMP-5215,Bimbo,LINKEDIN ADS,Conversión,55+,29/07/25,399650,10776,,63269.39,4615.3
CMP-5583,Bimbo,YouTube Ads,Conversión,25-34,20/09/25,65692,13031,,66924.76,155270.05
CMP-4927,Cerveza Modelo,TikTok Ads,Alcance,55+,15/09/25,169166,2991,711,19339.19,140271.77
CMP-4784,GM Financial,LinkedIn Ads,Leads,45-54,27/04/25,132371,8062,427,2827.24,25794.64
CMP-6532,OnStar,YouTube Ads,Conversión,25-34,02/05/25,388767,11124,154,56012.21,208449.13
CMP-7824, OnStar  ,YouTube Ads,Alcance,25-34,17/08/25,196409,14755,26,27092.58,60883.53
CMP-3831,OnStar,Google Ads,Leads,35-44,09/04/25,477794,10445,786,,199149.55
CMP-4922,GM Financial,Google Ads,Conversión,55+,20/08/25,104161,3731,756,59533.85,143687.88
CMP-2816,Cerveza Modelo,TikTok Ads,Conversión,35-44,14/08/25,413969,9182,114,79560.21,83988.98
CMP-3259,Bimbo,Instagram Ads,Tráfico,25-34,19/04/25,54971,6852,507,67713.78,110601.42
CMP-5137,Liverpool,LINKEDIN ADS,reconocimiento,45-54,23/03/25,209605,12393,110,17721.62,97611.7
CMP-2169,GM Financial,Google Ads,Alcance,35-44,12/01/25,197409,4931,549,69656.29,183142.1
CMP-7850,Telcel,Instagram Ads,Leads,35-44,24/07/25,212701,10634,562,42211.8,10715.83
CMP-7410,Cerveza Modelo,GOOGLE ADS,Tráfico,55+,24/04/25,274408,9819,51,10339.15,201001.62
CMP-5380,OnStar,LinkedIn Ads,Leads,55+,28/08/25,151078,8586,646,10510.05,106500.61
CMP-3298,OnStar,,reconocimiento,25-34,20/02/25,201878,14749,385,,51905.69
CMP-4815,Telcel,Google Ads,Reconocimiento,45-54,08/08/25,255085,3816,182,15801.93,3952.79
CMP-10324, Banco Azteca  ,YouTube Ads,Reconocimiento,18-24,08/01/25,290188,6415,169,53790.21,180631.31
CMP-2930,Cerveza Modelo,LINKEDIN ADS,Alcance,25-34,27/08/25,190079,14448,793,58872.41,155661.91
CMP-6951,Aeroméxico,Facebook Ads,Leads,25-34,22/04/25,342486,4494,754,69972.27,91006.02
CMP-5711,Liverpool,YouTube Ads,Alcance,35-44,04/07/25,160972,409,277,57920.4,217634.1
CMP-4361,OnStar,LinkedIn Ads,Reconocimiento,45-54,24/01/25,129066,10394,645,,19136.05
CMP-3295,Telcel,Google Ads,Alcance,25-34,11/09/25,490687,9830,136,31835.98,60359.58
CMP-6742,Aeroméxico,Facebook Ads,Alcance,45-54,18/07/25,423016,914,483,47377.97,4354.52
CMP-9050,Banco Azteca,YouTube Ads,Leads,45-54,03/10/25,159059,2038,,8539.92,148195.79
CMP-10736,Aeroméxico,TikTok Ads,Reconocimiento,45-54,26/02/25,105905,13411,380,19651.27,210393.58
CMP-7621,Aeroméxico,Facebook Ads,Reconocimiento,18-24,23/07/25,1413,1413,318,38309.28,191428.08
CMP-5214, OnStar  ,LinkedIn Ads,Tráfico,45-54,03/09/25,315794,11577,650,43100.92,16396.51
CMP-5269,Cerveza Modelo,Facebook Ads,Alcance,35-44,25/04/25,212955,1758,74,46162.17,192905.27
CMP-3448, GM Financial  ,Instagram Ads,Alcance,,20/09/25,40315,8608,762,65429.51,127361.28
CMP-6339,Liverpool,LinkedIn Ads,Reconocimiento,55+,26/01/25,16984,3897,426,83619.11,67927.4
CMP-1164,Cerveza Modelo,LinkedIn Ads,leads,45-54,11/04/25,467017,1794,542,56016.36,204218.3
CMP-10321,Bimbo,YOUTUBE ADS,alcance,45-54,16/07/25,475998,1572,459,,75683.41
CMP-10360,GM Financial,LINKEDIN ADS,Conversión,35-44,16/08/25,360401,2889,656,,48047.93
CMP-9830,Banco Azteca,Google Ads,Reconocimiento,55+,06/02/25,250808,11091,389,27172.73,134444.42
CMP-5949, GM Financial  ,LinkedIn Ads,Leads,55+,05/06/25,490993,13728,380,53957.27,142751.7
CMP-2344, GM Financial  ,Instagram Ads,Alcance,35-44,19/06/25,270273,1354,341,43532.95,20433.46
CMP-6815,Aeroméxico,LinkedIn Ads,Alcance,25-34,17/01/25,436297,9847,224,46085.69,7119.65
CMP-3953,GM Financial,Instagram Ads,Alcance,45-54,24/03/25,183580,13541,455,-47807.47,154183.68
CMP-10767,Aeroméxico,LinkedIn Ads,Alcance,18-24,01/08/25,276919,10460,214,65951.69,219137.16
CMP-2163,Telcel,INSTAGRAM ADS,Conversión,35-44,18/10/25,294087,12846,464,66690.27,115086.46
CMP-7565,GM Financial,TIKTOK ADS,Reconocimiento,18-24,10/10/25,71413,7589,568,6912.57,78266.01
CMP-2759,Banco Azteca,FACEBOOK ADS,Reconocimiento,45-54,18/10/25,148658,6546,322,48610.12,213177.72
CMP-3517,OnStar,Facebook Ads,Tráfico,25-34,31/07/25,573,573,334,20491.03,157180.14
CMP-3121,Telcel,YouTube Ads,Tráfico,55+,13/06/25,425213,988,639,20826.4,46572.28
CMP-9174,Bimbo,Instagram Ads,Tráfico,45-54,07/06/25,369998,6483,208,64330.6,191.96
CMP-5152,Telcel,Google Ads,Tráfico,45-54,07/07/25,305951,11130,302,2387.08,178995.82
CMP-10417,Cerveza Modelo,Facebook Ads,Alcance,45-54,08/09/25,100122,4013,452,42737.47,66471.35
CMP-1765,Banco Azteca,TikTok Ads,Reconocimiento,25-34,21/04/25,31464,7572,134,55015.14,161975.08
CMP-10253, Aeroméxico  ,Google Ads,Alcance,25-34,20/02/25,477635,7376,630,,8454.37
CMP-10117, Liverpool  ,TikTok Ads,Leads,55+,11/10/25,232845,6788,161,34986.77,180597.23
CMP-2438,Telcel,LinkedIn Ads,Alcance,55+,27/07/25,290352,7308,518,84532.55,80089.45
CMP-9955,Cerveza Modelo,YouTube Ads,Alcance,35-44,22/03/25,325883,3745,553,19101.14,
CMP-3803,Cerveza Modelo,Facebook Ads,Tráfico,25-34,14/05/25,297586,5111,398,83726.01,196854.05
CMP-4832,Cerveza Modelo,GOOGLE ADS,conversión,25-34,12/05/25,85628,7003,285,24197.51,138783.06
CMP-4299,Bimbo,Facebook Ads,Conversión,45-54,29/08/25,370931,1192,693,51529.61,152571.68
CMP-8313,GM Financial,INSTAGRAM ADS,Leads,18-24,26/02/25,405541,13761,436,43575.76,12668.62
CMP-9987,Telcel,Google Ads,Tráfico,35-44,27/05/25,48664,13398,574,19187.43,70410.99
CMP-2575,Cerveza Modelo,LinkedIn Ads,Conversión,18-24,03/09/25,242773,1885,737,,79939
CMP-8100,Aeroméxico,Facebook Ads,Alcance,45-54,01/07/25,168578,4172,,57014.79,1100.37
CMP-8322, OnStar  ,TikTok Ads,Conversión,18-24,08/10/25,87075,7458,577,63942.22,103673.78
CMP-5314,Liverpool,Instagram Ads,Tráfico,25-34,08/03/25,179360,10435,141,46421.8,178772.9
CMP-7442,Banco Azteca,Instagram Ads,Alcance,55+,06/07/25,140852,4322,148,38345.7,35322.96
CMP-3217,Banco Azteca,GOOGLE ADS,conversión,55+,31/08/25,146354,4816,308,60753.14,139897.89
CMP-4418,OnStar,FACEBOOK ADS,Alcance,25-34,10/07/25,337562,10203,667,62947.15,206743.18
CMP-6326,GM Financial,LinkedIn Ads,Alcance,25-34,22/06/25,378057,9895,409,84163.39,39879.17
CMP-8211,Liverpool,LinkedIn Ads,Leads,35-44,22/08/25,358297,2968,248,22920.16,7407.57
CMP-7770,Aeroméxico,Instagram Ads,Reconocimiento,18-24,10/03/25,182907,742,712,70821.44,73353.39
CMP-10026,OnStar,Instagram Ads,Conversión,45-54,22/01/25,393708,4461,525,19943.65,205040.72
CMP-8490,Cerveza Modelo,LINKEDIN ADS,Conversión,,09/08/25,387056,882,606,1603.78,93833.29
CMP-10084,Banco Azteca,Facebook Ads,Tráfico,25-34,29/01/25,336582,7275,444,15502.5,100795.08
CMP-4519,Aeroméxico,LinkedIn Ads,Alcance,55+,06/06/25,395769,10544,7,82241.54,26097.61
CMP-9889,Banco Azteca,YouTube Ads,Reconocimiento,18-24,30/05/25,413157,10442,108,64346.26,145737.82
CMP-5048,OnStar,Google Ads,Leads,25-34,14/03/25,181457,6102,554,59618.15,87285.97
CMP-1173,OnStar,YouTube Ads,Leads,18-24,12/08/25,48134,6747,363,35010.68,186382.47
CMP-5195,Banco Azteca,LINKEDIN ADS,Reconocimiento,45-54,07/05/25,81731,6576,532,23810.97,4621.07
CMP-3276,Telcel,Google Ads,Alcance,55+,10/06/25,10792,4484,793,26383.96,133391.43
CMP-5054,GM Financial,Google Ads,Alcance,25-34,11/08/25,357837,4952,796,33622.37,190493.96
CMP-1979,Banco Azteca,YouTube Ads,Alcance,25-34,12/10/25,76662,997,155,72192.61,61673.14
CMP-5223,Bimbo,YouTube Ads,Leads,45-54,20/06/25,301968,12509,359,45810.86,
CMP-1937, Telcel  ,Facebook Ads,Reconocimiento,35-44,13/05/25,306122,1919,236,53017.06,57469.93
CMP-5392,OnStar,TikTok Ads,Reconocimiento,18-24,05/07/25,122836,4019,783,32729.73,164959.04
CMP-4363,Bimbo,Instagram Ads,Tráfico,35-44,17/10/25,288616,1325,84,79141.17,135199.54
CMP-9670,Liverpool,TikTok Ads,Alcance,18-24,27/10/25,358531,2298,427,55385.37,172681.62
CMP-1530,Telcel,LinkedIn Ads,Conversión,25-34,21/05/25,255234,2118,623,71575.28,125309.13
CMP-4161,Bimbo,Instagram Ads,Tráfico,45-54,14/07/25,427620,6675,347,26076.52,179175.03
CMP-9356,GM Financial,TIKTOK ADS,reconocimiento,35-44,02/04/25,144317,218,24,1322.18,
CMP-6379,Cerveza Modelo,Google Ads,Alcance,45-54,14/06/25,82128,1022,252,48855.51,208136.09
CMP-4112,Liverpool,Google Ads,Reconocimiento,35-44,12/04/25,23437,10279,566,54634.04,149172.63
CMP-5641,Liverpool,Facebook Ads,Conversión,25-34,19/02/25,19835,8764,671,79922.61,95292.46
CMP-1583,GM Financial,YouTube Ads,Reconocimiento,25-34,08/08/25,291550,11791,36,59361.87,23882.14
CMP-9639,OnStar,Google Ads,Reconocimiento,55+,06/05/25,274139,4533,218,72123.59,95702.19
CMP-9678,Banco Azteca,Instagram Ads,Alcance,25-34,30/06/25,69870,12758,706,5904.9,16913.12
CMP-10173,Banco Azteca,TIKTOK ADS,Leads,35-44,13/06/25,460062,1190,192,23661.14,12349.64
CMP-6611,Cerveza Modelo,TikTok Ads,Tráfico,55+,03/01/25,61824,2566,306,27754.33,143014
CMP-7312,OnStar,FACEBOOK ADS,Leads,18-24,02/08/25,440257,6829,487,21888.13,
CMP-3926,Telcel,Instagram Ads,Alcance,25-34,01/01/25,467206,11078,200,71384.01,201145.76
CMP-9871,OnStar,Instagram Ads,alcance,18-24,01/10/25,439994,12258,708,34071.24,63225.53
CMP-1012,Cerveza Modelo,Facebook Ads,Conversión,45-54,11/05/25,278292,6108,52,35132.12,69298.22
CMP-4874,Bimbo,,Conversión,45-54,25/08/25,435611,14108,277,34113.87,117049.08
CMP-5605,Telcel,Google Ads,Leads,35-44,12/03/25,229899,1782,91,69149.53,218596.77
CMP-7484,OnStar,LinkedIn Ads,Tráfico,45-54,10/03/25,33220,13018,459,30396.23,191770.59
CMP-8032,Cerveza Modelo,,Leads,55+,15/08/25,386143,6725,253,69780.32,149080.35
CMP-10860,Liverpool,Google Ads,Conversión,55+,08/05/25,415647,1252,,82664.11,179324.68
CMP-9739,Bimbo,YouTube Ads,Leads,35-44,18/05/25,287017,9261,,42213.4,101677.07
CMP-7543,Bimbo,Facebook Ads,Tráfico,25-34,25/03/25,151402,9908,25,1315.61,
CMP-6914,Banco Azteca,FACEBOOK ADS,Leads,18-24,01/08/25,472555,8881,418,18755.52,116598.62
CMP-3204, Aeroméxico  ,Google Ads,Reconocimiento,,07/03/25,119658,8001,138,83376.5,122789.58
CMP-9882,Telcel,LinkedIn Ads,Conversión,45-54,19/08/25,321627,5115,323,44601.62,18227.09
CMP-7222,Aeroméxico,TikTok Ads,Tráfico,35-44,15/07/25,65223,5201,83,79225.79,
CMP-3240,Bimbo,YouTube Ads,Leads,45-54,12/03/25,316351,4943,577,81683.66,134740.91
CMP-5076,Banco Azteca,INSTAGRAM ADS,Leads,45-54,21/02/25,189083,8901,647,44316.51,6535.13
CMP-10226,Cerveza Modelo,TikTok Ads,Conversión,55+,04/02/25,295707,414,144,60641.18,52253.71
CMP-5972,GM Financial,LinkedIn Ads,Leads,25-34,12/09/25,199245,13174,367,17759.46,104811.11
CMP-6933,GM Financial,Instagram Ads,Leads,18-24,06/08/25,199747,9267,651,80320.68,182371.72
CMP-7067, Liverpool  ,Instagram Ads,Alcance,25-34,16/06/25,303924,7606,,72400.38,301.33
CMP-10150,GM Financial,YouTube Ads,Alcance,25-34,09/06/25,176701,7817,417,16785.26,110765.17
CMP-3934,Bimbo,FACEBOOK ADS,Leads,18-24,07/05/25,426000,13615,379,56308.5,120498.9
CMP-9374,GM Financial,FACEBOOK ADS,Leads,35-44,30/07/25,456571,7962,428,82372.04,142489.25
CMP-4918,Banco Azteca,Google Ads,Reconocimiento,35-44,25/06/25,327725,1568,769,6213.28,198322.05
CMP-4163,Bimbo,YouTube Ads,Reconocimiento,45-54,08/04/25,263266,13990,345,63533.6,119893
CMP-6794,Banco Azteca,LINKEDIN ADS,Conversión,55+,20/02/25,364789,10962,376,78455.38,154798.76
CMP-4114,Bimbo,TikTok Ads,Tráfico,55+,25/09/25,52128,12393,66,72662.19,193759.41
CMP-2105,GM Financial,Instagram Ads,Alcance,35-44,17/03/25,281254,1172,561,38513.76,141975.73
CMP-9242,GM Financial,LinkedIn Ads,Alcance,55+,02/07/25,447916,2480,275,34426.72,212304.13
CMP-3840,Bimbo,Facebook Ads,Conversión,25-34,08/01/25,435608,3232,339,59689.09,126425.44
CMP-2037,Banco Azteca,Google Ads,Tráfico,45-54,29/03/25,64582,141,141,32536.85,188151.53
CMP-9725,Aeroméxico,TikTok Ads,Tráfico,18-24,22/05/25,375846,8703,276,9639.76,136093.23
CMP-9163,OnStar,TikTok Ads,Tráfico,35-44,07/08/25,104830,760,305,75498.05,199494.92
CMP-1358,OnStar,Instagram Ads,Leads,18-24,07/05/25,488592,6239,462,14811.63,133912.41
CMP-6790,Aeroméxico,Facebook Ads,alcance,18-24,29/06/25,87925,10612,795,26320.38,207674.68
CMP-1000,Cerveza Modelo,TikTok Ads,tráfico,35-44,13/04/25,325163,9130,374,60319.45,67193.62
CMP-9020,Bimbo,Instagram Ads,Conversión,18-24,14/02/25,489748,904,125,42389,52690.8
CMP-7357, Banco Azteca  ,TikTok Ads,Leads,25-34,15/08/25,207548,7753,739,58952.13,140552.93
CMP-10689,Banco Azteca,FACEBOOK ADS,Alcance,25-34,09/09/25,449891,7648,227,882.16,171202.81
CMP-6675,Bimbo,Instagram Ads,Conversión,35-44,04/04/25,77455,9477,,7575.56,53504.91
CMP-5771,Cerveza Modelo,Facebook Ads,Tráfico,45-54,18/07/25,417436,13610,394,15868.64,177986.71
CMP-9218,OnStar,Instagram Ads,Leads,55+,30/03/25,457060,11578,448,25509.13,214884.46
CMP-9664,Cerveza Modelo,TikTok Ads,Leads,18-24,21/01/25,251408,13640,153,77267.46,74738.59
CMP-1747,Bimbo,,Leads,18-24,28/01/25,286141,3072,261,70318.33,75228.21
CMP-1963,OnStar,Google Ads,Tráfico,25-34,25/01/25,101820,6138,631,37166.11,178120.46
CMP-3834,Banco Azteca,Google Ads,Tráfico,18-24,02/08/25,148475,12279,248,15123.08,45574.38
CMP-3701,Liverpool,GOOGLE ADS,Alcance,18-24,26/05/25,492972,9216,99,9557.63,44201.2
CMP-10018,Cerveza Modelo,LinkedIn Ads,Leads,35-44,27/01/25,208647,9066,280,3596.37,125376.35
CMP-3472,Liverpool,Google Ads,Leads,55+,26/09/25,265617,8411,616,64780.27,115262.61
CMP-2485,OnStar,Google Ads,Tráfico,25-34,09/06/25,424287,2756,714,44993.1,165772.44
CMP-5033,Telcel,INSTAGRAM ADS,Alcance,55+,29/01/25,249602,10373,,40766.9,125463.29
CMP-10274,OnStar,YouTube Ads,Conversión,18-24,28/08/25,271769,12709,651,59339.41,130573.71
CMP-1681,Aeroméxico,LinkedIn Ads,Tráfico,35-44,02/07/25,333224,10949,677,46585.62,23213.7
CMP-1208,Cerveza Modelo,LinkedIn Ads,Tráfico,25-34,25/10/25,104033,1098,72,71390.91,118700.95
CMP-1666,GM Financial,Facebook Ads,Leads,55+,18/05/25,204537,5680,220,78898.81,30123.99
CMP-10025,Telcel,TikTok Ads,Reconocimiento,35-44,23/10/25,282197,6376,639,51202.43,143833.33
CMP-9261, Bimbo  ,FACEBOOK ADS,Tráfico,55+,25/08/25,382387,12265,230,24178.65,75747.53
CMP-3214,Liverpool,Google Ads,Leads,45-54,01/05/25,372314,2550,184,83282.19,96968.67
CMP-9279,Telcel,Google Ads,Tráfico,35-44,21/10/25,154082,2027,776,26690.96,202225.04
CMP-8369,Telcel,,Alcance,18-24,13/06/25,421683,6303,124,74002.21,90991.95
CMP-2164, Banco Azteca  ,,Reconocimiento,45-54,11/05/25,277660,5153,176,77885.57,46806.68
CMP-5734,OnStar,Google Ads,reconocimiento,45-54,13/07/25,26063,7697,530,42260.31,886.69
CMP-9674,GM Financial,Instagram Ads,reconocimiento,55+,09/03/25,361279,9011,419,21566.64,34667.47
CMP-10780,GM Financial,Google Ads,Conversión,25-34,11/02/25,478742,7968,68,79042.83,159896.1
CMP-7350,Aeroméxico,Facebook Ads,Alcance,25-34,06/09/25,316134,12728,423,61790.41,153638.1
CMP-2902,Aeroméxico,Facebook Ads,Leads,25-34,05/09/25,62025,9556,617,56758.94,
CMP-2817, Aeroméxico  ,LinkedIn Ads,Alcance,18-24,10/06/25,359846,13290,377,48754.4,2002.75
CMP-10346,GM Financial,YouTube Ads,Conversión,18-24,09/08/25,191927,2253,794,32075.85,26622.1
CMP-5509,Cerveza Modelo,TikTok Ads,Alcance,25-34,06/01/25,323882,8585,184,36287.21,
CMP-4904,Bimbo,Facebook Ads,Leads,25-34,23/07/25,33467,13270,781,6087.43,52718.24
CMP-2210, Telcel  ,Instagram Ads,Tráfico,45-54,01/06/25,379597,9541,536,28464.07,37856.56
CMP-3177, Cerveza Modelo  ,Instagram Ads,Reconocimiento,25-34,20/06/25,168513,14337,789,57948.78,138548.07
CMP-3836,Cerveza Modelo,Instagram Ads,tráfico,35-44,01/06/25,296740,7812,68,9808.08,191527.03
CMP-5515,Telcel,TikTok Ads,Leads,18-24,24/10/25,473300,3433,190,55438.33,157315.23
CMP-4635,Cerveza Modelo,Facebook Ads,Conversión,45-54,11/10/25,346343,552,552,54186.62,188877.28
CMP-3460,Telcel,LinkedIn Ads,Tráfico,,17/09/25,55297,756,185,53306.91,8834.03
CMP-4479,Banco Azteca,LinkedIn Ads,Tráfico,35-44,29/09/25,79977,12594,746,49223.32,205411.45
CMP-6456,Bimbo,Instagram Ads,Alcance,35-44,08/09/25,7444,7444,,18268.55,
CMP-8563,Aeroméxico,YouTube Ads,Leads,45-54,04/04/25,199452,1575,335,76117.84,55423.62
CMP-9165, GM Financial  ,LinkedIn Ads,Conversión,35-44,10/10/25,273997,2284,797,44282.1,22279.66
CMP-3093,OnStar,LINKEDIN ADS,Conversión,25-34,04/10/25,382296,9667,114,45242.49,100310.07
CMP-10436,GM Financial,Google Ads,Reconocimiento,55+,11/02/25,154009,7041,45,50882.69,158684.82
CMP-8692,Banco Azteca,YouTube Ads,Alcance,18-24,29/03/25,474217,11823,723,40341.29,16703.65
CMP-1820,Liverpool,TIKTOK ADS,Alcance,55+,31/03/25,240976,4905,357,22990.52,133879.15
CMP-2915, Banco Azteca  ,Instagram Ads,Leads,35-44,31/05/25,194985,3389,488,38062.42,22684.39
CMP-2669,OnStar,TikTok Ads,Tráfico,18-24,21/09/25,417259,9097,29,49299.81,130629.29
CMP-9030,Cerveza Modelo,Facebook Ads,Tráfico,18-24,14/04/25,465560,3445,716,31745.52,135196.34
CMP-8726,Aeroméxico,YouTube Ads,Alcance,45-54,28/09/25,282965,11459,640,75693,
CMP-3751,Banco Azteca,Facebook Ads,Reconocimiento,45-54,07/07/25,25709,9082,221,27304.76,77787.2
CMP-2879,Cerveza Modelo,INSTAGRAM ADS,Leads,45-54,26/04/25,262210,14253,106,39314.32,
CMP-6124,Banco Azteca,FACEBOOK ADS,Tráfico,25-34,17/03/25,148761,5355,419,9174.67,213673.75
CMP-6725,Aeroméxico,GOOGLE ADS,Conversión,45-54,15/02/25,248097,14885,49,58575.75,113744.43
CMP-6242,Bimbo,YouTube Ads,Reconocimiento,35-44,04/09/25,33302,238,238,82177.47,140255.99
CMP-3136, Liverpool  ,TikTok Ads,Tráfico,45-54,04/05/25,406865,13388,584,47473.31,33417.7
CMP-7472,Cerveza Modelo,,Conversión,25-34,12/07/25,387208,8241,441,70256.61,115244.63
CMP-10090,Bimbo,TikTok Ads,Conversión,18-24,12/06/25,164845,7838,665,22425.68,37230.2
CMP-6641, GM Financial  ,LinkedIn Ads,Alcance,55+,01/02/25,381096,12202,189,44715.23,89071.34
CMP-6840, Liverpool  ,Google Ads,Conversión,18-24,02/08/25,373930,8790,208,6169.01,1004.06
CMP-3276,Telcel,Google Ads,Alcance,55+,10/06/25,10792,4484,793,26383.96,133391.43
CMP-4571,Banco Azteca,Google Ads,Alcance,18-24,25/01/25,156582,9311,549,15672.68,79111.51
CMP-5361,OnStar,Google Ads,Tráfico,35-44,31/05/25,382660,9218,174,75010.41,174322.62
CMP-5691, Banco Azteca  ,Google Ads,Alcance,35-44,14/07/25,380583,6313,797,6331.65,178245.81
CMP-1655,Telcel,Facebook Ads,Tráfico,45-54,08/04/25,268919,1516,778,80964.16,155781.92
CMP-2887, Liverpool  ,LinkedIn Ads,Alcance,25-34,07/06/25,230216,2675,59,7542.53,80008.8
CMP-7959,Liverpool,Instagram Ads,Leads,55+,26/03/25,238569,11501,336,8924.48,82159.73
CMP-8509, Liverpool  ,Facebook Ads,Tráfico,35-44,23/01/25,389690,10149,789,81656.22,218054.7
CMP-1294,Aeroméxico,LinkedIn Ads,Leads,18-24,23/02/25,488609,13463,28,13601.82,53155.38
CMP-9339,OnStar,Google Ads,Alcance,55+,06/04/25,135904,12238,41,50674.12,145835
CMP-8943,OnStar,Facebook Ads,Leads,55+,17/10/25,30158,8185,395,45853.74,172180.38
CMP-4662,Telcel,TikTok Ads,Conversión,18-24,15/05/25,235421,12827,272,9303.6,125827.39
CMP-6125,Aeroméxico,YouTube Ads,Reconocimiento,45-54,08/08/25,222989,5525,176,42454.28,117209.29
CMP-7220,Cerveza Modelo,YouTube Ads,Tráfico,25-34,04/08/25,370840,14793,727,56991.61,128795.94
CMP-7051,Aeroméxico,YouTube Ads,Reconocimiento,45-54,02/03/25,420128,13493,267,60231.13,126954.8
CMP-2141,Bimbo,YOUTUBE ADS,Alcance,25-34,03/09/25,24881,14688,228,75968.86,117271.47
CMP-4166,Liverpool,Instagram Ads,Conversión,35-44,20/03/25,249156,10505,621,52634.74,139580.85
CMP-3247,Banco Azteca,GOOGLE ADS,Tráfico,25-34,05/07/25,265751,10656,204,78697.6,104833.2
CMP-9565,OnStar,Google Ads,Alcance,25-34,27/01/25,444323,4304,453,10831.31,148143.21
CMP-7617,Telcel,TikTok Ads,Tráfico,18-24,27/06/25,3122,2437,114,30836.19,201464.27
CMP-7545,Liverpool,Google Ads,Reconocimiento,35-44,20/08/25,343773,7837,396,82628.45,26698.16
CMP-2296,GM Financial,Google Ads,Alcance,18-24,26/09/25,291732,10586,579,23990.91,43979.29
CMP-2656,Telcel,TikTok Ads,Tráfico,35-44,05/08/25,310752,10007,601,75798.67,138282.35
CMP-5339,OnStar,Instagram Ads,Tráfico,18-24,09/05/25,138155,5938,115,32647.71,20160.47
CMP-6835,Telcel,Google Ads,Reconocimiento,,14/09/25,393316,13062,244,42399.28,177865.95
CMP-3872,Banco Azteca,YouTube Ads,Reconocimiento,18-24,12/04/25,267327,4890,126,80436.34,180367.96
CMP-10402,Banco Azteca,TIKTOK ADS,Leads,18-24,26/02/25,345378,5603,357,84708.31,161656.51
CMP-8034, Banco Azteca  ,,Tráfico,55+,31/05/25,157404,3653,443,,129893.22
CMP-6122,Aeroméxico,TikTok Ads,Alcance,25-34,31/05/25,205029,14153,738,18828.85,195614.95
CMP-3257,Telcel,LINKEDIN ADS,Leads,25-34,30/07/25,404885,8677,642,22214.82,124515.61
CMP-7992,OnStar,Instagram Ads,Reconocimiento,45-54,13/01/25,123803,1000,787,20547.37,93070.43
CMP-5297,Liverpool,TikTok Ads,Reconocimiento,,05/07/25,346891,1570,197,24438.92,5318.31
CMP-7143,Telcel,LinkedIn Ads,Alcance,55+,10/03/25,478326,10606,632,78264.67,
CMP-9940,GM Financial,,Alcance,18-24,03/05/25,20686,10196,660,51672.62,83933.68
CMP-3848, Banco Azteca  ,LinkedIn Ads,Reconocimiento,45-54,01/04/25,3266,3266,601,18390.44,72366.57
CMP-6118,Telcel,LinkedIn Ads,Tráfico,18-24,21/08/25,153867,9838,146,18591.22,162097.28
CMP-7292,Bimbo,GOOGLE ADS,tráfico,55+,27/06/25,166409,6700,99,25651.83,67020.08
CMP-1447,Banco Azteca,LinkedIn Ads,Conversión,45-54,09/04/25,68589,3520,81,13226.76,163717.61
CMP-5416,OnStar,TikTok Ads,alcance,45-54,31/03/25,167286,10531,513,61506.53,126834.95
CMP-10264,Cerveza Modelo,Instagram Ads,Reconocimiento,55+,19/04/25,361039,8954,,77776.24,
CMP-2246, Bimbo  ,TikTok Ads,Conversión,45-54,03/01/25,433946,6323,709,17830.94,84346.97
CMP-9585,Cerveza Modelo,Google Ads,Leads,18-24,22/04/25,90773,10667,752,51248.46,173751.29
CMP-9815,Bimbo,Google Ads,Alcance,55+,09/08/25,285191,3737,70,78859.1,173345.79
CMP-6993,OnStar,YOUTUBE ADS,Conversión,25-34,11/01/25,121820,10657,92,29114.36,3439.06
CMP-8200,GM Financial,Facebook Ads,Conversión,45-54,17/06/25,357882,3565,750,18788.22,45858.93
CMP-6404,Cerveza Modelo,Facebook Ads,Conversión,35-44,04/09/25,327593,3504,541,31768.15,136117.77
CMP-10581,Banco Azteca,YouTube Ads,tráfico,45-54,08/05/25,2639,2639,545,65791.37,176367.05
CMP-2525, Cerveza Modelo  ,Google Ads,Leads,55+,07/05/25,373592,10659,663,47107.27,195348.4
CMP-2148,Bimbo,GOOGLE ADS,Leads,18-24,15/08/25,446572,14874,290,1054.3,184572.69
CMP-3750, Bimbo  ,Facebook Ads,Reconocimiento,45-54,30/01/25,283659,7169,205,75636.08,137184.42
CMP-1394, GM Financial  ,TIKTOK ADS,Conversión,35-44,10/08/25,356064,1286,71,77096.23,74392.9
CMP-10415,Cerveza Modelo,LinkedIn Ads,Reconocimiento,35-44,06/05/25,374124,4249,133,60197.04,196449.17
CMP-3175,Bimbo,,Tráfico,35-44,13/02/25,347093,9907,704,53736.06,100770.51
CMP-8908,OnStar,Instagram Ads,Reconocimiento,45-54,01/07/25,186890,8845,,52373.83,155491.75
CMP-3600,Aeroméxico,YouTube Ads,Conversión,35-44,03/03/25,455973,4679,162,18715.64,1982.18
CMP-5590,Telcel,,Leads,55+,17/01/25,417723,6647,673,69397.26,190319.89
CMP-5015,Banco Azteca,YouTube Ads,Conversión,45-54,20/01/25,457822,381,366,84962.91,212324.78
CMP-2700,Aeroméxico,LinkedIn Ads,Reconocimiento,45-54,26/09/25,197987,1145,694,13377.43,87762.48
CMP-9975,OnStar,GOOGLE ADS,Tráfico,18-24,18/03/25,495306,430,326,66135.78,121372.96
CMP-10127, Cerveza Modelo  ,Google Ads,Conversión,55+,13/02/25,26734,12507,,47031.61,40438.65
CMP-10152,Bimbo,Facebook Ads,Tráfico,25-34,24/04/25,78111,392,242,,138116.01
CMP-1106,Aeroméxico,TIKTOK ADS,Reconocimiento,45-54,10/10/25,59918,10616,472,46641.88,146465.6
CMP-1639,Bimbo,LINKEDIN ADS,Conversión,45-54,25/09/25,394655,6417,501,56120.21,112115.95
CMP-8741, Liverpool  ,Facebook Ads,Alcance,,15/04/25,267821,3558,246,60230.29,143544
CMP-9200,GM Financial,YouTube Ads,Tráfico,45-54,01/06/25,344726,5024,250,58629.78,160472.87
CMP-5527,Cerveza Modelo,Instagram Ads,Leads,,27/09/25,348121,13117,333,35422.44,98581.45
CMP-10828,Banco Azteca,LinkedIn Ads,tráfico,25-34,03/08/25,351810,7975,330,28909.9,102450.89
CMP-9472,OnStar,TikTok Ads,Leads,55+,06/03/25,444658,5472,580,49127.53,22275.93
CMP-9124,Banco Azteca,LinkedIn Ads,Alcance,45-54,22/08/25,231793,11569,500,14230.85,27345.86
CMP-2590,OnStar,Facebook Ads,Conversión,55+,14/01/25,80996,1956,605,82719.58,113578.34
CMP-9266,Banco Azteca,GOOGLE ADS,Reconocimiento,55+,15/01/25,81301,8344,160,70922.37,109249.28
CMP-8314, Aeroméxico  ,Instagram Ads,Tráfico,45-54,25/10/25,73086,14632,471,44447.14,47038.55
CMP-6689,OnStar,TikTok Ads,Alcance,18-24,14/03/25,485474,294,294,22451.22,124686.86
CMP-6335,GM Financial,Instagram Ads,Tráfico,55+,12/10/25,117039,14076,88,72152.04,62447.94
CMP-2581,Liverpool,LinkedIn Ads,tráfico,35-44,09/02/25,307721,12798,700,16100.67,145598.86
CMP-4837,Liverpool,Google Ads,Tráfico,25-34,23/08/25,261058,295,295,30701.39,126668.56
CMP-4579,Telcel,TikTok Ads,Leads,45-54,14/03/25,474757,13658,665,76550.77,38566.93
CMP-2976,Bimbo,YouTube Ads,Reconocimiento,25-34,09/06/25,78337,539,539,27140.26,23858.1
CMP-10120,Telcel,YouTube Ads,alcance,35-44,24/05/25,273146,7066,322,69703.78,162613.62
CMP-10618,Liverpool,Instagram Ads,Leads,18-24,10/03/25,348468,5522,157,58279.56,157680.17
CMP-9162,OnStar,Google Ads,Alcance,45-54,21/04/25,62041,6248,640,4617.39,
CMP-1075,Cerveza Modelo,Instagram Ads,Alcance,45-54,09/01/25,91364,11215,713,50719.58,103067.56
CMP-5548,Cerveza Modelo,Facebook Ads,Tráfico,25-34,25/07/25,100914,9775,232,76661.3,89716.53
CMP-7323,Banco Azteca,Google Ads,Tráfico,25-34,19/08/25,198929,4517,417,45926.84,71903.51
CMP-7360,Telcel,Facebook Ads,Reconocimiento,25-34,25/03/25,452857,6552,451,28084.89,192644.08
CMP-7488,Bimbo,LinkedIn Ads,Alcance,25-34,18/08/25,236432,2074,351,58711.26,44063.01
CMP-7789, Liverpool  ,YouTube Ads,Tráfico,55+,25/10/25,75521,8237,547,33356.73,44159
CMP-10033,Aeroméxico,YouTube Ads,conversión,35-44,02/07/25,314105,1325,194,4231.15,181092.73
CMP-3545,Bimbo,YOUTUBE ADS,alcance,35-44,14/05/25,90403,10903,225,41074.87,196132.08
CMP-2876,Bimbo,Instagram Ads,Leads,45-54,28/07/25,85090,5688,555,40664.63,
CMP-2608, Liverpool  ,LINKEDIN ADS,Alcance,25-34,10/01/25,297355,7829,645,32453.2,18004.26
CMP-3156,Cerveza Modelo,TikTok Ads,leads,35-44,15/05/25,424006,2094,243,74874.2,186455.94
CMP-3138,Liverpool,Facebook Ads,Reconocimiento,55+,05/10/25,358492,175,88,5881.85,
CMP-7829,OnStar,TikTok Ads,Alcance,55+,26/01/25,499881,13618,167,72357.47,74410.38
CMP-6057, Cerveza Modelo  ,Instagram Ads,Leads,55+,14/02/25,485744,3981,776,51756.52,192698.2
CMP-9934,Liverpool,Instagram Ads,Leads,45-54,10/04/25,363152,1826,670,68754.16,191469.6
CMP-7398,Bimbo,YouTube Ads,Reconocimiento,,11/03/25,474481,10522,493,49035.15,109701.71
CMP-4272,Telcel,GOOGLE ADS,Conversión,35-44,15/03/25,138489,12413,289,7208.67,75359.83
CMP-1992,Bimbo,Instagram Ads,Conversión,18-24,14/09/25,461710,9098,186,60688.81,98502.13
CMP-10001,Aeroméxico,YouTube Ads,Reconocimiento,55+,19/03/25,66952,5936,768,10435.07,9135.85
CMP-3685,OnStar,Instagram Ads,Conversión,35-44,18/04/25,154211,1653,364,,19327.68
CMP-9711,OnStar,Facebook Ads,Alcance,18-24,09/10/25,353678,12880,356,63504.23,121141.85
CMP-8583,GM Financial,Instagram Ads,Conversión,45-54,03/02/25,476610,11000,210,66228.2,162593.76
CMP-1834,OnStar,INSTAGRAM ADS,Leads,55+,10/05/25,432355,10596,297,24542.43,210832.28
CMP-2861,Aeroméxico,YouTube Ads,Reconocimiento,55+,09/06/25,38320,1821,,9358.02,106626.89
CMP-8823, Bimbo  ,Facebook Ads,Leads,18-24,14/06/25,4013,4013,76,43693.95,
CMP-1766,Banco Azteca,TikTok Ads,Conversión,45-54,16/08/25,362254,1348,293,55136.17,29275.24
CMP-9762,Aeroméxico,TikTok Ads,Alcance,18-24,12/05/25,413704,1127,52,73115.82,
CMP-7541,Liverpool,LinkedIn Ads,Reconocimiento,55+,21/03/25,36283,4580,300,77853.49,65985.34
CMP-9903,OnStar,YouTube Ads,Alcance,45-54,02/02/25,455790,2339,553,50409.83,72419.41
CMP-9001,Cerveza Modelo,YouTube Ads,Leads,45-54,14/03/25,215045,9473,333,30976.75,29778.69
CMP-2425,Telcel,LinkedIn Ads,Reconocimiento,55+,25/03/25,40756,14783,203,54329.14,183305.95
CMP-3910, Cerveza Modelo  ,LinkedIn Ads,Conversión,35-44,03/07/25,390582,8766,583,57653.22,215814.41
CMP-6368,Banco Azteca,Instagram Ads,Leads,35-44,10/10/25,98497,10680,136,51759.32,97168.86
CMP-3893,Cerveza Modelo,Instagram Ads,Leads,45-54,13/01/25,7282,7282,767,69069.16,29350.4
CMP-6486,Telcel,YouTube Ads,Conversión,25-34,20/06/25,139344,5685,336,74803.86,120310.46
CMP-2267,Bimbo,Instagram Ads,Conversión,18-24,28/02/25,443433,5462,150,79196.72,105679.83
CMP-10027,OnStar,Instagram Ads,leads,35-44,09/02/25,265508,12335,760,29201.31,139513.42
CMP-3118, Liverpool  ,TikTok Ads,Reconocimiento,55+,12/09/25,460776,11600,491,75037.57,215374.7
CMP-9348,Telcel,YOUTUBE ADS,Alcance,45-54,19/03/25,52725,10366,216,52295.58,214240.9
CMP-7233,GM Financial,FACEBOOK ADS,Tráfico,45-54,09/04/25,334686,892,341,21531.63,44684.42
CMP-2880,Bimbo,Facebook Ads,reconocimiento,45-54,21/09/25,334090,7814,740,28603.22,9466.64
CMP-10482,Aeroméxico,Instagram Ads,Conversión,25-34,08/02/25,60046,6139,710,67238.46,82172.62
CMP-7861,Banco Azteca,YouTube Ads,Conversión,35-44,26/05/25,188745,6627,363,17168.39,29097.04
CMP-1607,GM Financial,TikTok Ads,Tráfico,35-44,10/10/25,326951,3162,574,16689.79,110836.35
CMP-1633,GM Financial,Instagram Ads,Alcance,,08/02/25,185887,1386,134,3840.38,205089.75
CMP-8993, GM Financial  ,Google Ads,Leads,55+,26/01/25,33636,12311,143,4947.97,194825.88
CMP-3481,Cerveza Modelo,LINKEDIN ADS,Reconocimiento,18-24,25/01/25,185439,406,406,13036.66,
CMP-5118,Banco Azteca,TikTok Ads,Reconocimiento,55+,11/08/25,164811,2076,657,70556.32,14741.7
CMP-1403,Bimbo,TikTok Ads,Tráfico,55+,07/09/25,232575,2259,772,77694.89,
CMP-1905,Telcel,Instagram Ads,alcance,25-34,04/08/25,50377,12007,427,731.57,219662.27
CMP-10097,Liverpool,TikTok Ads,Conversión,18-24,18/05/25,404821,5716,457,6092.22,214183.08
CMP-9276,Liverpool,TikTok Ads,Tráfico,55+,17/08/25,164269,12237,369,26402.18,
CMP-1227,Bimbo,Facebook Ads,Alcance,55+,23/02/25,487906,1112,145,11954.54,27152.93
CMP-5531,OnStar,Facebook Ads,Conversión,35-44,08/09/25,350245,3974,453,76982.31,141943.09
CMP-1816, Aeroméxico  ,Instagram Ads,Conversión,25-34,23/04/25,330878,5947,601,21329.5,199162.67
CMP-9440,Bimbo,LinkedIn Ads,Tráfico,35-44,09/08/25,466038,8059,619,79665.02,150762.31
CMP-7544,GM Financial,Google Ads,Leads,35-44,06/02/25,83849,4144,226,27621.8,183501.17
CMP-9750,GM Financial,LinkedIn Ads,Leads,45-54,30/04/25,485541,2412,171,75377.39,214109.01
CMP-4453,OnStar,TikTok Ads,Reconocimiento,55+,12/02/25,231707,2103,539,69788.86,22599.86
CMP-5595,Aeroméxico,TikTok Ads,Reconocimiento,45-54,31/03/25,293838,12406,152,2396.22,37931.9
CMP-10863,OnStar,Google Ads,Tráfico,35-44,27/08/25,383320,9470,418,27179.07,124472.91
CMP-6012,Aeroméxico,Google Ads,Leads,35-44,05/04/25,490179,3554,183,65072.71,15439.94
CMP-7276,Bimbo,LinkedIn Ads,reconocimiento,18-24,23/08/25,51306,1424,505,3511.02,103486.49
CMP-2952,Telcel,TikTok Ads,Reconocimiento,55+,08/10/25,492296,11779,648,51989,11734.97
CMP-4321,Aeroméxico,YouTube Ads,Leads,18-24,10/02/25,443130,7787,13,13134.39,34999.6
CMP-1758,Aeroméxico,YouTube Ads,Leads,18-24,31/07/25,402501,226,226,37449.58,162541.77
CMP-8935,Banco Azteca,FACEBOOK ADS,Tráfico,35-44,17/02/25,463696,2026,,69052.48,18795.04
CMP-8531,Bimbo,GOOGLE ADS,Conversión,35-44,17/10/25,379709,4109,796,27822.04,6449.4
CMP-3378,Bimbo,FACEBOOK ADS,Conversión,55+,17/01/25,461037,6451,751,30001.48,22954.27
CMP-1522,Cerveza Modelo,Facebook Ads,Leads,18-24,01/07/25,479609,364,159,27403.75,81574.09
CMP-8898,Aeroméxico,Google Ads,Alcance,45-54,06/03/25,360558,11949,,2318.68,88263.8
CMP-10367, Liverpool  ,YOUTUBE ADS,Tráfico,35-44,21/01/25,314499,8340,529,75996.63,
CMP-5819,Liverpool,Google Ads,Conversión,18-24,09/05/25,265078,4785,303,11881.34,125097.22
CMP-6089,Bimbo,LinkedIn Ads,Reconocimiento,35-44,09/06/25,333319,1570,186,2886.42,124906.47
CMP-5040,Telcel,LinkedIn Ads,Reconocimiento,18-24,07/01/25,432184,14279,107,75672.42,30422.67
CMP-6414,Bimbo,GOOGLE ADS,Conversión,35-44,01/01/25,367781,5281,560,33627,47544.18
CMP-7217,Banco Azteca,YouTube Ads,Alcance,25-34,07/06/25,119899,589,,3713.47,24257.83
CMP-6917,Bimbo,Facebook Ads,Tráfico,45-54,24/06/25,430280,6930,,26084.84,143174.71
CMP-2127,Liverpool,Instagram Ads,Reconocimiento,18-24,29/05/25,412121,11148,132,74642.37,72162.17
CMP-4353,Banco Azteca,LINKEDIN ADS,Conversión,55+,28/09/25,6165,4857,458,,5786.06
CMP-1701,Liverpool,YouTube Ads,Reconocimiento,25-34,21/08/25,182525,5788,256,3016.94,127868.45
CMP-7013,Cerveza Modelo,Facebook Ads,reconocimiento,35-44,09/01/25,187557,8368,,63440.54,5441
CMP-8413,Aeroméxico,TikTok Ads,Conversión,18-24,19/06/25,148844,14961,238,2015.05,155094.7
CMP-10915,Cerveza Modelo,TikTok Ads,Leads,35-44,18/03/25,244005,13527,617,67082.48,154719.89
CMP-6482,OnStar,YOUTUBE ADS,Reconocimiento,25-34,18/01/25,63672,8055,33,45610.15,150571.92
CMP-4403,OnStar,YouTube Ads,Alcance,25-34,01/02/25,241734,8586,545,10230.96,162780.75
CMP-8231,OnStar,TikTok Ads,Leads,35-44,09/10/25,247344,8952,151,13696.01,132085.32
CMP-2243,Cerveza Modelo,Facebook Ads,Alcance,35-44,23/09/25,206328,6856,260,79158.57,119998.1
CMP-2945,GM Financial,TikTok Ads,leads,18-24,07/03/25,279849,10656,511,29881.84,57411.41
CMP-2968,Bimbo,,Conversión,55+,15/10/25,259430,10217,409,76264.93,
CMP-2000,Liverpool,Google Ads,Leads,55+,13/10/25,252538,11338,765,53690.73,73008.91
CMP-3909,Liverpool,YouTube Ads,Leads,18-24,04/02/25,22979,13712,495,49811.59,
CMP-3914, Cerveza Modelo  ,TikTok Ads,Alcance,18-24,12/06/25,234707,11412,765,63639.6,17683.17
CMP-5331,GM Financial,YOUTUBE ADS,Alcance,55+,09/10/25,230479,6507,404,41084.24,150099.95
CMP-9015,Liverpool,YouTube Ads,Reconocimiento,45-54,12/07/25,36129,4722,596,60562.19,54907.75
CMP-3062, Telcel  ,LinkedIn Ads,Leads,55+,09/05/25,38376,2255,602,43178.46,101386.37
CMP-6820,Telcel,Facebook Ads,Conversión,25-34,04/02/25,351918,13219,680,75445.46,50896.32
CMP-5981,Telcel,LinkedIn Ads,tráfico,18-24,01/06/25,37809,13558,792,83160.98,64612.61
CMP-9931,Banco Azteca,TikTok Ads,Tráfico,25-34,13/09/25,341360,3206,363,51348.15,166726.78
CMP-2771,Liverpool,LinkedIn Ads,Reconocimiento,35-44,15/03/25,338381,3093,89,25183.16,116620.13
CMP-4411,Cerveza Modelo,Instagram Ads,Conversión,45-54,30/09/25,127389,5762,425,67239.81,89403.68
CMP-5741,Cerveza Modelo,TIKTOK ADS,Conversión,45-54,07/10/25,107583,13258,177,36782.66,199175.59
CMP-9120,Bimbo,LinkedIn Ads,Conversión,18-24,04/04/25,309962,7183,370,18018.81,134932.73
CMP-10740,Bimbo,YouTube Ads,Leads,55+,07/08/25,298211,10341,689,44045.57,58978.49
CMP-1882,GM Financial,Facebook Ads,Reconocimiento,18-24,14/05/25,350587,3958,53,24705.16,137621.89
CMP-10766, GM Financial  ,Instagram Ads,Leads,55+,14/05/25,371856,10297,443,26812.53,156851.03
CMP-3179,Aeroméxico,Facebook Ads,Conversión,18-24,03/07/25,32626,2895,744,55940.64,19935.63
CMP-2207,Liverpool,Google Ads,Tráfico,45-54,30/09/25,52952,7342,568,24726.55,161936.96
CMP-6355,Aeroméxico,Facebook Ads,Conversión,55+,12/08/25,106347,11684,661,28909.74,72321.86
CMP-1072,Cerveza Modelo,Facebook Ads,Tráfico,55+,06/06/25,223186,86,59,81521.67,12222.99
CMP-3499, Aeroméxico  ,Facebook Ads,Conversión,18-24,04/10/25,318104,1111,282,69841.51,
CMP-3603, Aeroméxico  ,Facebook Ads,Conversión,25-34,04/02/25,419126,4241,342,25900.13,
CMP-7355,Aeroméxico,LINKEDIN ADS,Reconocimiento,25-34,22/01/25,468298,5613,364,28282.18,117481.39
CMP-2820,Aeroméxico,GOOGLE ADS,Reconocimiento,18-24,30/05/25,8496,8496,,69602.59,157940.73
CMP-6558,Cerveza Modelo,YouTube Ads,Reconocimiento,55+,23/01/25,362014,4241,275,30641.22,126874.58
CMP-2760,Liverpool,Facebook Ads,Reconocimiento,18-24,16/05/25,10390,7036,369,17410.47,147009.27
CMP-2580,Aeroméxico,LinkedIn Ads,leads,18-24,18/01/25,295830,8881,660,72897.37,72123.16
CMP-8278,Bimbo,Instagram Ads,Alcance,25-34,22/01/25,17165,1677,320,2397.2,211505.56
CMP-5218,Telcel,TikTok Ads,Leads,45-54,06/04/25,480886,2079,799,15618.34,124917.76
CMP-7311,Cerveza Modelo,Instagram Ads,Tráfico,35-44,03/01/25,207597,14499,208,59958.08,75042.91
CMP-8342,Liverpool,Facebook Ads,Tráfico,55+,10/06/25,444256,12662,426,66202.13,167614.75
CMP-5323,GM Financial,Instagram Ads,Leads,18-24,14/07/25,322907,8438,207,19130.74,40975.68
CMP-9799,Bimbo,YouTube Ads,Reconocimiento,18-24,07/05/25,145956,5811,539,37889.58,218582.61
CMP-2436,Banco Azteca,LinkedIn Ads,Alcance,18-24,01/10/25,381498,7265,62,20748.7,24641.81
CMP-8919,Aeroméxico,Facebook Ads,Tráfico,45-54,17/04/25,83951,6154,359,30196.98,174833.16
CMP-6654,Telcel,LinkedIn Ads,Alcance,18-24,28/09/25,314910,2159,222,34207.36,184265.08
CMP-10078,Telcel,Facebook Ads,Tráfico,55+,18/07/25,176972,3300,184,2108.01,91698.4
CMP-3596, Liverpool  ,Google Ads,Reconocimiento,18-24,07/05/25,417592,14582,443,73296.26,6408.38
CMP-7655,OnStar,LinkedIn Ads,Conversión,18-24,29/06/25,253234,11276,133,34113.75,73715.39
CMP-2237,Bimbo,TikTok Ads,Reconocimiento,55+,02/09/25,358712,1552,75,79529.02,148286.22
CMP-1792,Aeroméxico,Google Ads,Reconocimiento,55+,31/01/25,143989,9016,35,77665.24,162181.09
CMP-1789,GM Financial,LinkedIn Ads,Alcance,45-54,17/05/25,154023,3780,352,76699.47,40683.45
CMP-2251,Telcel,Google Ads,Alcance,18-24,02/06/25,433522,5510,597,37240.77,127196.5
CMP-7696,Banco Azteca,LinkedIn Ads,Leads,35-44,01/02/25,356831,11170,787,71091.03,
CMP-9396,Banco Azteca,TikTok Ads,Reconocimiento,25-34,26/05/25,203654,785,471,42881.12,97020.84
CMP-3234,Telcel,Facebook Ads,Leads,55+,17/09/25,329255,649,305,40895.07,185686.94
CMP-3262,GM Financial,INSTAGRAM ADS,Alcance,35-44,27/04/25,316560,434,241,1680.33,202323.47
CMP-3147,GM Financial,Facebook Ads,Alcance,35-44,29/04/25,414497,4420,327,,166403.88
CMP-4031,Banco Azteca,Google Ads,Tráfico,35-44,10/04/25,261904,14409,202,28385.57,53777.23
CMP-2291,Liverpool,Facebook Ads,alcance,25-34,25/05/25,282144,8138,207,37097.73,209799.81
CMP-3785,Liverpool,YouTube Ads,Alcance,35-44,16/03/25,494617,2120,133,31435.38,206253.41
CMP-3503,OnStar,YouTube Ads,Alcance,18-24,09/07/25,180692,1993,155,8172.67,92128.32
CMP-5253,Telcel,Facebook Ads,Leads,35-44,11/02/25,35716,4436,16,68203.71,146086.09
CMP-3379,Bimbo,LinkedIn Ads,alcance,25-34,08/04/25,409984,4306,607,17995.44,168462.71
CMP-2289, Telcel  ,YOUTUBE ADS,Leads,45-54,27/06/25,348591,106,106,25530.74,42594.57
CMP-2853,Liverpool,LinkedIn Ads,Reconocimiento,35-44,16/05/25,1663,1663,176,80452.59,9367.79
CMP-10396,Banco Azteca,Instagram Ads,Alcance,18-24,04/02/25,243735,3868,647,61245.84,39744.42
CMP-5766,Liverpool,YouTube Ads,Leads,18-24,19/08/25,356310,6410,428,6630.66,6851.74
CMP-3169,GM Financial,Instagram Ads,Tráfico,55+,29/01/25,51607,1001,197,46818.81,124853.82
CMP-4255,Cerveza Modelo,LinkedIn Ads,Alcance,55+,26/10/25,121122,1978,790,24224.49,65177.19
CMP-2320,Telcel,TikTok Ads,Alcance,18-24,25/06/25,344242,1793,36,46577.08,210268.04
CMP-7264,OnStar,Google Ads,alcance,45-54,20/07/25,138526,1654,10,24376.46,27654.52
CMP-10382,Cerveza Modelo,INSTAGRAM ADS,Conversión,55+,23/03/25,413708,7305,604,46015.94,112430.62
CMP-1626,Aeroméxico,Google Ads,leads,25-34,22/06/25,180879,7892,38,17581.47,61882.29
CMP-8639,Liverpool,Instagram Ads,Leads,35-44,10/06/25,464932,13349,,72322.84,137659.23
CMP-10827,Bimbo,Instagram Ads,reconocimiento,55+,04/02/25,391583,13315,281,19946.68,18447.04
CMP-4223,OnStar,Instagram Ads,Alcance,45-54,06/01/25,219516,8029,381,37704.11,38774.13
CMP-8621,Bimbo,TikTok Ads,reconocimiento,35-44,21/02/25,451373,10509,652,78711.51,218218.33
CMP-2450,OnStar,Facebook Ads,Tráfico,18-24,30/06/25,4826,808,159,57539.31,89095.13
CMP-4783,Liverpool,TikTok Ads,Conversión,25-34,29/01/25,49702,14644,750,42340.69,
CMP-10332,Banco Azteca,TikTok Ads,Alcance,45-54,05/04/25,314579,9762,346,58336.72,132526.01
CMP-3176, Telcel  ,,alcance,25-34,05/10/25,89964,5108,731,1999.26,75400.48
CMP-2456,Liverpool,YouTube Ads,leads,45-54,25/07/25,323137,2152,208,56522.76,62140.22
CMP-4135,Liverpool,Instagram Ads,Reconocimiento,55+,21/08/25,58034,8381,435,13522.88,165042.32
CMP-9288,Telcel,YouTube Ads,Tráfico,55+,31/01/25,19680,39,39,65246.84,86289.25
CMP-5960,Banco Azteca,YouTube Ads,Conversión,18-24,30/01/25,323625,11840,37,10169.65,42896.45
CMP-1779,Aeroméxico,TikTok Ads,Reconocimiento,25-34,17/08/25,72363,9015,783,68691.67,171102.88
CMP-6892,Liverpool,GOOGLE ADS,Tráfico,18-24,16/10/25,324992,6763,768,27746.55,153588.77
CMP-8065,Liverpool,YOUTUBE ADS,Conversión,55+,21/07/25,473729,4401,575,24739.5,159530.15
CMP-6257,Telcel,INSTAGRAM ADS,Tráfico,25-34,08/03/25,123108,12502,20,19340.75,38239.63
CMP-4335,GM Financial,TIKTOK ADS,Leads,35-44,19/04/25,292072,14112,51,20700.14,136766.08
CMP-3465,Banco Azteca,YouTube Ads,Leads,35-44,12/01/25,79914,1273,245,3901.15,24793.35
CMP-9142,Liverpool,LinkedIn Ads,Conversión,25-34,14/03/25,396195,2097,227,11358.59,39473.91
CMP-3210,OnStar,LinkedIn Ads,Reconocimiento,35-44,23/02/25,73644,5978,643,26552.12,196548.68
CMP-4238,GM Financial,TikTok Ads,Conversión,18-24,09/09/25,70574,172,172,7570.9,71063.71
CMP-6837,OnStar,Facebook Ads,Conversión,35-44,04/01/25,332186,8936,600,66127.4,51164.38
CMP-2634,GM Financial,TikTok Ads,Alcance,35-44,10/05/25,390701,1931,403,30941.14,
CMP-2413,OnStar,Instagram Ads,Alcance,45-54,06/06/25,493426,4110,600,,151659.83
CMP-6419,Aeroméxico,TikTok Ads,Tráfico,45-54,23/03/25,162223,4873,202,16657.84,7643.12
CMP-10091,OnStar,YOUTUBE ADS,alcance,25-34,21/07/25,233174,13535,456,6279.24,130062.71
CMP-4502,GM Financial,Google Ads,Alcance,18-24,16/06/25,457982,4085,420,26313.07,131856.16
CMP-7889,OnStar,YOUTUBE ADS,Alcance,45-54,05/07/25,45110,11662,775,29521.49,8519.43
CMP-1964,Telcel,TIKTOK ADS,Alcance,45-54,31/03/25,10089,1994,602,39852.63,195949.01
CMP-9645,Telcel,Instagram Ads,Conversión,25-34,14/05/25,463785,4602,134,51804.91,101453.06
CMP-7754,Telcel,LinkedIn Ads,Conversión,55+,09/03/25,452819,3098,260,6248.8,76530.48
CMP-6783,GM Financial,Google Ads,Tráfico,35-44,13/02/25,143116,7969,701,61678.39,63973.49
CMP-3143,Telcel,Facebook Ads,tráfico,35-44,23/04/25,492695,8435,289,63542.83,137427.19
CMP-2534,OnStar,LinkedIn Ads,Alcance,25-34,02/05/25,226306,10615,662,56819.51,45236.76
CMP-8155,Cerveza Modelo,LinkedIn Ads,Leads,45-54,30/06/25,299497,5243,331,60937.68,136579.16
CMP-9721,Liverpool,Google Ads,reconocimiento,35-44,02/03/25,225865,2964,543,47314.99,69133.23
CMP-1829,Liverpool,Instagram Ads,Conversión,35-44,18/09/25,368699,593,238,67914.09,79543.58
CMP-10300,Bimbo,Facebook Ads,Conversión,55+,03/04/25,163859,10416,98,76034.92,143539.98
CMP-8121,Liverpool,Facebook Ads,Leads,55+,15/08/25,485605,14772,488,,59328.32
CMP-2557,Banco Azteca,TikTok Ads,Reconocimiento,18-24,24/01/25,491829,8162,339,42662.57,
CMP-1302,Telcel,YouTube Ads,Conversión,25-34,04/06/25,391906,14577,101,53809.16,148724.07
CMP-1440,Telcel,Instagram Ads,Alcance,35-44,05/08/25,440106,8042,55,21748.17,90184.7
CMP-1240,Banco Azteca,YouTube Ads,Leads,45-54,12/06/25,433192,8598,187,63188.89,129748.37
CMP-10987,Banco Azteca,Google Ads,Tráfico,55+,23/05/25,499715,14174,659,11519.63,120223.02
CMP-10268,Telcel,YouTube Ads,Tráfico,25-34,07/05/25,336876,113,113,42288,74266.08
CMP-8679,Aeroméxico,YouTube Ads,Reconocimiento,45-54,01/05/25,323138,2820,752,24557.81,
CMP-3360,Bimbo,LinkedIn Ads,Conversión,18-24,11/05/25,399690,12286,15,53837.91,75683.85
CMP-10926,Cerveza Modelo,Google Ads,Reconocimiento,18-24,02/09/25,325067,3517,709,,205042.86
CMP-1051,Bimbo,TikTok Ads,Conversión,45-54,17/09/25,425960,9373,131,6280.21,156631.78
CMP-8253,Cerveza Modelo,Facebook Ads,Reconocimiento,18-24,27/02/25,161217,6070,584,26541.78,144909.08
CMP-9285,Telcel,Instagram Ads,Tráfico,45-54,22/02/25,474069,9384,792,65106.94,23900.92
CMP-3747,Bimbo,TikTok Ads,Leads,55+,09/04/25,256038,7099,294,66990.85,14227.15
CMP-5541,Liverpool,TikTok Ads,Alcance,18-24,03/08/25,463428,5665,451,6291.28,206988.88
CMP-3904,Cerveza Modelo,TikTok Ads,Leads,25-34,04/10/25,131516,14241,658,24483.1,164687.83
CMP-2779,GM Financial,TikTok Ads,Leads,18-24,20/09/25,220175,14982,106,77065.25,135584.59
CMP-6887,Banco Azteca,Google Ads,Alcance,35-44,19/07/25,332133,9647,229,8028.64,120689.09
CMP-1826,Aeroméxico,YouTube Ads,Tráfico,35-44,10/06/25,459018,12632,513,16683.37,9283.52
CMP-8702,Aeroméxico,Instagram Ads,Reconocimiento,,16/04/25,378811,11404,,52577.75,168904.82
CMP-8233,Cerveza Modelo,Facebook Ads,Tráfico,25-34,14/08/25,451019,4876,132,15006.11,104743.35
CMP-8568,Cerveza Modelo,Instagram Ads,Reconocimiento,45-54,04/02/25,421607,10533,572,79626.04,
CMP-9898,Cerveza Modelo,TikTok Ads,Tráfico,55+,18/09/25,75247,4844,704,3824.34,160344.45
CMP-4339, GM Financial  ,YouTube Ads,Alcance,45-54,09/02/25,232155,3923,171,61452.18,117231.1
CMP-2882,Aeroméxico,LinkedIn Ads,Conversión,25-34,27/10/25,346043,6115,487,69873.06,75412.64
CMP-7743,GM Financial,TikTok Ads,conversión,45-54,08/03/25,170777,2907,326,9486.19,190948.25
CMP-9096,OnStar,Instagram Ads,Reconocimiento,35-44,22/04/25,296078,2357,622,,78874.01
CMP-3614,OnStar,YouTube Ads,Leads,18-24,06/03/25,70194,5005,452,67217.11,161709.13
CMP-3450,Aeroméxico,LinkedIn Ads,Leads,35-44,10/10/25,267165,6043,709,,179178.66
CMP-1799,Telcel,Facebook Ads,Leads,45-54,16/03/25,486110,9625,765,44177.69,37419.75
CMP-7787,Cerveza Modelo,Instagram Ads,Conversión,35-44,07/07/25,274217,4567,705,80940.15,137642.08
CMP-7002,Bimbo,Facebook Ads,Alcance,45-54,03/05/25,90527,6208,771,26627.77,215549.35
CMP-4348,Cerveza Modelo,LinkedIn Ads,Alcance,18-24,10/02/25,174940,5751,123,56474.78,168376.25
CMP-1771,Bimbo,Google Ads,reconocimiento,45-54,24/08/25,151939,9447,389,48234.49,204381.09
CMP-4058,GM Financial,LinkedIn Ads,Alcance,35-44,20/10/25,214845,5445,436,,158342
CMP-9143,Cerveza Modelo,TikTok Ads,Leads,35-44,13/05/25,352155,7758,48,16114.95,145483.28
CMP-6273,Banco Azteca,TikTok Ads,Conversión,18-24,03/09/25,405896,13462,359,,4408.39
CMP-1319, Banco Azteca  ,LinkedIn Ads,Conversión,45-54,02/04/25,33453,6824,677,41500.54,69707.26
CMP-7518,Aeroméxico,LinkedIn Ads,reconocimiento,55+,15/06/25,221841,11871,640,70517.27,93913.34
CMP-4580,Liverpool,YouTube Ads,Reconocimiento,45-54,25/08/25,294267,4858,314,44865.79,204741.61
CMP-9361,Aeroméxico,FACEBOOK ADS,Alcance,25-34,06/07/25,156533,12349,477,45943.36,91945.54
CMP-7645,OnStar,YouTube Ads,Reconocimiento,18-24,06/03/25,108252,12897,526,59392.13,184818.47
CMP-2293,OnStar,INSTAGRAM ADS,Leads,35-44,03/01/25,211654,1138,103,76465.95,18649.63
CMP-9061,Aeroméxico,YouTube Ads,Conversión,45-54,04/04/25,144536,5745,47,11302.28,187967.27
CMP-10381,Liverpool,FACEBOOK ADS,Conversión,55+,21/01/25,100965,13209,601,51948.5,112758.5
CMP-3714,GM Financial,Facebook Ads,Leads,,12/10/25,141503,8818,376,27294.47,86278.9
CMP-1315,Bimbo,Facebook Ads,Reconocimiento,55+,20/01/25,161735,2226,627,1706.12,146305.27
CMP-8982,Banco Azteca,TikTok Ads,Conversión,,29/08/25,20003,3395,158,24134.6,53647.68
CMP-8761,Liverpool,TikTok Ads,Alcance,45-54,13/10/25,234314,11770,267,25754.69,61195.04
CMP-10005,GM Financial,Instagram Ads,Alcance,45-54,14/04/25,143002,96,17,13051.94,203505.08
CMP-4310,GM Financial,Instagram Ads,reconocimiento,,26/04/25,490935,12383,272,,141590.03
CMP-6545,OnStar,Google Ads,Alcance,35-44,04/10/25,358046,14301,629,16709.97,13902.22
CMP-5424,OnStar,Google Ads,Alcance,25-34,27/08/25,430475,3799,394,13511.02,177141.51
CMP-9147,Telcel,YouTube Ads,Leads,25-34,29/09/25,258474,14213,650,75518.46,87650.15
CMP-10785, Bimbo  ,LinkedIn Ads,Leads,55+,31/08/25,404212,204,139,48071.21,169670.28
CMP-8904,Telcel,Facebook Ads,Alcance,25-34,20/04/25,42334,9361,290,7929.08,155372.31
CMP-10258,Cerveza Modelo,Google Ads,Reconocimiento,25-34,04/06/25,41351,9530,467,81132.82,16044.04
CMP-4336,OnStar,YouTube Ads,Reconocimiento,45-54,07/07/25,286965,5856,149,17242.33,87460.05
CMP-1889,OnStar,Google Ads,Reconocimiento,18-24,16/10/25,469653,4904,95,44309.9,33582.82
CMP-7717,Aeroméxico,YouTube Ads,Alcance,25-34,27/07/25,377977,5155,400,20509.73,89553.47
CMP-9910,Aeroméxico,LinkedIn Ads,Reconocimiento,25-34,22/06/25,487727,9982,224,33510.09,70528.03
CMP-5474,OnStar,Google Ads,Alcance,18-24,03/09/25,103741,9628,721,72577.83,149264.98
CMP-4253,Bimbo,YOUTUBE ADS,Conversión,25-34,30/09/25,486278,4498,752,55054.68,170929.38
CMP-7866,Aeroméxico,LinkedIn Ads,Conversión,35-44,11/03/25,466774,7165,458,21441.03,98060.85
CMP-1090,GM Financial,Facebook Ads,Conversión,55+,02/02/25,159871,12849,523,83870.24,25589.44
CMP-7933,Liverpool,LinkedIn Ads,Reconocimiento,55+,20/08/25,292177,4673,667,5877.22,159566.3
CMP-7498,Aeroméxico,Google Ads,Reconocimiento,35-44,08/07/25,85589,11862,364,,123283.22
CMP-10528,OnStar,Facebook Ads,Reconocimiento,18-24,22/03/25,141559,11213,600,35469.23,186800.65
CMP-10543,Telcel,Google Ads,Leads,45-54,08/10/25,305072,1562,420,82789.02,138556.35
CMP-8291,Aeroméxico,YouTube Ads,Reconocimiento,35-44,13/08/25,14014,12978,547,17068.88,195441.96
CMP-6897,Liverpool,Google Ads,Reconocimiento,45-54,10/10/25,121993,2263,433,27172.88,6799.43
CMP-5280,Banco Azteca,YouTube Ads,Leads,45-54,20/10/25,385001,13667,113,37908.67,166180.26
CMP-7075,Cerveza Modelo,INSTAGRAM ADS,Leads,55+,18/02/25,454884,2942,652,64826.16,159806.48
CMP-8861,Aeroméxico,Instagram Ads,Conversión,25-34,24/08/25,204512,297,42,37484.12,135374.51
CMP-2165,GM Financial,FACEBOOK ADS,reconocimiento,25-34,17/08/25,79255,3040,,83693.52,135727.89
CMP-4420,GM Financial,,Alcance,,20/02/25,83915,7145,58,50274.16,125512.14
CMP-6068,Aeroméxico,LinkedIn Ads,Tráfico,35-44,23/09/25,497761,2434,279,14267.86,
CMP-3892,Cerveza Modelo,Google Ads,Leads,25-34,21/10/25,432101,4169,571,36831.43,82733.14
CMP-1363,Bimbo,YouTube Ads,Leads,45-54,27/08/25,125614,14792,438,48353.45,159078.02
CMP-5763,Aeroméxico,LinkedIn Ads,Reconocimiento,55+,29/05/25,148848,6449,420,52657.63,109657.59
CMP-9372,OnStar,Instagram Ads,Leads,25-34,07/08/25,151594,9763,190,27197.32,128895.88
CMP-10050,Bimbo,Instagram Ads,Reconocimiento,,11/08/25,186317,8930,504,34640.75,52223.93
CMP-8607,Banco Azteca,Instagram Ads,Alcance,25-34,14/06/25,441247,989,299,15151.65,189901.03
CMP-10350, OnStar  ,YouTube Ads,Conversión,45-54,06/10/25,356583,12448,709,70587.3,28471.52
CMP-8446,Bimbo,YouTube Ads,Alcance,55+,05/03/25,164987,13500,112,54875.74,124214.54
CMP-3069, GM Financial  ,Facebook Ads,Alcance,45-54,30/08/25,200562,8244,545,-4640.27,64944.43
CMP-5903,Cerveza Modelo,Facebook Ads,Conversión,18-24,04/02/25,98065,10581,220,45850.37,7346.7
CMP-4924,Telcel,Google Ads,Reconocimiento,45-54,14/04/25,115314,4559,776,18630.73,141010.49
CMP-9591,Cerveza Modelo,YouTube Ads,tráfico,,12/02/25,106030,4669,441,63972.4,147246.14
CMP-10535,Liverpool,Facebook Ads,Leads,,28/01/25,499784,3337,788,47925.81,50121.13
CMP-3523,Bimbo,,Tráfico,55+,20/07/25,333149,9941,21,59227.72,52821.59
CMP-9986,Bimbo,Google Ads,Conversión,25-34,08/08/25,494270,7538,540,66789.2,31877.07
CMP-7284,Banco Azteca,Instagram Ads,Conversión,18-24,05/08/25,257668,4390,276,47656.29,173872.21
CMP-9561,Aeroméxico,YouTube Ads,Alcance,35-44,30/03/25,462264,342,209,47108.07,139396.52
CMP-7936,Banco Azteca,GOOGLE ADS,Alcance,35-44,14/07/25,137187,680,242,57741.92,176019.27
CMP-10435,Cerveza Modelo,TikTok Ads,Leads,45-54,28/09/25,268445,6520,651,30724.79,209493.27
CMP-4700,GM Financial,Facebook Ads,Reconocimiento,25-34,01/08/25,123780,14184,707,73440.02,102771.39
CMP-2355,Telcel,Google Ads,Tráfico,25-34,09/06/25,385317,13607,247,28780.12,
CMP-4889,OnStar,Facebook Ads,Conversión,55+,21/10/25,357983,5585,798,40477.59,84932.28
CMP-6395,Aeroméxico,Instagram Ads,Reconocimiento,55+,31/05/25,313356,4255,328,49858.21,19245.59
CMP-2036,Telcel,Instagram Ads,Leads,25-34,06/04/25,88791,3435,29,52043.37,122371.16
CMP-10259,Banco Azteca,Google Ads,leads,25-34,02/09/25,214952,2572,681,7575.71,198724.8
CMP-9244,Aeroméxico,YouTube Ads,reconocimiento,18-24,10/10/25,219313,8609,651,12427.81,217868.15
CMP-8597,Liverpool,TikTok Ads,Alcance,55+,22/07/25,73597,2468,675,74216.32,207674.15
CMP-10542,Liverpool,YouTube Ads,Tráfico,45-54,20/02/25,263736,13248,534,70662.59,75825.36
CMP-6802,Bimbo,Instagram Ads,Reconocimiento,18-24,17/04/25,451835,4410,659,21917,98184.8
CMP-7138,Telcel,LINKEDIN ADS,Tráfico,18-24,30/01/25,421163,2717,373,23235.79,94274.82
CMP-10581,Banco Azteca,YouTube Ads,tráfico,45-54,08/05/25,2639,2639,545,65791.37,176367.05
CMP-1628,Bimbo,Instagram Ads,Leads,55+,17/09/25,42393,9645,247,76787.28,189788.35
CMP-10503,Aeroméxico,Google Ads,Reconocimiento,25-34,02/03/25,457068,9092,400,78244.58,41799.36
CMP-2211, OnStar  ,TikTok Ads,Reconocimiento,35-44,18/04/25,224196,14706,77,30408.32,6469.17
CMP-3418,Liverpool,FACEBOOK ADS,Alcance,25-34,11/10/25,155495,14258,267,55693.4,186608.33
CMP-10803,Telcel,LINKEDIN ADS,Reconocimiento,35-44,19/01/25,260964,14004,416,36910.63,200271.33
CMP-3877, OnStar  ,LinkedIn Ads,leads,,06/09/25,499250,7012,447,80176.5,36776.75
CMP-3157,Liverpool,Google Ads,Conversión,18-24,31/05/25,229319,238,238,25904.85,173425.85
CMP-4023,Bimbo,YouTube Ads,Alcance,45-54,05/06/25,57563,3237,472,13407.63,19963.01
CMP-3321,OnStar,Google Ads,Leads,18-24,25/03/25,185061,5979,82,27641.13,7168.88
CMP-9733,Banco Azteca,Google Ads,Leads,25-34,21/03/25,183740,11577,418,35040.69,159337.44
CMP-7367,OnStar,TIKTOK ADS,Reconocimiento,25-34,13/01/25,296105,3727,258,1190.28,93374.4
CMP-8899,Liverpool,Instagram Ads,Leads,18-24,28/09/25,163295,8863,56,29824.11,40188.65
CMP-9578,Aeroméxico,YouTube Ads,Reconocimiento,55+,15/02/25,117241,11820,237,84884.14,42458.04
CMP-1752,Telcel,LinkedIn Ads,Alcance,55+,27/03/25,404833,741,2,,105876.04
CMP-10037,GM Financial,Google Ads,Tráfico,25-34,27/03/25,336577,9981,242,49094.95,143124.33
CMP-6455,GM Financial,LinkedIn Ads,Tráfico,45-54,06/06/25,271099,4177,112,48925.83,38757.94
CMP-2056,Aeroméxico,Instagram Ads,Conversión,35-44,16/07/25,299954,13144,270,58548.3,128094.21
CMP-10472,GM Financial,TikTok Ads,Alcance,25-34,20/04/25,149973,8465,311,12198.18,18667.22
CMP-6854,Cerveza Modelo,Facebook Ads,Alcance,18-24,07/09/25,322681,14855,300,51304.01,154137.39
CMP-7353,Cerveza Modelo,Facebook Ads,Reconocimiento,45-54,07/03/25,413819,6188,81,63564.75,
CMP-6821,Liverpool,Instagram Ads,Tráfico,18-24,29/04/25,124728,4035,322,73045.92,131568.55
CMP-1373,Banco Azteca,Instagram Ads,Conversión,45-54,11/07/25,478581,12393,,23642.81,36018.08
CMP-4560, Banco Azteca  ,TikTok Ads,Conversión,35-44,15/09/25,228343,10289,,70231.45,218716.69
CMP-4282,Cerveza Modelo,Facebook Ads,Tráfico,18-24,01/04/25,283149,12303,788,,88039.83
CMP-10285,Aeroméxico,Instagram Ads,Alcance,35-44,27/05/25,162899,5537,421,77972.59,102655.19
CMP-10369,Liverpool,Instagram Ads,Reconocimiento,35-44,21/07/25,354222,3143,44,48634.06,27983.38
CMP-3739, OnStar  ,LINKEDIN ADS,Reconocimiento,55+,07/05/25,64912,8634,748,83613.99,166785.09
CMP-5687,GM Financial,YOUTUBE ADS,Tráfico,55+,23/10/25,282119,4173,80,11477.87,182289.26
CMP-2452,GM Financial,LinkedIn Ads,conversión,25-34,15/02/25,38227,11672,27,12160.95,68358.22
CMP-3283,Bimbo,LinkedIn Ads,Conversión,35-44,16/02/25,69367,1068,766,33537.24,
CMP-3297,Banco Azteca,Instagram Ads,Reconocimiento,25-34,17/07/25,294212,13190,449,27775.63,152163.76
CMP-10039, Cerveza Modelo  ,LinkedIn Ads,Conversión,25-34,05/04/25,409088,7255,754,50215.01,164686.34
CMP-10469,Bimbo,Facebook Ads,Alcance,55+,14/01/25,219091,6706,408,47997.25,74357.5
CMP-7567,OnStar,Facebook Ads,leads,45-54,25/01/25,225372,4070,1,68436.08,179901.53
CMP-6979,Banco Azteca,Facebook Ads,Alcance,18-24,18/06/25,277063,3015,283,39672.64,
CMP-3531,Bimbo,Instagram Ads,Alcance,55+,04/01/25,131851,2210,634,82897.65,15184.19
CMP-4455, Telcel  ,Google Ads,Reconocimiento,18-24,16/10/25,305280,5459,146,66660.39,107104.51
CMP-5602,Telcel,LinkedIn Ads,Conversión,,11/04/25,459558,226,226,70389.07,213332.38
CMP-9684,Aeroméxico,Google Ads,Leads,55+,24/06/25,25496,10759,359,,189566.52
CMP-1360,Telcel,Facebook Ads,Reconocimiento,45-54,27/02/25,303237,13087,25,1506.51,21124.77
CMP-8204, Liverpool  ,GOOGLE ADS,Leads,35-44,03/09/25,218455,4715,683,5173.95,20195.35
CMP-10016,Bimbo,Instagram Ads,Alcance,18-24,14/06/25,162298,2245,436,36924.91,162737.99
CMP-2681,Bimbo,Facebook Ads,Alcance,35-44,16/05/25,92277,1860,519,49942.37,154773.97
CMP-6818,Bimbo,LinkedIn Ads,Alcance,25-34,24/09/25,396079,308,308,29923.65,169876.94
CMP-9340,Banco Azteca,Facebook Ads,Conversión,35-44,19/09/25,255402,474,474,43298.85,145759.05
CMP-1880,Aeroméxico,LinkedIn Ads,tráfico,25-34,08/02/25,272895,11369,212,44639.72,39007.15
CMP-7029,Cerveza Modelo,FACEBOOK ADS,Alcance,18-24,12/03/25,18949,7106,210,77423.63,186121.81
CMP-1894,OnStar,Google Ads,Tráfico,45-54,16/10/25,395615,7746,746,25505.68,46867.84
CMP-3226,Aeroméxico,YouTube Ads,Alcance,45-54,20/01/25,287317,6487,160,8530.72,130522.21
CMP-10699, Liverpool  ,,Alcance,25-34,16/02/25,125751,12690,575,64246.31,39636.01
CMP-3313,GM Financial,Google Ads,Conversión,25-34,07/10/25,156821,12697,706,36906.37,151208.34
CMP-5855,Telcel,Facebook Ads,Reconocimiento,55+,17/05/25,205793,10020,454,10296.9,198331.68
CMP-6912,Banco Azteca,YOUTUBE ADS,Alcance,18-24,20/08/25,470410,6534,482,30412.04,123329.61
CMP-5677,GM Financial,Facebook Ads,Conversión,35-44,13/08/25,232122,8279,132,27378.93,123817.74
CMP-4069, Banco Azteca  ,TikTok Ads,Reconocimiento,35-44,17/08/25,25960,13007,626,7447.11,162154.83
CMP-7501,Cerveza Modelo,TikTok Ads,Alcance,55+,24/08/25,279692,5622,248,2936.81,204700.16
CMP-2599,Liverpool,LinkedIn Ads,Leads,45-54,19/08/25,481894,1014,325,6133.33,20273.64
CMP-8249,Aeroméxico,TikTok Ads,Reconocimiento,45-54,28/08/25,134762,1957,340,17362.4,219627.68
CMP-10159,Cerveza Modelo,Instagram Ads,Alcance,55+,27/03/25,63720,4681,226,66885.94,55948.76
CMP-5950,Banco Azteca,TIKTOK ADS,Conversión,18-24,16/01/25,483911,14158,518,34509.33,67474.01
CMP-1209,Aeroméxico,TIKTOK ADS,Reconocimiento,25-34,09/04/25,404942,14164,694,59406.24,141864.57
CMP-4085,Bimbo,FACEBOOK ADS,Reconocimiento,55+,03/01/25,359759,1595,252,77891.26,150923.36
CMP-7391,OnStar,TIKTOK ADS,Conversión,55+,14/08/25,423556,9,9,23168.49,212133
CMP-1906,Liverpool,Facebook Ads,Leads,55+,03/07/25,233379,9744,140,70833.6,179795.67
CMP-5212,Aeroméxico,YouTube Ads,Alcance,45-54,29/09/25,59575,9720,319,40405.64,
CMP-5890,Bimbo,Google Ads,Conversión,45-54,16/03/25,466516,192,192,25941.65,141778.45
CMP-9334,Cerveza Modelo,Facebook Ads,Conversión,45-54,04/10/25,346218,3474,53,71411.43,183542.08
CMP-10460, Cerveza Modelo  ,Instagram Ads,Conversión,25-34,11/09/25,147110,5385,598,71386.48,59714.77
CMP-4230, Liverpool  ,Instagram Ads,Conversión,55+,28/08/25,61610,8308,575,1547.78,
CMP-2687,Cerveza Modelo,Google Ads,Leads,45-54,14/10/25,409002,4199,599,44051.54,15461.3
CMP-8393,OnStar,YouTube Ads,Conversión,35-44,24/02/25,409201,1464,274,37300.69,
CMP-7603,OnStar,Instagram Ads,Tráfico,55+,28/02/25,271025,2585,792,50424.39,8642.2
CMP-1180, Banco Azteca  ,Instagram Ads,Tráfico,35-44,09/06/25,122498,14606,187,5904.16,128135.96
CMP-6893,Liverpool,YouTube Ads,Alcance,45-54,18/01/25,198579,7472,532,53481.92,1204.03
CMP-5947,Cerveza Modelo,Facebook Ads,Reconocimiento,55+,01/02/25,48894,959,722,4067.29,115085.99
CMP-5636,Cerveza Modelo,YouTube Ads,Tráfico,35-44,26/04/25,154584,3224,,20604.97,135896.13
CMP-6924,Banco Azteca,LinkedIn Ads,Alcance,25-34,11/09/25,385164,8884,252,60994.03,98926.05
CMP-8931, Banco Azteca  ,TikTok Ads,tráfico,55+,16/07/25,470301,8721,452,32116.37,51461.86
CMP-3144,Cerveza Modelo,FACEBOOK ADS,Alcance,45-54,02/05/25,368708,1345,305,33486.59,217509.05
CMP-4568,Liverpool,YOUTUBE ADS,Conversión,35-44,05/09/25,57358,5395,752,8333.94,191693.33
CMP-4655,Telcel,LinkedIn Ads,Reconocimiento,55+,19/05/25,354993,13123,,78771.75,188651.62
CMP-4440, OnStar  ,Instagram Ads,Leads,25-34,03/01/25,84914,10388,87,64863.65,72875.22
CMP-5804,GM Financial,,Conversión,55+,04/09/25,127434,7886,205,24859.07,87575.96
CMP-4702,Bimbo,Google Ads,Alcance,35-44,06/01/25,439382,5281,610,28211,10551.01
CMP-5348,Banco Azteca,LinkedIn Ads,Tráfico,45-54,10/09/25,278455,5333,582,66490.13,
CMP-6683,Telcel,LinkedIn Ads,Tráfico,45-54,11/02/25,411948,12004,310,79975.77,40554.18
CMP-6878,OnStar,LinkedIn Ads,Alcance,25-34,27/03/25,102924,2369,790,6475.73,151823.71
CMP-9008,Aeroméxico,LinkedIn Ads,Reconocimiento,18-24,24/10/25,447065,11512,745,16565.43,124559.56
CMP-8893,Telcel,YouTube Ads,Tráfico,35-44,16/04/25,119388,13509,284,12637.06,147542.71
CMP-5995,Liverpool,Instagram Ads,conversión,55+,04/09/25,434358,11701,217,77601.27,18996.29
CMP-6099,Banco Azteca,,alcance,25-34,26/09/25,380098,11916,766,24981.63,82865.81
CMP-2541,Liverpool,Facebook Ads,Alcance,18-24,02/07/25,302178,11534,629,58895.94,81229.17
CMP-8725,Aeroméxico,Facebook Ads,Leads,45-54,18/08/25,89510,2428,50,4182.43,139269.42
CMP-9357,Bimbo,LinkedIn Ads,Conversión,45-54,05/05/25,363549,12895,284,64504.36,166766.57
CMP-3488,Banco Azteca,GOOGLE ADS,Tráfico,45-54,08/07/25,416419,12649,459,25442.2,12102.13
CMP-2856,OnStar,TikTok Ads,Alcance,18-24,26/09/25,490920,11404,272,31501.39,50058.86
CMP-5701,Aeroméxico,Facebook Ads,Leads,35-44,06/04/25,479280,2706,166,48391.55,9497.02
CMP-2347,Banco Azteca,TikTok Ads,Leads,45-54,07/07/25,16291,9543,472,9931.62,32033.35
CMP-3402,OnStar,LinkedIn Ads,Alcance,35-44,01/02/25,119990,2650,674,49385.01,71451.57
CMP-7811, Cerveza Modelo  ,TIKTOK ADS,Tráfico,25-34,26/07/25,54529,5170,9,61136.23,185654.41
CMP-10378,Telcel,Instagram Ads,Reconocimiento,35-44,31/08/25,174590,581,13,48446.03,180391.96
CMP-10562,Aeroméxico,Instagram Ads,Leads,55+,06/08/25,107501,11926,680,62639.09,6836.59
CMP-2609,Aeroméxico,YouTube Ads,Tráfico,18-24,14/07/25,314166,14973,451,58624.5,74569.79
CMP-8110,Bimbo,TikTok Ads,Reconocimiento,55+,13/09/25,439184,7036,106,3291.27,12820.89
CMP-4206,Bimbo,LinkedIn Ads,Leads,25-34,10/06/25,299487,10811,129,74482.17,96797.62
CMP-1837,Banco Azteca,Google Ads,Conversión,45-54,30/09/25,207846,11233,,1471.39,61932.41
CMP-10214, Aeroméxico  ,LinkedIn Ads,Conversión,45-54,04/08/25,452608,14707,202,21670.55,117747.76
CMP-9231,Banco Azteca,YouTube Ads,Conversión,35-44,24/05/25,115656,1232,280,8194.99,25770.1
CMP-1162,Bimbo,LinkedIn Ads,Leads,45-54,22/10/25,410604,2006,201,,139432.47
CMP-7537,Telcel,Instagram Ads,Conversión,35-44,28/09/25,180295,9765,51,65247.05,60014.81
CMP-3083, Banco Azteca  ,YouTube Ads,alcance,35-44,11/04/25,431017,9165,616,12364.44,170584.89
CMP-8220, OnStar  ,TikTok Ads,Tráfico,55+,07/10/25,6586,1118,68,77070.36,61506.34
CMP-9850,Telcel,Google Ads,Leads,55+,05/05/25,88738,9105,787,,4956.27
CMP-3832,Aeroméxico,Facebook Ads,Tráfico,25-34,09/09/25,182708,7590,394,,82416.79
CMP-2621,GM Financial,YouTube Ads,Alcance,45-54,05/03/25,303707,12191,223,77545.07,50027.9
CMP-9512,Aeroméxico,LinkedIn Ads,Leads,55+,25/01/25,414957,8798,467,28272.36,11827.91
CMP-5952,Liverpool,YouTube Ads,Conversión,35-44,08/09/25,398991,5570,710,55889.3,31027.88
CMP-1062, Bimbo  ,Instagram Ads,Conversión,25-34,23/10/25,317375,10410,678,68780.24,2421.58
CMP-3592, Bimbo  ,Google Ads,Leads,18-24,05/05/25,425289,14434,556,70294.08,149385.47
CMP-7056,Banco Azteca,,Conversión,45-54,15/04/25,57264,8223,127,56741.87,164284.03
CMP-1200,Telcel,YouTube Ads,Tráfico,45-54,27/05/25,339438,4801,780,67855.23,214450.46
CMP-3871,Liverpool,Facebook Ads,Reconocimiento,55+,16/08/25,466808,5617,579,62239.45,196949.89
CMP-2369,Bimbo,,Reconocimiento,45-54,21/08/25,391916,1387,16,29632.7,42400.04
CMP-10999,Cerveza Modelo,YouTube Ads,Conversión,35-44,15/07/25,297136,13641,279,3521.87,86948.25
CMP-5190,Bimbo,Google Ads,Conversión,55+,01/08/25,380745,14566,578,27258.31,66209.09
CMP-2375,Bimbo,TikTok Ads,Tráfico,55+,21/08/25,477792,1029,749,17275.68,138641.18
CMP-9384, Bimbo  ,Google Ads,Reconocimiento,55+,02/03/25,83228,14336,391,15466.24,126868.28
CMP-8326,OnStar,Instagram Ads,Tráfico,18-24,05/10/25,57468,8962,200,73011.49,30169
CMP-3404, OnStar  ,YouTube Ads,Tráfico,35-44,20/01/25,302683,3101,331,1716.51,41287.08
CMP-6380,Liverpool,Instagram Ads,Tráfico,35-44,06/07/25,407586,13283,159,53151.72,109604.84
CMP-1234,Telcel,INSTAGRAM ADS,Tráfico,55+,11/09/25,167559,4325,669,35648.82,151411.48
CMP-3436,Telcel,TikTok Ads,Reconocimiento,35-44,08/01/25,11234,6958,352,72753.27,95757.76
CMP-5429,Bimbo,TIKTOK ADS,Tráfico,45-54,29/08/25,457726,8126,693,44723.74,16039.29
CMP-8494, GM Financial  ,LinkedIn Ads,Alcance,35-44,08/01/25,281828,5676,192,31160.55,45175.32
CMP-6420,Liverpool,Google Ads,Tráfico,35-44,11/07/25,297562,9880,207,37190.43,8566.89
CMP-2711, Bimbo  ,TikTok Ads,Reconocimiento,55+,06/10/25,364873,743,648,59070.79,128649.67
CMP-3796, GM Financial  ,Facebook Ads,Reconocimiento,25-34,02/05/25,184586,6916,86,80213.6,161524.28
CMP-4305,OnStar,YouTube Ads,Tráfico,45-54,01/04/25,350575,11719,117,5438.04,178507.55
CMP-7456,OnStar,TikTok Ads,Tráfico,45-54,03/01/25,126808,1031,797,34652.35,95015.01
CMP-5518,Aeroméxico,Instagram Ads,Conversión,35-44,22/01/25,404120,11431,373,31055.15,21243.47
CMP-5075,Liverpool,,Reconocimiento,35-44,04/08/25,90001,2741,106,17133.57,11102.09
CMP-3884,Bimbo,LinkedIn Ads,Reconocimiento,45-54,27/08/25,278738,3548,574,24950.54,
CMP-9882,Telcel,LinkedIn Ads,Conversión,45-54,19/08/25,321627,5115,323,44601.62,18227.09
CMP-6640, Banco Azteca  ,Google Ads,Alcance,25-34,10/02/25,188268,13321,761,37788.08,1316.88
CMP-6549,Banco Azteca,Google Ads,Tráfico,55+,17/06/25,485668,607,131,4736.21,72435.25
CMP-6551,OnStar,TikTok Ads,Reconocimiento,25-34,06/03/25,123712,14268,403,40936.69,
CMP-7665,Telcel,YouTube Ads,Conversión,45-54,08/02/25,50125,13838,437,82778.41,11692.78
CMP-1123,Aeroméxico,YouTube Ads,Leads,25-34,13/01/25,46869,11097,173,35152.29,156015.55
CMP-7452,OnStar,Instagram Ads,Leads,25-34,05/05/25,457115,3179,226,12892.12,129923.1
CMP-9293,Cerveza Modelo,TikTok Ads,Leads,18-24,10/01/25,74716,12762,288,59902.96,46349.18
CMP-1582, Aeroméxico  ,FACEBOOK ADS,Conversión,45-54,31/07/25,118555,9564,781,17971.41,174546.61
CMP-8002,Liverpool,Google Ads,Tráfico,18-24,14/04/25,327241,10627,128,33397.97,37092.93
CMP-8412,Banco Azteca,YouTube Ads,Reconocimiento,18-24,03/10/25,114829,5120,431,68339.02,194917.69
CMP-7393,OnStar,Facebook Ads,Conversión,35-44,08/02/25,440459,10465,603,36363.96,141658.27
CMP-2515,Cerveza Modelo,YOUTUBE ADS,Leads,45-54,21/09/25,238677,14227,453,48230.2,27042.35
CMP-2432,Aeroméxico,TIKTOK ADS,Reconocimiento,18-24,12/06/25,79209,11952,398,42133.47,185843.12
CMP-3818,Bimbo,TikTok Ads,Leads,55+,11/02/25,82314,4085,729,15810.81,31176.66
CMP-4847,Bimbo,LinkedIn Ads,Leads,18-24,07/09/25,131502,5573,125,11045.91,83770
CMP-9013,Liverpool,Google Ads,Leads,55+,05/06/25,202123,631,36,,134407.38
CMP-7361,Aeroméxico,Facebook Ads,Conversión,55+,13/04/25,311970,9249,234,20291.54,80386.37
CMP-1648,OnStar,YouTube Ads,Tráfico,25-34,07/03/25,60257,364,96,23578.35,206406.97
CMP-1292,Liverpool,Instagram Ads,Reconocimiento,18-24,08/10/25,385524,10640,464,54922.69,88103.16
CMP-8710,Bimbo,YouTube Ads,Conversión,18-24,19/05/25,84892,2117,726,46539.97,
CMP-8099,Cerveza Modelo,YouTube Ads,Leads,55+,01/05/25,198241,12228,588,13054.83,134661.15
CMP-10853,OnStar,LinkedIn Ads,Leads,25-34,12/09/25,324608,3946,27,38697.52,164856.27
CMP-6720,GM Financial,TikTok Ads,leads,45-54,24/02/25,436944,14955,635,45217.56,78168.59
CMP-9049, Telcel  ,TikTok Ads,Alcance,55+,19/05/25,115684,13196,383,27519.26,89214.07
CMP-6620,Aeroméxico,Facebook Ads,Reconocimiento,18-24,29/06/25,470768,270,196,66077.09,212382.38
CMP-4608, Bimbo  ,Facebook Ads,Alcance,35-44,16/02/25,152899,3324,155,,8613.92
CMP-3424,GM Financial,,Leads,45-54,07/04/25,400592,7842,5,32775.55,156892.74
CMP-9297,Cerveza Modelo,LinkedIn Ads,Leads,18-24,07/06/25,420550,9325,121,42092.91,177628.96
CMP-1033,GM Financial,YouTube Ads,Conversión,35-44,15/05/25,431138,13531,300,54349.51,98854.99
CMP-4050,Bimbo,YouTube Ads,Conversión,18-24,11/01/25,315390,7904,425,70469.11,
CMP-5979,Liverpool,YouTube Ads,Tráfico,,13/02/25,34010,3832,783,19634.12,84155.98
CMP-4428,Aeroméxico,TikTok Ads,Leads,35-44,17/07/25,53727,37,37,72534.55,79662.8
CMP-8083,Telcel,Google Ads,Tráfico,45-54,24/10/25,375360,11351,679,3549.26,25285.34
CMP-5194, Banco Azteca  ,YouTube Ads,Conversión,25-34,14/02/25,180929,4566,62,22620.31,94783.69
CMP-9626,OnStar,YouTube Ads,reconocimiento,35-44,02/03/25,389917,426,369,53761.93,57839.36
CMP-7916,Telcel,TIKTOK ADS,Reconocimiento,35-44,09/04/25,329327,8696,269,25820.63,148089.39
CMP-10094,GM Financial,Instagram Ads,Leads,25-34,12/06/25,217680,10199,87,77814.8,29634.23
CMP-9789,Banco Azteca,TikTok Ads,Reconocimiento,18-24,17/05/25,237799,2897,529,58778.29,70904.33
CMP-6547,Telcel,Google Ads,Tráfico,45-54,02/03/25,24966,11804,387,35652.36,139493.77
CMP-1726,Bimbo,LinkedIn Ads,Reconocimiento,35-44,07/05/25,496246,3330,664,23614.97,106857.43
CMP-4494,Liverpool,Google Ads,Reconocimiento,18-24,28/04/25,252392,14780,253,69979.84,76292.69
CMP-5826,Liverpool,YouTube Ads,Leads,55+,07/07/25,46881,6873,274,12652.38,21941.45
CMP-5961,Banco Azteca,Facebook Ads,Conversión,35-44,07/06/25,451873,1113,247,58118.87,159050.93
CMP-4040,Cerveza Modelo,LinkedIn Ads,Alcance,45-54,06/08/25,313704,12276,73,51176.99,28151.33
CMP-8320,OnStar,TikTok Ads,Conversión,,25/03/25,354916,4175,308,56804.09,196431.17
CMP-9832,Aeroméxico,TikTok Ads,Conversión,45-54,16/10/25,16969,5835,,41192.47,205678.62
CMP-1867,Telcel,YOUTUBE ADS,Alcance,18-24,14/04/25,156762,7279,780,62426.12,179755.87
CMP-4989,Bimbo,Facebook Ads,Conversión,55+,04/06/25,168951,4436,90,43543.23,45647.73
CMP-6441,Bimbo,Google Ads,Alcance,18-24,22/03/25,365373,1257,497,56580.12,164992.01
CMP-1171,OnStar,TikTok Ads,Tráfico,35-44,08/08/25,98027,2912,371,6537.03,218251.72
CMP-5550,Aeroméxico,Instagram Ads,Tráfico,45-54,07/05/25,429582,14201,123,6176.57,153834.88
CMP-4633,Cerveza Modelo,YOUTUBE ADS,Leads,55+,17/04/25,49515,11845,570,60065.24,75707.34
CMP-5336,Banco Azteca,Facebook Ads,Alcance,35-44,28/03/25,496848,4892,155,7216.75,136462.49
CMP-8332,Cerveza Modelo,TikTok Ads,Leads,55+,12/06/25,434369,13371,50,66568.14,165179.29
CMP-10582,GM Financial,TikTok Ads,Leads,18-24,31/07/25,159997,13909,571,35152.63,82139.2
CMP-7949,Banco Azteca,YouTube Ads,Alcance,25-34,17/06/25,168958,10481,142,4000.53,130925.45
CMP-9713,GM Financial,YouTube Ads,Alcance,55+,02/05/25,56835,41,41,21141.96,162290.19
CMP-4658,Aeroméxico,TikTok Ads,Alcance,35-44,24/07/25,241553,13821,542,68318.97,55356.44
CMP-6435,Aeroméxico,LinkedIn Ads,Leads,35-44,08/05/25,135763,11871,655,78274.19,163028.56
CMP-9304, Liverpool  ,Google Ads,Leads,55+,11/04/25,277351,13532,408,35204.26,112262.82
CMP-1275, GM Financial  ,TikTok Ads,Reconocimiento,18-24,15/02/25,23789,13532,171,83535,69591.53
CMP-4213,Telcel,YouTube Ads,Reconocimiento,18-24,15/02/25,341922,8816,,4767.19,63494.39
CMP-4553,Banco Azteca,LinkedIn Ads,Reconocimiento,45-54,10/10/25,7108,6983,215,46018.95,71024.48
CMP-9227,Bimbo,Instagram Ads,Conversión,18-24,06/10/25,101874,5948,378,42330.09,96232.94
CMP-5475,GM Financial,LinkedIn Ads,Leads,25-34,16/05/25,24301,13977,636,23942.96,30727.05
CMP-1888,Aeroméxico,TikTok Ads,Tráfico,35-44,06/06/25,487132,97,97,81132.74,186813.59
CMP-3382,Bimbo,TikTok Ads,Tráfico,35-44,06/03/25,196656,2527,382,73224.15,210334.62
CMP-5024,GM Financial,Google Ads,conversión,45-54,20/10/25,444439,2504,186,45496.95,62376.52
CMP-10177, GM Financial  ,TikTok Ads,Alcance,18-24,28/09/25,150618,13432,563,83845.05,12879.19
CMP-6205,Bimbo,TikTok Ads,Reconocimiento,18-24,14/08/25,409353,9684,336,51252.61,138732.69
CMP-4624,Banco Azteca,Google Ads,Reconocimiento,35-44,13/06/25,32554,4895,312,16510.14,184325.28
CMP-10297,Liverpool,Facebook Ads,Conversión,35-44,24/01/25,402255,5175,135,29400.15,109938.36
CMP-4294,OnStar,LinkedIn Ads,Tráfico,35-44,03/02/25,84415,3149,16,80229.08,49213.36
CMP-6568,Liverpool,Google Ads,Tráfico,18-24,10/01/25,445231,9852,373,63127.42,123171.99
CMP-2006,Aeroméxico,Instagram Ads,Alcance,25-34,24/06/25,323838,12650,389,79916.74,62765.95
CMP-8828, Aeroméxico  ,TIKTOK ADS,Leads,35-44,03/03/25,197130,3705,574,17081.73,194901.87
CMP-6921,Aeroméxico,LINKEDIN ADS,Conversión,45-54,18/10/25,139848,12138,165,26931.96,128967.31
CMP-9333,Bimbo,Instagram Ads,Conversión,18-24,18/10/25,441582,8940,781,66071.18,177741.47
CMP-8502,Aeroméxico,LinkedIn Ads,Conversión,35-44,10/06/25,438851,11725,161,44389.48,129286.66
CMP-8417,GM Financial,Facebook Ads,Tráfico,45-54,12/08/25,368924,12114,700,60195.68,50457.18
CMP-5786,Banco Azteca,Facebook Ads,Reconocimiento,35-44,02/09/25,339228,4053,121,82069.09,
CMP-6594,Banco Azteca,GOOGLE ADS,Reconocimiento,25-34,10/05/25,239334,12876,285,50184.49,196223.33
CMP-10598,Bimbo,Facebook Ads,Reconocimiento,35-44,04/02/25,217474,12125,12,58924.95,21907.6
CMP-6976,Telcel,Google Ads,Tráfico,55+,01/02/25,377570,6774,701,5837.73,37194.08
CMP-6044,Banco Azteca,LINKEDIN ADS,Conversión,,29/01/25,110256,8570,452,5077.45,38712
CMP-9748,Bimbo,Instagram Ads,Alcance,55+,05/09/25,23726,7487,262,41755.78,129469.93
CMP-10795,Liverpool,LinkedIn Ads,Alcance,35-44,02/04/25,357262,14960,83,47993.43,166614.5
CMP-2838,Cerveza Modelo,Instagram Ads,Leads,35-44,07/10/25,253626,7487,513,17058.3,93445.94
CMP-1443,Bimbo,LinkedIn Ads,Conversión,55+,13/06/25,303079,13635,377,12630.34,198396.15
CMP-1988,GM Financial,LINKEDIN ADS,Reconocimiento,55+,28/04/25,124890,2954,359,21516.27,58107.51
CMP-8719,OnStar,Facebook Ads,Alcance,35-44,20/07/25,170067,1914,386,20849.9,156784.18
CMP-5103,Bimbo,Google Ads,Leads,55+,15/06/25,316781,3261,47,39058.53,168555.06
CMP-2421,GM Financial,Instagram Ads,Alcance,55+,14/07/25,270826,141,109,2965.78,113865.37
CMP-4692,GM Financial,LinkedIn Ads,Tráfico,25-34,25/08/25,185460,3462,757,23829.71,91123.4
CMP-6102,OnStar,LinkedIn Ads,Leads,55+,28/05/25,265469,1061,368,53242.31,80797.01
CMP-10573,Telcel,Google Ads,Tráfico,25-34,14/06/25,204560,11791,798,1479.09,114995.24
CMP-8800, GM Financial  ,LinkedIn Ads,Reconocimiento,25-34,20/04/25,7022,7022,198,56292.16,193143.7
CMP-5507,OnStar,TIKTOK ADS,Alcance,35-44,21/07/25,38073,8434,73,32418.35,54571.03
CMP-6249,Bimbo,TikTok Ads,Reconocimiento,35-44,03/04/25,115644,843,66,,146189.26
CMP-5296,Bimbo,TikTok Ads,Reconocimiento,45-54,24/03/25,388061,1617,778,2880.48,157928.07
CMP-10537, Cerveza Modelo  ,Facebook Ads,Alcance,45-54,09/10/25,204752,3122,757,28027.26,219510.19
CMP-2017,Liverpool,Google Ads,Leads,45-54,23/09/25,212320,14380,511,73166.96,178497.35
CMP-2072,Bimbo,Instagram Ads,Tráfico,45-54,30/04/25,367063,11330,594,49815.82,125681.96
CMP-5837,Cerveza Modelo,LinkedIn Ads,Conversión,25-34,02/10/25,435284,7300,231,38295.87,
CMP-9309,Bimbo,YouTube Ads,Reconocimiento,45-54,06/10/25,446923,4138,363,48410.51,183631.02
CMP-3638,GM Financial,TikTok Ads,Alcance,55+,28/03/25,428078,14788,242,64440.81,74799.72
CMP-10622,Aeroméxico,Google Ads,Tráfico,18-24,22/03/25,948,948,401,77052.81,196889.89
CMP-6087,Telcel,Facebook Ads,Conversión,55+,25/02/25,432842,10303,24,41667.78,128107.78
CMP-3035,GM Financial,LinkedIn Ads,Alcance,45-54,22/06/25,238731,6921,233,67632.04,
CMP-9190,OnStar,INSTAGRAM ADS,Reconocimiento,55+,12/07/25,88426,12394,702,21268.06,83854.98
CMP-10877,Liverpool,Google Ads,Reconocimiento,55+,22/05/25,239280,14066,341,61878.97,64026.03
CMP-1122,Aeroméxico,LinkedIn Ads,Alcance,18-24,05/02/25,40605,4588,791,3935.51,29285.95
CMP-7872,Telcel,FACEBOOK ADS,Leads,45-54,09/04/25,292428,14839,426,63210.46,144340.03
CMP-5838,Banco Azteca,TikTok Ads,Leads,,12/04/25,448791,3578,43,48264.21,55620.38
CMP-2373,Liverpool,LinkedIn Ads,Reconocimiento,55+,12/06/25,44977,7100,38,5126.29,119124.88
CMP-10563,GM Financial,Facebook Ads,Reconocimiento,45-54,29/08/25,116958,9101,748,35031.37,151626.41
CMP-9736,Cerveza Modelo,TIKTOK ADS,Leads,55+,15/02/25,172475,2336,445,37040.66,64442.64
CMP-4776,Cerveza Modelo,Instagram Ads,Tráfico,35-44,03/03/25,457527,1562,100,29487.28,121344.2
CMP-1827,Bimbo,Facebook Ads,Alcance,18-24,27/06/25,344835,2415,93,24716.43,206786.69
CMP-9635,Aeroméxico,Instagram Ads,Reconocimiento,18-24,11/01/25,15910,1182,257,19941.34,188856.45
CMP-8493,Banco Azteca,YouTube Ads,Tráfico,18-24,11/07/25,315688,14475,734,34638.67,99769
CMP-2795,GM Financial,Facebook Ads,Reconocimiento,18-24,13/03/25,326212,9176,796,42979.23,
CMP-2174,Cerveza Modelo,Google Ads,Conversión,45-54,26/02/25,166994,7824,575,6027.6,
CMP-4271,Banco Azteca,Google Ads,Leads,45-54,17/05/25,374937,7650,281,40300.2,89949.43
CMP-3906,Banco Azteca,YouTube Ads,Conversión,45-54,13/07/25,374010,2810,791,74356.46,159544.11
CMP-7072,Banco Azteca,TikTok Ads,Leads,18-24,19/06/25,358647,3697,326,2225.45,180024.08
CMP-8130,Cerveza Modelo,Facebook Ads,Conversión,45-54,15/01/25,264534,3337,401,80887.93,215394.36
CMP-3498,GM Financial,Google Ads,Reconocimiento,18-24,13/10/25,470193,12292,490,58214.86,23314.26
CMP-6969,GM Financial,TikTok Ads,Conversión,18-24,09/10/25,139926,1617,,26289.12,77039.65
CMP-9235,Cerveza Modelo,Instagram Ads,Reconocimiento,45-54,05/07/25,472906,935,168,44468.18,158210.59
CMP-5581,Bimbo,Google Ads,Leads,18-24,20/03/25,43063,8890,443,5561.2,207970.75
CMP-2264,Bimbo,GOOGLE ADS,Tráfico,35-44,18/07/25,24113,10743,545,55456.03,158063.07
CMP-1126,Cerveza Modelo,Google Ads,Tráfico,25-34,31/08/25,329189,13389,549,16930.66,168352.35
CMP-2483,OnStar,YouTube Ads,Alcance,25-34,17/03/25,178187,6777,121,41828.83,
CMP-10646,GM Financial,,Alcance,55+,25/06/25,101200,5730,449,30197.87,84189.99
CMP-7336,Aeroméxico,YouTube Ads,conversión,35-44,16/09/25,150797,12563,454,64287.46,165555.88
CMP-8627,Cerveza Modelo,Facebook Ads,Reconocimiento,18-24,27/03/25,391048,3159,558,16547.71,43145.32
CMP-9653,OnStar,TikTok Ads,Alcance,35-44,23/08/25,127874,10922,702,22784.13,58127.47
CMP-5088,Liverpool,LinkedIn Ads,Leads,45-54,03/04/25,141495,8366,240,,131640.73
CMP-8343,OnStar,TikTok Ads,Leads,25-34,24/06/25,360218,305,81,83885.77,179035.4
CMP-5908,GM Financial,FACEBOOK ADS,Alcance,35-44,03/04/25,180580,3343,294,,44248.65
CMP-8974, Aeroméxico  ,,Conversión,35-44,04/09/25,199223,13180,762,25470.35,98845.49
CMP-8480,Cerveza Modelo,LinkedIn Ads,Leads,35-44,01/09/25,96236,8208,169,53159.65,
CMP-8004,GM Financial,YouTube Ads,Tráfico,35-44,10/06/25,398177,175,77,49219,100939.9
CMP-9280,GM Financial,YouTube Ads,Tráfico,25-34,19/08/25,320492,8406,362,77163.21,173169.56
CMP-7211,Liverpool,Facebook Ads,Conversión,35-44,03/09/25,263487,14810,167,68289.03,38216.18
CMP-8177,Telcel,LinkedIn Ads,Reconocimiento,55+,31/08/25,214030,5626,472,82683.66,192668.43
CMP-2542,Telcel,Instagram Ads,Reconocimiento,35-44,15/10/25,10590,5344,133,83804.16,44384.93
CMP-5058,Liverpool,TikTok Ads,Conversión,35-44,05/04/25,183145,4922,245,60065.97,69212.68
CMP-9043,Cerveza Modelo,INSTAGRAM ADS,Alcance,55+,24/08/25,230323,7753,461,48863.05,18453.92
CMP-6808,OnStar,Instagram Ads,Leads,45-54,10/03/25,226228,4797,,81476.21,
CMP-2859,Banco Azteca,GOOGLE ADS,reconocimiento,55+,05/01/25,341674,4013,562,,
CMP-9875,Cerveza Modelo,Google Ads,Conversión,35-44,02/07/25,459878,4486,654,1222.06,162578.18
CMP-2378,Liverpool,Instagram Ads,Reconocimiento,55+,10/08/25,123322,2531,361,20750.54,139475.65
CMP-2768,Liverpool,INSTAGRAM ADS,Reconocimiento,18-24,31/03/25,430025,14045,,3174.23,80532.7
CMP-10451, Banco Azteca  ,Instagram Ads,Tráfico,25-34,18/03/25,302721,4346,585,49185.04,138545.51
CMP-9101,Liverpool,TikTok Ads,Leads,55+,21/09/25,376785,748,475,12788.69,160300.7
CMP-1399,Bimbo,TikTok Ads,Reconocimiento,55+,10/04/25,425498,9348,774,44772.97,
CMP-6861,Banco Azteca,Google Ads,Alcance,25-34,08/01/25,137319,12070,607,,
CMP-5094,GM Financial,Instagram Ads,Conversión,45-54,18/02/25,446128,9614,303,76400.79,134028.19
CMP-10832,Telcel,Instagram Ads,Tráfico,25-34,08/01/25,146084,13875,45,14693.04,19734.75
CMP-5712,GM Financial,YouTube Ads,Alcance,35-44,30/08/25,367991,4716,410,,53909.33
CMP-5670,Liverpool,YouTube Ads,Alcance,25-34,02/09/25,673,673,433,45458.47,142404.02
CMP-4377,GM Financial,Facebook Ads,Conversión,25-34,13/04/25,49894,229,229,59526.65,24203
CMP-9119, Aeroméxico  ,LINKEDIN ADS,Tráfico,45-54,25/07/25,355586,9856,338,62799.99,40859.91
CMP-6932,OnStar,Facebook Ads,Reconocimiento,35-44,05/07/25,142487,13929,722,36018.33,33673.09
CMP-10812,Bimbo,Instagram Ads,Conversión,25-34,10/07/25,248413,5378,329,10434.75,140302.8
CMP-9845,Cerveza Modelo,LinkedIn Ads,Conversión,45-54,10/01/25,245464,4969,262,30054.95,101751.03
CMP-3941, Bimbo  ,YOUTUBE ADS,Tráfico,18-24,23/01/25,147005,5518,603,61315.45,190003.31
CMP-9022,Liverpool,YouTube Ads,Leads,55+,10/09/25,357988,702,255,80680.78,133379.18
CMP-6463,Cerveza Modelo,LinkedIn Ads,Leads,55+,17/09/25,263502,11574,711,21819.29,78340.13
CMP-6444,Liverpool,YouTube Ads,Alcance,55+,16/01/25,298636,1631,376,64941.34,164926.38
CMP-9211,Cerveza Modelo,LinkedIn Ads,Tráfico,25-34,25/01/25,17731,3995,411,15118.26,182712.47
CMP-10625,GM Financial,Instagram Ads,Alcance,35-44,07/10/25,267552,11154,755,5898.49,169856.97
CMP-9532,OnStar,Instagram Ads,Leads,35-44,25/05/25,273803,9452,253,1775.96,115219.71
CMP-7407, Cerveza Modelo  ,,Reconocimiento,35-44,21/02/25,49055,9191,485,62374.37,160242.66
CMP-7525,Banco Azteca,FACEBOOK ADS,Reconocimiento,18-24,27/04/25,211762,1499,,26792.5,142460.29
CMP-1391,Banco Azteca,TIKTOK ADS,Reconocimiento,25-34,10/04/25,337687,5732,457,30430.15,88941.14
CMP-4535,GM Financial,LinkedIn Ads,Leads,45-54,04/05/25,469058,14585,670,70614.07,32468.63
CMP-9027,Telcel,FACEBOOK ADS,Alcance,25-34,27/08/25,39630,13895,456,51111.34,125046.75
CMP-10020,Banco Azteca,Facebook Ads,Reconocimiento,25-34,06/08/25,246324,11554,14,57916.68,113443.82
CMP-7613,Telcel,Facebook Ads,Conversión,55+,26/10/25,156715,5132,293,25471.26,20398.78
CMP-5601,Cerveza Modelo,LinkedIn Ads,Reconocimiento,25-34,17/03/25,426720,402,310,34044.47,72552.51
CMP-6085,Telcel,Google Ads,Leads,35-44,02/04/25,116203,3629,583,,39868.36
CMP-8388,Bimbo,TikTok Ads,Reconocimiento,,03/04/25,75804,8441,75,54184.28,158955.39
CMP-9627,OnStar,Facebook Ads,Alcance,18-24,28/03/25,51021,9510,691,67633.67,19570.38
CMP-3754,Bimbo,LinkedIn Ads,Reconocimiento,45-54,05/06/25,383524,3019,269,83842.36,17931.25
CMP-7266,Telcel,Instagram Ads,Tráfico,45-54,12/09/25,223064,13667,473,23808.32,82631.85
CMP-10674,Cerveza Modelo,FACEBOOK ADS,Leads,55+,23/07/25,63323,1755,591,9427.71,205532.61
CMP-5016,OnStar,Instagram Ads,Tráfico,18-24,10/08/25,323020,783,623,44423.3,104561.39
CMP-6298,OnStar,Instagram Ads,Alcance,45-54,05/07/25,479152,7934,58,13150.63,
CMP-10331,OnStar,LinkedIn Ads,Tráfico,18-24,12/10/25,468206,6152,465,75020.83,158204.71
CMP-8847, GM Financial  ,YouTube Ads,Tráfico,25-34,20/07/25,208855,903,709,17531.14,204131.58
CMP-2202,Aeroméxico,LinkedIn Ads,Alcance,25-34,25/06/25,164639,1142,528,39605.48,205003.37
CMP-2058,Aeroméxico,LinkedIn Ads,Leads,18-24,22/08/25,64754,9399,312,1333.49,210425.28
CMP-2022,OnStar,TikTok Ads,Tráfico,45-54,27/06/25,80695,5708,471,41428.49,42209.11
CMP-7958,Cerveza Modelo,Instagram Ads,Leads,35-44,10/03/25,309712,8040,120,22627.09,118550.6
CMP-1879,Telcel,Instagram Ads,Reconocimiento,45-54,14/04/25,37510,10227,667,74125.56,146297.49
CMP-4825,Liverpool,YouTube Ads,Leads,25-34,09/08/25,402299,12380,435,21162.45,
CMP-9314,OnStar,Google Ads,Alcance,25-34,10/08/25,289493,13658,27,20658.14,122580.46
CMP-5378,Bimbo,YouTube Ads,Conversión,18-24,14/03/25,20786,3066,0,61983.92,123992.79
CMP-9205,Cerveza Modelo,LinkedIn Ads,Reconocimiento,45-54,28/05/25,418105,2904,559,29062.42,192344.83
CMP-1422,OnStar,Google Ads,Tráfico,45-54,12/02/25,326500,13304,597,80338.61,18226.36
CMP-4723,Liverpool,LinkedIn Ads,Alcance,35-44,26/03/25,374173,440,440,25151.24,167402.8
CMP-10468,Telcel,Instagram Ads,Reconocimiento,55+,02/09/25,357950,14532,740,19293.26,201973.58
CMP-2950,Cerveza Modelo,YouTube Ads,Leads,35-44,23/09/25,307890,7384,103,75903.12,58856.89
CMP-7583,Telcel,Instagram Ads,Alcance,25-34,30/05/25,227759,12138,440,20971.15,11059.94
CMP-6644,GM Financial,Facebook Ads,Tráfico,,04/06/25,429346,3218,321,58555.11,
CMP-7922,Liverpool,Instagram Ads,Conversión,18-24,26/10/25,441120,7724,785,2395.03,17174.89
CMP-5966,Banco Azteca,FACEBOOK ADS,Reconocimiento,18-24,25/09/25,11541,7400,591,40267.78,193403.7
CMP-4898,Bimbo,Instagram Ads,Leads,45-54,20/04/25,459475,5871,516,37520.36,59621.17
CMP-2679,Banco Azteca,LinkedIn Ads,Reconocimiento,18-24,25/05/25,322015,6804,261,15839.66,85687.68
CMP-9093,OnStar,Instagram Ads,Alcance,25-34,07/06/25,356795,1171,314,36654.88,191466.19
CMP-4606,Telcel,Google Ads,Leads,55+,31/05/25,301921,266,266,53036.44,179638.63
CMP-4115,OnStar,Instagram Ads,Alcance,18-24,01/07/25,458979,741,471,3167.41,150650.2
CMP-10114,Aeroméxico,Instagram Ads,Leads,55+,22/08/25,50724,3414,781,51648.86,84691.83
CMP-2646,Cerveza Modelo,INSTAGRAM ADS,Leads,45-54,28/06/25,274863,7584,,40935.02,67316.04
CMP-1001,Bimbo,TikTok Ads,Leads,45-54,28/09/25,418352,559,,34157.67,2309.63
CMP-4656,Liverpool,YouTube Ads,Tráfico,18-24,05/07/25,378373,5239,62,,27395.35
CMP-9913,OnStar,,Tráfico,45-54,14/08/25,370849,9259,59,59454.25,126704.6
CMP-9862,Banco Azteca,TikTok Ads,Leads,45-54,05/05/25,466594,9528,382,76828.58,17060.98
CMP-6787, Bimbo  ,LinkedIn Ads,alcance,25-34,05/10/25,423257,11469,54,3217.98,137346.9
CMP-5849,Banco Azteca,YouTube Ads,Leads,25-34,25/10/25,464312,7096,512,76733.4,45855.63
CMP-1611,Banco Azteca,Google Ads,Reconocimiento,25-34,09/04/25,57643,7126,487,82320.21,84951.13
CMP-5108,Cerveza Modelo,YouTube Ads,leads,25-34,06/04/25,416059,7468,347,31148.71,53426.43
CMP-3782,GM Financial,Google Ads,alcance,55+,31/01/25,422634,12866,,25729.86,129100.96
CMP-3937,Aeroméxico,TikTok Ads,Conversión,35-44,04/02/25,419719,12152,130,67677.69,194997.92
CMP-5576,Bimbo,TikTok Ads,Conversión,35-44,17/03/25,111064,4037,4,14453.45,128981.71
CMP-10600,Telcel,Instagram Ads,Conversión,,15/08/25,204552,3810,404,63715.9,142106.9
CMP-3768,Telcel,TikTok Ads,Conversión,25-34,15/07/25,246995,1440,663,66217.56,150638.32
CMP-4041, Bimbo  ,Instagram Ads,Conversión,45-54,05/08/25,65699,9353,36,35178.69,46777.27
CMP-4872,Liverpool,Facebook Ads,Reconocimiento,45-54,28/02/25,454492,13449,529,40263.55,128365.73
CMP-2218,Cerveza Modelo,Google Ads,Reconocimiento,18-24,08/02/25,439127,9798,222,70847.18,4941.66
CMP-9076,Telcel,Instagram Ads,Tráfico,45-54,29/03/25,38919,13791,538,15803.83,200360.56
CMP-1424, Aeroméxico  ,Instagram Ads,Conversión,55+,12/10/25,47298,14039,504,75414.28,130424.14
CMP-5695,OnStar,Facebook Ads,Tráfico,35-44,01/07/25,34160,3997,253,77067.68,41776.39
CMP-6622,GM Financial,Instagram Ads,Leads,25-34,06/01/25,78290,11817,702,8574.82,132298.56
CMP-2751, Liverpool  ,TikTok Ads,Leads,55+,21/05/25,22797,7854,216,59094.13,12704.96
CMP-3987,Cerveza Modelo,TIKTOK ADS,Conversión,25-34,01/02/25,26902,2341,765,73206.02,175570.08
CMP-1198, Bimbo  ,YouTube Ads,Alcance,55+,28/05/25,313765,3806,552,36936.08,58936.34
CMP-9006,Aeroméxico,YouTube Ads,conversión,18-24,26/03/25,86492,7207,708,30186.04,128355.47
CMP-5560,Aeroméxico,YOUTUBE ADS,Conversión,18-24,22/06/25,288262,5679,112,13761.66,206324.97
CMP-4592,Banco Azteca,YouTube Ads,Conversión,18-24,07/05/25,142982,9327,140,11268.7,6446.56
CMP-7602,Telcel,Facebook Ads,Reconocimiento,35-44,16/01/25,47873,3597,358,62045.13,38032.01
CMP-8922,Banco Azteca,LINKEDIN ADS,Leads,25-34,11/10/25,346181,12516,554,69554.86,8351.35
CMP-10579,OnStar,LinkedIn Ads,Alcance,35-44,03/02/25,289431,9163,230,45436.71,211102.98
CMP-6466,Aeroméxico,Facebook Ads,Conversión,35-44,10/10/25,239538,12078,174,21851.1,36765.89
CMP-3054,Liverpool,TIKTOK ADS,Reconocimiento,25-34,11/02/25,56011,1795,146,62004.04,12238.35
CMP-4849,Bimbo,Facebook Ads,Conversión,45-54,28/07/25,35780,14978,749,44481.74,91024.32
CMP-4096,Banco Azteca,LinkedIn Ads,Reconocimiento,25-34,28/04/25,311081,8731,83,11348.42,40921.6
CMP-7755,Aeroméxico,LinkedIn Ads,Leads,45-54,25/01/25,199997,8039,724,38064.17,145039.49
CMP-1812,OnStar,LinkedIn Ads,Tráfico,45-54,02/10/25,406471,7038,415,16920.63,71225.88
CMP-5657,Telcel,Google Ads,Conversión,45-54,08/06/25,488775,10752,761,62803.02,184223.8
CMP-10081,Aeroméxico,Google Ads,Conversión,45-54,24/02/25,481662,11695,561,50693.73,99278.19
CMP-8587,Cerveza Modelo,YOUTUBE ADS,Leads,45-54,16/01/25,477347,202,184,24011.04,210126.91
CMP-1361,Aeroméxico,YouTube Ads,Alcance,25-34,02/05/25,176594,4841,165,68643.01,177835.01
CMP-10335,OnStar,YouTube Ads,alcance,18-24,23/07/25,361196,8658,629,28959.29,100599.03
CMP-10229,Aeroméxico,YOUTUBE ADS,alcance,25-34,12/06/25,365690,3579,649,21309.5,65581.16
CMP-8817,OnStar,Instagram Ads,Reconocimiento,45-54,06/05/25,397274,729,299,45154.46,
CMP-4843,OnStar,Instagram Ads,Alcance,35-44,26/07/25,356182,3504,234,,171127.26
CMP-8757,Banco Azteca,YouTube Ads,Leads,35-44,29/03/25,468696,9602,342,27467.84,48763.65
CMP-8668,OnStar,YouTube Ads,Conversión,,04/04/25,188196,2951,561,62563.12,61613.29
CMP-6684,OnStar,YOUTUBE ADS,Alcance,35-44,31/07/25,469568,10229,264,8535.69,83581.54
CMP-5481, Aeroméxico  ,FACEBOOK ADS,Conversión,55+,14/02/25,14183,3581,593,67013.92,7260.31
CMP-10257,OnStar,Facebook Ads,Conversión,55+,09/05/25,148057,5218,,26215.63,165925.05
CMP-1910,OnStar,LinkedIn Ads,Tráfico,55+,18/09/25,157325,13392,157,55729.06,91307.93
CMP-9863, Cerveza Modelo  ,LinkedIn Ads,Reconocimiento,45-54,03/05/25,194768,12543,206,4986.59,66804.54
CMP-9834,Liverpool,FACEBOOK ADS,Reconocimiento,25-34,25/09/25,252639,5692,489,46759.31,119327.73
CMP-1696,Liverpool,Instagram Ads,Conversión,18-24,02/04/25,164338,621,313,77774.46,166377.28
CMP-6653,OnStar,Google Ads,tráfico,25-34,13/01/25,287296,13384,67,68529.06,58216.78
CMP-8863,GM Financial,YouTube Ads,Conversión,45-54,15/04/25,21254,4731,600,46577.7,92315.38
CMP-9820,Aeroméxico,Facebook Ads,Leads,45-54,28/03/25,134026,5760,468,15753.41,80842.98
CMP-4651,Cerveza Modelo,YouTube Ads,Alcance,45-54,02/04/25,60568,1106,797,,208891.31
CMP-6776,Aeroméxico,Instagram Ads,Reconocimiento,55+,02/07/25,288470,7311,3,18761.61,23739.83
CMP-7320,Aeroméxico,Google Ads,Tráfico,45-54,26/09/25,168349,7258,746,59345.66,79230.31
CMP-5798,GM Financial,Instagram Ads,Leads,45-54,12/10/25,71327,4400,600,56707.9,105585.23
CMP-4439,Aeroméxico,LINKEDIN ADS,Conversión,55+,02/09/25,484542,4950,258,75422.07,188547.79
CMP-4092,Liverpool,FACEBOOK ADS,Tráfico,45-54,23/08/25,385909,5231,619,,199460.78
CMP-8512,Aeroméxico,TikTok Ads,Leads,55+,28/04/25,396293,3827,789,15981.52,95927.89
CMP-8913,Cerveza Modelo,TikTok Ads,Tráfico,18-24,28/09/25,81896,992,468,22163.32,146113.86
CMP-4254,Banco Azteca,LinkedIn Ads,Tráfico,55+,17/04/25,406854,12014,505,60715.01,
CMP-3015,GM Financial,YouTube Ads,Leads,55+,04/06/25,462465,5484,360,75970.07,166161.75
CMP-5901,GM Financial,Facebook Ads,Conversión,18-24,13/06/25,186000,7620,134,20224.39,106417.16
CMP-9251,Liverpool,Google Ads,Alcance,35-44,12/08/25,161030,2840,156,59945.93,2603.19
CMP-9775,Cerveza Modelo,Facebook Ads,Conversión,25-34,16/01/25,8274,8274,656,80796.09,176665.82
CMP-8865,Telcel,TIKTOK ADS,Alcance,35-44,10/07/25,125279,4270,507,78424.07,183014.53
CMP-6907,GM Financial,Instagram Ads,Leads,45-54,26/02/25,372896,8130,324,40142.71,81151.36
CMP-6674,Banco Azteca,FACEBOOK ADS,Tráfico,45-54,27/04/25,56345,3741,591,21927.57,201621.98
CMP-2745,Banco Azteca,Instagram Ads,conversión,25-34,08/10/25,82686,4792,761,26204.53,99093.72
CMP-4892,Banco Azteca,LinkedIn Ads,Tráfico,35-44,15/06/25,368180,3336,83,41250.57,118505.32
CMP-6985,Bimbo,LinkedIn Ads,Alcance,45-54,20/09/25,107100,2426,720,34596.12,91857.92
CMP-4897,Liverpool,GOOGLE ADS,Conversión,35-44,05/06/25,289123,3312,380,65359.55,14361.33
CMP-9471,Bimbo,Facebook Ads,Alcance,18-24,09/10/25,304382,10669,199,55465.73,199652.2
CMP-1933,Cerveza Modelo,Instagram Ads,Leads,45-54,29/07/25,362902,3607,478,33792.95,46561.48
CMP-9128,Banco Azteca,Facebook Ads,Reconocimiento,18-24,06/09/25,321109,12386,58,61284.75,195963.07
CMP-2985,OnStar,Google Ads,Alcance,55+,10/05/25,44765,6622,50,22914.36,150452.8
CMP-2998,Liverpool,TikTok Ads,Tráfico,18-24,07/04/25,134027,578,79,75106.13,41298.82
CMP-4027,GM Financial,Instagram Ads,Conversión,45-54,17/04/25,269179,8025,695,3947.56,180692
CMP-10981,Liverpool,GOOGLE ADS,Reconocimiento,45-54,23/08/25,304873,9564,634,37471.96,49581.43
CMP-4765,GM Financial,LinkedIn Ads,Conversión,45-54,22/10/25,53416,12638,426,83162.31,132845.49
CMP-10458,Telcel,LINKEDIN ADS,Leads,45-54,05/05/25,328132,12723,65,22592.31,219706.93
CMP-8785,Banco Azteca,LinkedIn Ads,tráfico,25-34,06/07/25,6030,6030,671,57815.21,144722.96
CMP-6212,Telcel,LINKEDIN ADS,Reconocimiento,18-24,11/02/25,471678,6847,413,48028.71,147094.83
CMP-4308,Telcel,Facebook Ads,Leads,55+,01/10/25,280927,7203,194,72562.94,166298.27
CMP-1653,Banco Azteca,Google Ads,Tráfico,25-34,14/08/25,246320,1570,81,1347.83,193941.99
CMP-9181,Telcel,LinkedIn Ads,Leads,35-44,23/01/25,192857,9340,474,47468.08,30336.06
CMP-10061,Liverpool,TikTok Ads,Conversión,45-54,13/06/25,9750,2559,104,71520.86,29833.13
CMP-2862,Telcel,Facebook Ads,Alcance,55+,29/05/25,366861,7544,63,21025.51,174811.94
CMP-4990,Cerveza Modelo,INSTAGRAM ADS,Alcance,18-24,24/02/25,318205,8391,607,77570.95,107607.6
CMP-10531,GM Financial,Google Ads,Conversión,55+,13/04/25,230272,6208,755,44983.38,117605.99
CMP-2325,GM Financial,YouTube Ads,Alcance,45-54,12/08/25,31733,3336,97,17657.35,210365.85
CMP-3931,Bimbo,TikTok Ads,leads,25-34,07/07/25,316173,6095,674,28862.66,23841.73
CMP-4240, Telcel  ,Instagram Ads,Tráfico,35-44,03/07/25,7144,7144,123,57212.79,111161.06
CMP-1055,Bimbo,TikTok Ads,reconocimiento,18-24,11/06/25,33483,5825,177,79407.56,48116.94
CMP-10880,Aeroméxico,LinkedIn Ads,Conversión,35-44,15/05/25,187570,2157,438,80611.01,134579.91
CMP-4452,Aeroméxico,Instagram Ads,Conversión,35-44,08/05/25,214085,5390,395,80434.54,122634.23
CMP-10764, Cerveza Modelo  ,Google Ads,Conversión,35-44,24/01/25,433622,6839,10,11978.72,162528.52
CMP-3202,GM Financial,Instagram Ads,reconocimiento,25-34,19/08/25,324238,4607,356,44121.56,143377.79
CMP-8997,Aeroméxico,Google Ads,Reconocimiento,35-44,13/01/25,470446,6517,498,67689.75,141325.81
CMP-9068,Aeroméxico,YouTube Ads,Reconocimiento,18-24,04/01/25,363282,3176,448,65204.42,178153.59
CMP-5656,Cerveza Modelo,Google Ads,Conversión,45-54,27/05/25,272123,2251,86,35362.92,202468.76
CMP-9056,Telcel,Facebook Ads,Tráfico,18-24,16/05/25,419894,6447,315,18241.73,99501.43
CMP-6131,Cerveza Modelo,GOOGLE ADS,Tráfico,55+,06/05/25,252246,6955,687,42217.07,46712.1
CMP-2919, GM Financial  ,YouTube Ads,Alcance,35-44,15/09/25,147029,4188,570,30352.38,165656.09
CMP-5623,GM Financial,Instagram Ads,Reconocimiento,18-24,29/09/25,481006,574,574,7823.42,78841.94
CMP-5847,Aeroméxico,LinkedIn Ads,alcance,45-54,30/07/25,473097,4424,798,76678.21,179330.38
CMP-7351,GM Financial,YouTube Ads,Tráfico,25-34,18/03/25,382815,10461,604,76627.33,93373.7
CMP-10570,Telcel,TikTok Ads,Tráfico,35-44,04/02/25,279924,5264,377,19093.02,3952.68
CMP-5382,OnStar,TikTok Ads,Leads,18-24,07/07/25,27230,11747,510,27569.97,93874.77
CMP-6407,Cerveza Modelo,LinkedIn Ads,Leads,45-54,09/07/25,1582,1582,311,26530.62,76926.7
CMP-10391,GM Financial,TikTok Ads,Conversión,18-24,28/09/25,490181,12905,137,13532.86,106862.27
CMP-5326,OnStar,Instagram Ads,Alcance,,28/09/25,351134,4751,520,49283.53,132481.11
CMP-5463,Aeroméxico,TikTok Ads,Conversión,55+,27/08/25,168140,6952,312,23735.13,130947.99
CMP-6450,Liverpool,Facebook Ads,Reconocimiento,18-24,22/09/25,401233,11874,197,43865.16,204629.09
CMP-4761,Banco Azteca,YouTube Ads,alcance,55+,27/08/25,133549,2006,59,74426.29,205739.13
CMP-5573,Liverpool,Google Ads,Leads,45-54,19/09/25,478021,7338,354,53004.91,218132.47
CMP-10788, Bimbo  ,Facebook Ads,Leads,25-34,14/02/25,135875,230,98,49133.91,126235.71
CMP-10956,GM Financial,Google Ads,Reconocimiento,25-34,28/06/25,416781,12975,,25349.79,172743.03
CMP-10865, Liverpool  ,Instagram Ads,Conversión,18-24,10/10/25,58469,17,17,20862.58,63094.6
CMP-2286,Bimbo,YouTube Ads,Alcance,45-54,20/01/25,141984,3610,132,55051.75,180064.44
CMP-10223,GM Financial,Instagram Ads,Reconocimiento,55+,04/09/25,296556,476,56,62449.14,12816.47
CMP-8834,Banco Azteca,Google Ads,Leads,45-54,07/07/25,320204,3385,72,11428.94,218793.69
CMP-4781,Bimbo,TikTok Ads,Alcance,45-54,10/09/25,347201,14253,343,64782.94,134213.83
CMP-3806,OnStar,LinkedIn Ads,Leads,45-54,20/07/25,30724,10318,251,8262.95,183397.45
CMP-7007,Aeroméxico,LinkedIn Ads,Leads,18-24,14/04/25,384039,4567,379,44050.34,106583.75
CMP-1616, Bimbo  ,GOOGLE ADS,Alcance,55+,23/01/25,411736,1319,462,23919.66,148759.05
CMP-9283,Cerveza Modelo,TikTok Ads,Reconocimiento,45-54,14/04/25,27341,12479,216,33002.27,41281.74
CMP-7020,Bimbo,TIKTOK ADS,Alcance,55+,14/08/25,209582,4905,608,39801.05,60578.69
CMP-10826,Aeroméxico,YouTube Ads,Reconocimiento,45-54,27/10/25,472005,5546,621,65551.03,
CMP-10611,Banco Azteca,Instagram Ads,Tráfico,25-34,01/05/25,379080,5549,101,40887.14,180039.09
CMP-3903,OnStar,YouTube Ads,Leads,55+,06/05/25,47120,12846,387,5203.93,84488.77
CMP-2857,Liverpool,YouTube Ads,Reconocimiento,18-24,18/02/25,417771,7930,326,16599.53,108047.24
CMP-10228,Cerveza Modelo,Google Ads,Reconocimiento,45-54,21/01/25,113344,3964,380,67155.72,31137.15
CMP-9481,Banco Azteca,TikTok Ads,Conversión,55+,13/06/25,266487,214,214,68975.92,115978.42
CMP-4609, Cerveza Modelo  ,Instagram Ads,Alcance,45-54,04/03/25,354008,13646,602,53281.75,143553.44
CMP-10783,Banco Azteca,LinkedIn Ads,Leads,35-44,15/08/25,415018,11024,106,34078.5,30708.38
CMP-9734,Banco Azteca,Google Ads,Conversión,25-34,31/01/25,231062,12926,741,8822.52,53974.33
CMP-5846,OnStar,TikTok Ads,Tráfico,45-54,12/02/25,185547,11387,211,60893.6,65483.74
CMP-4880,Telcel,TikTok Ads,Leads,18-24,26/07/25,1316,1316,307,44831.78,203401.34
CMP-5167,OnStar,Instagram Ads,Leads,55+,25/08/25,202366,13844,677,48037.21,
CMP-5550,Aeroméxico,Instagram Ads,Tráfico,45-54,07/05/25,429582,14201,123,6176.57,153834.88
CMP-10636,OnStar,YouTube Ads,Tráfico,18-24,30/09/25,254548,12249,382,26500.79,9150.86
CMP-2653,Bimbo,YouTube Ads,Reconocimiento,35-44,08/09/25,254094,8809,107,75759.2,39023.9
CMP-3957,Aeroméxico,LinkedIn Ads,Tráfico,55+,25/05/25,92079,6421,782,76922.6,156988.58
CMP-7297,Banco Azteca,TikTok Ads,Alcance,45-54,02/05/25,20907,14414,696,62360.53,26771.39
CMP-8150,Telcel,Instagram Ads,Leads,55+,01/10/25,16956,11488,777,84093.63,91337.82
CMP-10875,OnStar,Instagram Ads,Alcance,55+,16/05/25,82672,11274,755,40302.42,67546.53
CMP-4406,Bimbo,YouTube Ads,Tráfico,45-54,11/09/25,488399,412,412,72635.59,34943.65
CMP-7679,Cerveza Modelo,YouTube Ads,Tráfico,,26/08/25,77583,4417,475,39933.95,181857.89
CMP-8088,OnStar,Google Ads,Alcance,25-34,17/05/25,319637,12407,461,67934.12,
CMP-9574,OnStar,Facebook Ads,Conversión,55+,09/06/25,386835,10528,370,51108.89,44269.76
CMP-4963,Banco Azteca,TikTok Ads,Leads,45-54,19/01/25,493344,12764,24,63690.09,174771.01
CMP-2221,Aeroméxico,Facebook Ads,Reconocimiento,45-54,29/07/25,242728,6472,,37162.99,191425.56
CMP-6844, Bimbo  ,Facebook Ads,Conversión,35-44,19/01/25,313923,5015,573,37805.09,103194.47
CMP-9720,Liverpool,LINKEDIN ADS,Reconocimiento,18-24,01/09/25,329178,7320,508,54008.08,85380.37
CMP-1922,Bimbo,LINKEDIN ADS,conversión,45-54,10/03/25,410500,13558,686,36317.39,91857.15
CMP-1289,Liverpool,YouTube Ads,Alcance,35-44,13/09/25,499146,13364,204,58723.48,1834.6
CMP-10006,Bimbo,YouTube Ads,Reconocimiento,25-34,24/06/25,96353,1528,279,84880.03,109087.65
CMP-9183,GM Financial,LINKEDIN ADS,leads,25-34,08/09/25,286673,2475,507,,49084.83
CMP-5060,Banco Azteca,FACEBOOK ADS,Alcance,35-44,03/10/25,380709,6866,648,,68400.72
CMP-5267,GM Financial,TIKTOK ADS,Conversión,45-54,19/05/25,187392,5110,612,84734.9,56096.65
CMP-3773,Banco Azteca,Google Ads,Leads,55+,02/10/25,281871,7942,201,7066.75,88326.61
CMP-5998,Bimbo,Instagram Ads,Conversión,55+,23/08/25,372156,14840,254,41537.12,98577.88
CMP-7524, Telcel  ,Facebook Ads,Alcance,25-34,07/04/25,483154,11229,485,64997.96,209256.38
CMP-4080,OnStar,Instagram Ads,Conversión,55+,04/08/25,50912,12910,574,37328.57,139237.84
CMP-10523,Telcel,LinkedIn Ads,Alcance,18-24,30/06/25,455552,831,513,33983.44,80944.2
CMP-3707,Telcel,INSTAGRAM ADS,Leads,25-34,25/03/25,269197,9287,726,65504.89,181314.26
CMP-2444,Aeroméxico,Facebook Ads,Alcance,25-34,08/01/25,44024,7531,188,45852.69,181002.79
CMP-5728,GM Financial,Facebook Ads,Leads,35-44,07/03/25,482195,5372,519,74282.96,1656.19
CMP-5237,Bimbo,Facebook Ads,Conversión,35-44,01/01/25,23028,3235,711,15416.11,158988.43
CMP-6663,GM Financial,LinkedIn Ads,leads,45-54,27/04/25,217849,46,46,74287.77,214132.76
CMP-2235,Aeroméxico,LinkedIn Ads,Conversión,,08/02/25,472733,5022,780,46320.21,201410.66
CMP-1238,Banco Azteca,LinkedIn Ads,Reconocimiento,18-24,02/06/25,398393,12081,93,79957.36,164103.9
CMP-3965, OnStar  ,Facebook Ads,Tráfico,18-24,17/10/25,373852,3781,417,40976.16,78231.11
CMP-5006, Cerveza Modelo  ,LinkedIn Ads,Conversión,35-44,03/04/25,60635,6934,736,20117.2,3661.14
CMP-9060,Telcel,YouTube Ads,Reconocimiento,55+,16/02/25,235546,2581,185,77869.41,186153.54
CMP-5761,Banco Azteca,LINKEDIN ADS,Alcance,45-54,03/05/25,13729,936,400,19488.46,211508.03
CMP-2799,Cerveza Modelo,Facebook Ads,Leads,,03/06/25,493938,7663,400,64954.8,17030.24
CMP-3650,Aeroméxico,YouTube Ads,Conversión,35-44,19/04/25,262371,628,628,28825.81,3381.52
CMP-10505,Banco Azteca,YouTube Ads,Tráfico,55+,14/05/25,176949,8677,776,39025.88,31296.89
CMP-3371,Aeroméxico,TikTok Ads,reconocimiento,35-44,02/03/25,316970,11167,553,60840.29,21322.65
CMP-4947,Telcel,Facebook Ads,Conversión,55+,27/03/25,242615,7130,4,76925.79,71629.18
CMP-4931,Aeroméxico,LINKEDIN ADS,Reconocimiento,35-44,07/02/25,291752,7174,779,65825.83,182748.13
CMP-6739,Cerveza Modelo,Google Ads,Tráfico,18-24,26/10/25,464336,6524,69,1242.82,120550.7
CMP-4860, GM Financial  ,LinkedIn Ads,Tráfico,45-54,04/10/25,278649,1653,717,71418.47,44471.28
CMP-2901, Cerveza Modelo  ,LinkedIn Ads,Conversión,25-34,05/01/25,432320,1527,557,60026.75,162623.8
CMP-6898,OnStar,Facebook Ads,Conversión,25-34,15/03/25,63284,12061,217,54996.07,206814.76
CMP-3566,GM Financial,LinkedIn Ads,Alcance,55+,02/10/25,285490,5264,48,4826.28,66764.36
CMP-2924,GM Financial,Google Ads,Alcance,25-34,15/07/25,133548,9842,210,24457.89,199135.73
CMP-10220,Banco Azteca,GOOGLE ADS,alcance,25-34,26/05/25,481306,9675,558,72433.49,182854.96
CMP-1035,Liverpool,TikTok Ads,Reconocimiento,18-24,16/06/25,44737,104,104,54922.2,187946.22
CMP-9948,Liverpool,LinkedIn Ads,Tráfico,18-24,05/05/25,238669,14767,198,25670.13,95379.3
CMP-5863,Liverpool,YouTube Ads,Conversión,18-24,03/06/25,469810,4581,749,50544,100842.97
CMP-4421,Banco Azteca,TikTok Ads,Reconocimiento,35-44,19/10/25,191103,13481,,63160.37,18323.48
CMP-3389, GM Financial  ,Facebook Ads,Conversión,45-54,08/04/25,357115,3675,676,8736.5,13837.63
CMP-1019,Aeroméxico,Instagram Ads,Reconocimiento,45-54,22/01/25,174246,13531,706,24669.29,126715.04
CMP-1849, GM Financial  ,,Leads,35-44,01/03/25,310983,12651,285,4588.33,41738.12
CMP-3376, Liverpool  ,LinkedIn Ads,Leads,55+,27/03/25,262229,3550,289,83337.95,145002.93
CMP-9897,Cerveza Modelo,LINKEDIN ADS,Reconocimiento,18-24,03/07/25,225611,12412,612,53110,29501.04
CMP-6280,GM Financial,TikTok Ads,Leads,18-24,25/07/25,445900,3341,366,52331.38,
CMP-1043,Banco Azteca,FACEBOOK ADS,Leads,45-54,21/09/25,250128,5847,,59707.64,169270.13
CMP-2815,Liverpool,Instagram Ads,Leads,45-54,18/04/25,287213,3742,160,68067.04,213599.48
CMP-10083,Aeroméxico,Google Ads,Alcance,18-24,28/03/25,119924,2274,236,5194.68,62510.86
CMP-7695,Cerveza Modelo,YouTube Ads,alcance,18-24,16/04/25,187018,9427,692,20760.71,73885.42
CMP-4144, Bimbo  ,TikTok Ads,Leads,55+,06/05/25,242503,8414,462,21036.34,219916.16
CMP-8421,OnStar,Instagram Ads,Conversión,55+,19/04/25,344440,13629,429,52709.69,32130.46
CMP-6111, Banco Azteca  ,YouTube Ads,Reconocimiento,55+,27/05/25,72194,14215,655,61521.82,185837.33
CMP-4068,Banco Azteca,FACEBOOK ADS,Reconocimiento,35-44,29/07/25,323497,4110,720,69033.92,117850.75
CMP-2280,Cerveza Modelo,LinkedIn Ads,Leads,18-24,23/02/25,9727,9727,734,60427.19,62874.55
CMP-3608,OnStar,LinkedIn Ads,Alcance,,29/05/25,365939,6565,608,37599.22,109752.07
CMP-3182,Aeroméxico,Instagram Ads,Conversión,55+,28/04/25,228755,11695,739,12203.02,80592.84
CMP-2292,Cerveza Modelo,Google Ads,Conversión,18-24,04/08/25,432149,13244,738,5521.54,197623.69
CMP-1742, Banco Azteca  ,Facebook Ads,Conversión,25-34,21/10/25,171231,8223,706,11739.32,187697.07
CMP-3797,GM Financial,TikTok Ads,Alcance,45-54,05/05/25,28435,9780,634,46367.21,54685.13
CMP-1596,Bimbo,TikTok Ads,Alcance,25-34,29/04/25,157091,2174,144,1542.98,98335.25
CMP-9228,Liverpool,Facebook Ads,Alcance,35-44,09/01/25,345638,3406,481,,195762.08
CMP-10519,OnStar,TIKTOK ADS,Alcance,55+,11/03/25,365967,8573,137,78234.02,4861.74
CMP-8630,OnStar,YouTube Ads,Tráfico,25-34,17/09/25,47216,9103,49,62422.73,100768.97
CMP-7354,Banco Azteca,Instagram Ads,conversión,35-44,20/06/25,187955,4798,317,11248.31,
CMP-8950,Telcel,Instagram Ads,Tráfico,35-44,01/02/25,28249,7451,497,4813.83,173436.9
CMP-5235,Banco Azteca,Facebook Ads,Alcance,25-34,17/05/25,92484,859,207,57456.79,155585.85
CMP-8009,Cerveza Modelo,Instagram Ads,Tráfico,35-44,24/07/25,209721,3567,623,19976.3,24534.57
CMP-9881, GM Financial  ,YouTube Ads,Conversión,18-24,26/05/25,24475,7890,550,79505.31,117209.26
CMP-7331,Banco Azteca,Google Ads,Leads,55+,30/07/25,337068,3075,175,41801.6,174986.74
CMP-8349,Aeroméxico,YouTube Ads,Alcance,18-24,05/07/25,313378,1333,459,77782.81,117945.64
CMP-3430,Cerveza Modelo,GOOGLE ADS,Reconocimiento,45-54,30/03/25,329879,7530,167,,115285.58
CMP-5958, Telcel  ,TikTok Ads,Tráfico,55+,08/02/25,412330,240,240,65991.78,72035.31
CMP-6671, Liverpool  ,FACEBOOK ADS,Alcance,18-24,10/05/25,412454,10505,,58282.65,126835.59
CMP-5873,Bimbo,TikTok Ads,Reconocimiento,25-34,21/02/25,129287,6556,316,76043.27,2109.52
CMP-1670,Telcel,Google Ads,Tráfico,25-34,03/02/25,424300,10290,726,34803.76,5342.3
CMP-1627,Banco Azteca,FACEBOOK ADS,Reconocimiento,35-44,24/07/25,417014,1790,511,81014.47,45531.73
CMP-6260,Liverpool,Google Ads,Reconocimiento,55+,09/01/25,499209,6907,143,65162.86,166248.48
CMP-1822, Cerveza Modelo  ,TIKTOK ADS,Alcance,35-44,07/02/25,81289,2967,789,8802.56,219111.48
CMP-1817,OnStar,Instagram Ads,Leads,45-54,20/05/25,48429,3984,593,886.09,219434.39
CMP-4631,Banco Azteca,GOOGLE ADS,Tráfico,55+,28/07/25,259027,12033,749,53246.5,87610.67
CMP-10195,Cerveza Modelo,Google Ads,Leads,25-34,21/07/25,212732,4168,158,74944.51,
CMP-6222,Telcel,Facebook Ads,Reconocimiento,55+,14/10/25,157819,11119,762,50375.14,105746.85
CMP-1753, GM Financial  ,Instagram Ads,Tráfico,25-34,06/05/25,38774,3852,771,81723,18864.32
CMP-7573,Bimbo,Google Ads,Reconocimiento,45-54,05/05/25,467217,8201,585,46370.04,147929.69
CMP-10861,Telcel,Instagram Ads,Leads,25-34,12/09/25,69330,5491,780,14418.66,110479.4
CMP-7460,Telcel,Facebook Ads,Conversión,18-24,07/04/25,290209,2688,621,47574.82,216744.29
CMP-1862,OnStar,YouTube Ads,Leads,45-54,25/08/25,53185,5734,491,77772.29,209351.01
CMP-6081,Cerveza Modelo,YouTube Ads,Conversión,35-44,21/05/25,170856,878,280,64113.84,82970.25
CMP-5464, Bimbo  ,Google Ads,Alcance,55+,23/10/25,139734,7789,440,77457.42,180810.09
CMP-7574, Telcel  ,TikTok Ads,Reconocimiento,55+,08/03/25,7402,7402,304,22902.27,72636.91
CMP-2920,OnStar,Instagram Ads,Reconocimiento,,06/09/25,39362,10486,72,7745.2,109390.3
CMP-4828,Telcel,Facebook Ads,Alcance,45-54,25/07/25,355844,5368,715,69034.05,192786.82
CMP-1421,OnStar,,Tráfico,45-54,17/06/25,305558,14935,650,81841.59,52609.18
CMP-3558,Bimbo,Facebook Ads,Conversión,55+,08/10/25,366754,8740,,30984.75,172515.12
CMP-9452,Aeroméxico,TikTok Ads,Conversión,35-44,06/07/25,303650,3942,83,54774.92,200400.8
CMP-1031,Liverpool,TikTok Ads,Conversión,45-54,01/09/25,458099,3360,626,34391.92,185910.69
CMP-6106,GM Financial,Google Ads,Alcance,55+,17/03/25,41678,9866,50,606.17,80204.8
CMP-4153,Banco Azteca,LinkedIn Ads,Conversión,25-34,21/09/25,156953,10253,268,13093.4,17608.72
CMP-10660,Cerveza Modelo,YouTube Ads,Reconocimiento,55+,03/07/25,23848,9349,507,40260.36,82566.68
CMP-9523,GM Financial,Facebook Ads,Alcance,55+,30/03/25,178409,9336,789,3474.98,111330.83
CMP-1113,Liverpool,TikTok Ads,Leads,55+,29/08/25,348892,7430,386,59263.05,103913.67
CMP-9992,GM Financial,LinkedIn Ads,tráfico,35-44,23/08/25,173600,2728,321,8898.16,118548.47
CMP-5418,OnStar,Facebook Ads,Tráfico,55+,25/05/25,298594,14086,783,75711.63,186649.03
CMP-10284,Bimbo,Google Ads,Tráfico,55+,13/06/25,412209,742,537,30090.95,117595.95
CMP-10905,Banco Azteca,INSTAGRAM ADS,Alcance,35-44,27/10/25,9794,9794,122,46930.83,157508.18
CMP-4845, OnStar  ,LinkedIn Ads,Tráfico,45-54,16/05/25,332900,13091,428,23443.53,142787.09
CMP-8600, OnStar  ,LINKEDIN ADS,Tráfico,25-34,12/03/25,111364,12588,743,30434.14,81590.64
CMP-3534,Banco Azteca,YouTube Ads,Reconocimiento,25-34,10/07/25,185579,10750,104,8449.03,46477.94
CMP-7817,Banco Azteca,YOUTUBE ADS,Conversión,55+,09/07/25,245044,4119,749,74086.69,175666.44
CMP-4192,Telcel,FACEBOOK ADS,Leads,25-34,12/04/25,400206,6438,406,26812.74,93975.91
CMP-3386,Banco Azteca,Google Ads,Leads,45-54,22/04/25,14533,2042,749,53694.52,71963.24
CMP-3085, Banco Azteca  ,YouTube Ads,Reconocimiento,35-44,19/07/25,64457,11357,482,4263.5,
CMP-7291,Bimbo,Facebook Ads,Conversión,25-34,18/04/25,452738,10958,349,57637.33,101803.22
CMP-10965,Liverpool,TikTok Ads,Tráfico,18-24,29/05/25,130177,6315,610,38534.09,
CMP-6932,OnStar,Facebook Ads,Reconocimiento,35-44,05/07/25,142487,13929,722,36018.33,33673.09
CMP-4614,Liverpool,Facebook Ads,Tráfico,55+,23/10/25,145774,12840,754,51299.33,212972.52
CMP-7915,OnStar,TikTok Ads,Tráfico,18-24,24/01/25,288434,12723,572,19046.39,3827.85
CMP-8636,Liverpool,Facebook Ads,Leads,35-44,30/03/25,415909,1681,42,7053.87,86159.48
CMP-3693,Telcel,LinkedIn Ads,Conversión,25-34,07/09/25,19116,13771,131,17847.46,165494.66
CMP-6288,Liverpool,Google Ads,Tráfico,55+,02/07/25,343728,7379,242,37205.28,124823.38
CMP-6146,Telcel,Google Ads,Alcance,35-44,24/08/25,105173,14017,476,59402.18,
CMP-4263,Aeroméxico,Facebook Ads,Conversión,,22/03/25,36435,9963,581,78871.08,56305.99
CMP-9740,Cerveza Modelo,INSTAGRAM ADS,Leads,,15/03/25,142576,1451,439,59864.22,53975.98
CMP-2997,Banco Azteca,YouTube Ads,Leads,55+,09/09/25,100665,7056,505,16180,53380.94
CMP-8227,Bimbo,Google Ads,Alcance,45-54,13/10/25,419829,9619,291,5831.96,49524.25
CMP-10066,Liverpool,Google Ads,Alcance,25-34,23/06/25,469290,4287,719,70985.75,62388.99
CMP-9267,GM Financial,Facebook Ads,Conversión,25-34,23/09/25,448878,8243,288,78502.43,158297.78
CMP-2812,Banco Azteca,TIKTOK ADS,Alcance,45-54,10/03/25,166427,2468,795,40869.3,211012.96
CMP-2032,Telcel,Google Ads,Tráfico,35-44,07/04/25,325182,34,34,48828.26,135500.87
CMP-3788,Bimbo,Google Ads,Reconocimiento,45-54,03/06/25,304373,6706,528,64222.24,75527.09
CMP-7165,Telcel,Facebook Ads,Reconocimiento,18-24,02/04/25,445794,14281,383,79831.29,89157.53
CMP-9054,Telcel,TikTok Ads,Reconocimiento,,20/04/25,401793,5773,612,24684.58,167230.69
CMP-9423, Cerveza Modelo  ,LinkedIn Ads,Tráfico,25-34,17/02/25,132335,14808,661,55442,171651.62
CMP-3750, Bimbo  ,Facebook Ads,Reconocimiento,45-54,30/01/25,283659,7169,205,75636.08,137184.42
CMP-5658,Banco Azteca,TikTok Ads,Reconocimiento,25-34,12/06/25,289458,10573,47,755.83,190309.72
CMP-10768,Cerveza Modelo,Instagram Ads,Conversión,25-34,15/06/25,60066,8910,753,6006.6,105436.68
CMP-4657,Aeroméxico,Google Ads,Conversión,35-44,04/07/25,300251,3953,685,71524.99,42901.51
CMP-1704,GM Financial,Facebook Ads,Leads,55+,03/02/25,160264,4757,202,26430.67,131752.2
CMP-7908,Bimbo,Facebook Ads,Leads,25-34,29/07/25,159700,5564,556,3047.98,172343.38
CMP-4683,Telcel,Google Ads,Alcance,55+,20/05/25,374598,2051,473,83793.78,423.42
CMP-8362,Telcel,Google Ads,Leads,45-54,14/07/25,353661,3129,761,10991.96,85669.39
CMP-6534,GM Financial,TIKTOK ADS,Tráfico,35-44,21/10/25,496850,5325,721,77416.65,145094.14
CMP-5904,Banco Azteca,INSTAGRAM ADS,Tráfico,18-24,13/10/25,70742,14695,221,17440.33,60203.9
CMP-9689,GM Financial,Facebook Ads,Tráfico,35-44,18/10/25,140762,7416,212,77906.81,128658.15
CMP-10237,Cerveza Modelo,YouTube Ads,Leads,18-24,02/04/25,105815,3483,650,72930.42,3803.45
CMP-9477,Aeroméxico,FACEBOOK ADS,Tráfico,35-44,23/08/25,352300,8715,715,4952.96,189825.53
CMP-6691,Cerveza Modelo,YOUTUBE ADS,Reconocimiento,55+,06/06/25,451264,14522,476,82041.2,120873.08
CMP-2797,Bimbo,INSTAGRAM ADS,Leads,25-34,27/07/25,402328,8891,629,59377.66,28164.13
CMP-2025,OnStar,Facebook Ads,Leads,18-24,12/09/25,402790,4641,556,75263.47,123109.73
CMP-1342,Banco Azteca,GOOGLE ADS,Reconocimiento,35-44,19/09/25,364169,9430,122,8842.88,124865.29
CMP-7745,OnStar,YouTube Ads,Reconocimiento,35-44,24/04/25,333776,14899,198,2524.25,107969.08
CMP-7103,Cerveza Modelo,TIKTOK ADS,Alcance,45-54,13/02/25,279197,1488,311,,120706.58
CMP-3159,GM Financial,LINKEDIN ADS,alcance,18-24,12/08/25,9636,9636,219,38895.6,
CMP-6735, Telcel  ,Google Ads,Tráfico,35-44,14/05/25,50930,8531,279,78007.44,219013.42
CMP-1886,Bimbo,,Alcance,55+,15/01/25,439917,6235,511,34058.38,68038.27
CMP-7945,OnStar,YouTube Ads,Alcance,18-24,13/02/25,494852,13696,620,19265.24,159001.73
CMP-5611,GM Financial,Facebook Ads,Leads,45-54,16/08/25,256300,12635,76,73072.37,194633.47
CMP-8311,Telcel,LinkedIn Ads,Tráfico,25-34,30/09/25,341263,14635,359,16430.95,180944.86
CMP-9494,Bimbo,Google Ads,Conversión,18-24,02/08/25,159984,2915,698,13498.48,50181.51
CMP-7952,Cerveza Modelo,Instagram Ads,Alcance,18-24,19/08/25,397494,855,37,35520.15,118307.79
CMP-6154,Banco Azteca,TikTok Ads,Leads,25-34,31/05/25,383391,14051,186,83060.07,145011.83
CMP-10455,Telcel,TikTok Ads,Tráfico,45-54,19/09/25,30317,11018,81,20775.66,44807.54
CMP-5920,GM Financial,Facebook Ads,Tráfico,45-54,05/08/25,248101,9876,620,13238.43,91531.18
CMP-2896,Bimbo,LinkedIn Ads,Alcance,55+,25/08/25,334281,7635,675,13599.48,100396.87
CMP-3219,OnStar,Facebook Ads,reconocimiento,25-34,11/03/25,196177,5332,318,76836.45,30416.09
CMP-2312,Telcel,YOUTUBE ADS,Conversión,25-34,18/09/25,17849,3728,276,69857.76,
CMP-9179,Aeroméxico,TikTok Ads,Reconocimiento,55+,16/06/25,70764,1531,353,67336.22,138823.41
CMP-9390,Bimbo,TikTok Ads,Tráfico,55+,17/07/25,225770,8067,591,31424.58,199803.54
CMP-8569,OnStar,Facebook Ads,Alcance,55+,16/08/25,303599,10653,447,25141.08,49751.72
CMP-10809,Bimbo,YouTube Ads,Reconocimiento,35-44,13/06/25,420844,8579,326,69352.42,50687.03
CMP-9768,OnStar,YOUTUBE ADS,Reconocimiento,18-24,17/09/25,15979,14732,354,33069.42,175887.45
CMP-7250,Banco Azteca,Facebook Ads,Alcance,25-34,10/01/25,311109,11784,463,71450.97,3245.76
CMP-10835,Aeroméxico,Instagram Ads,tráfico,25-34,11/05/25,406135,8816,181,10912.43,
CMP-9572,Telcel,Instagram Ads,Conversión,45-54,12/01/25,89982,8932,613,75388.11,
CMP-1917,Liverpool,TikTok Ads,Reconocimiento,25-34,31/08/25,421815,3548,216,38843.01,63600.48
CMP-2772,Banco Azteca,Google Ads,Reconocimiento,35-44,08/02/25,135077,4181,128,83474.09,184044.28
CMP-5899,Liverpool,YouTube Ads,Tráfico,18-24,23/02/25,364196,339,339,51558,26899.95
CMP-5972,GM Financial,LinkedIn Ads,Leads,25-34,12/09/25,199245,13174,367,17759.46,104811.11
CMP-6079,Aeroméxico,Instagram Ads,Conversión,25-34,18/01/25,374255,11226,370,83732.94,149804.31
CMP-9724,Bimbo,LinkedIn Ads,Alcance,25-34,05/10/25,139402,13819,696,1646.37,157472
CMP-4076,GM Financial,Instagram Ads,Leads,18-24,19/04/25,269649,8474,69,55123.8,20697.52
CMP-8917,Telcel,GOOGLE ADS,Alcance,18-24,23/01/25,127500,1790,230,16163.05,113077.49
CMP-7887,Cerveza Modelo,GOOGLE ADS,Leads,25-34,14/08/25,376282,12536,755,8665.15,110032.58
CMP-5341,OnStar,YouTube Ads,Alcance,45-54,30/03/25,203152,7512,679,7719.25,178677
CMP-10749,Telcel,YouTube Ads,Conversión,25-34,29/09/25,421992,12474,,40339.12,205737.19
CMP-10329,GM Financial,Facebook Ads,Tráfico,35-44,02/03/25,361369,12731,272,52117.83,
CMP-7365,Banco Azteca,Facebook Ads,Conversión,18-24,30/06/25,343509,1686,453,11767.58,198660.58
CMP-10850,Liverpool,Google Ads,Alcance,45-54,27/07/25,226124,11751,764,64695.1,204603.85
CMP-4960,OnStar,TikTok Ads,Alcance,18-24,09/03/25,6730,4132,312,18247.9,8427.86
CMP-6059,Cerveza Modelo,Google Ads,Reconocimiento,18-24,16/01/25,61161,6395,379,62586.62,77132.69
CMP-3641,Telcel,YouTube Ads,Tráfico,18-24,02/06/25,495235,3405,638,83704.59,10900.69
CMP-9960,Telcel,Google Ads,conversión,55+,27/07/25,379224,3839,110,75700.55,66026.18
CMP-2610,Telcel,Instagram Ads,Tráfico,45-54,28/04/25,434192,4857,109,16049.86,154518.37
CMP-7790,Cerveza Modelo,Google Ads,Conversión,18-24,23/07/25,420659,12182,557,65552.77,177431.86
CMP-10545,Aeroméxico,YouTube Ads,Leads,35-44,02/07/25,378829,11664,747,67147.4,
CMP-10153,OnStar,TikTok Ads,Reconocimiento,25-34,11/08/25,126559,9985,538,41345.11,16975.29
CMP-3384,Aeroméxico,Facebook Ads,Leads,18-24,02/01/25,444960,141,111,44824.76,94384.51
CMP-6992,Bimbo,Facebook Ads,Leads,25-34,06/03/25,76492,4733,213,49992.88,
CMP-8296,Aeroméxico,Instagram Ads,Conversión,55+,19/07/25,353592,6928,570,49219.51,128810.01
CMP-1935,GM Financial,LinkedIn Ads,Conversión,18-24,14/04/25,258728,6088,270,75833.49,88095.81
CMP-8390,Aeroméxico,FACEBOOK ADS,Leads,45-54,13/04/25,155347,10916,629,62012.81,60292.43
CMP-6168,OnStar,Google Ads,Conversión,45-54,17/05/25,404069,12536,293,71819.21,158795.6
CMP-4471,Liverpool,LinkedIn Ads,Reconocimiento,35-44,28/05/25,464330,1479,181,34870.05,218849.1
CMP-1474,Telcel,YouTube Ads,Conversión,25-34,11/08/25,9147,9147,29,6617.16,6861.99
CMP-9925,Bimbo,YouTube Ads,Tráfico,25-34,10/02/25,165038,4505,569,5497.03,121941.76
CMP-8901,Liverpool,LinkedIn Ads,Tráfico,25-34,18/05/25,128772,777,73,55684.44,59394.04
CMP-2756,Aeroméxico,FACEBOOK ADS,Tráfico,18-24,06/06/25,260780,13556,670,17545.2,10192.14
CMP-10953,Liverpool,GOOGLE ADS,Reconocimiento,18-24,04/10/25,475522,1945,566,84567.21,11148.98
CMP-2829,OnStar,LinkedIn Ads,conversión,35-44,15/09/25,248846,4901,738,81200.4,157415.88
CMP-9502,Liverpool,TikTok Ads,Alcance,35-44,14/08/25,48135,7602,368,815.26,11362.6
CMP-10192,GM Financial,YouTube Ads,Conversión,35-44,14/05/25,155863,2495,117,77838.82,186314.41
CMP-6199, GM Financial  ,YouTube Ads,Reconocimiento,25-34,25/08/25,107978,13006,466,47536.39,115171.97
CMP-9715,Cerveza Modelo,FACEBOOK ADS,Alcance,18-24,21/10/25,11134,9354,701,52209.07,
CMP-7879, GM Financial  ,YouTube Ads,Alcance,18-24,01/08/25,490788,4536,571,11774.3,102926.87
CMP-2468,GM Financial,LinkedIn Ads,Alcance,55+,13/03/25,81780,736,582,79045.91,20444.26
CMP-4376,Banco Azteca,GOOGLE ADS,Tráfico,25-34,17/06/25,434337,9859,669,51290.63,
CMP-3401,OnStar,YouTube Ads,Reconocimiento,18-24,18/02/25,366790,4208,515,66545.2,178874.29
CMP-4053,Liverpool,TikTok Ads,Reconocimiento,45-54,04/04/25,65270,4349,407,58281.72,62846.82
CMP-3704,Telcel,Instagram Ads,Alcance,,23/03/25,143117,4916,268,64590.62,146589.65
CMP-7122,Bimbo,TikTok Ads,Alcance,25-34,09/03/25,475471,8646,360,17032.64,20400.05
CMP-10375,Bimbo,LINKEDIN ADS,Reconocimiento,25-34,02/03/25,58742,3933,402,41092.55,41497.11
CMP-1059,OnStar,Instagram Ads,Conversión,45-54,03/08/25,52338,1381,634,57158.47,219004.44
CMP-3195, Bimbo  ,LinkedIn Ads,Reconocimiento,,13/03/25,497960,14932,732,35310.52,187481.97
CMP-5142,GM Financial,YouTube Ads,Tráfico,55+,06/09/25,345096,12780,321,39917.35,19018.67
CMP-5047, Telcel  ,Google Ads,Conversión,18-24,13/09/25,152912,1503,24,48632.66,
CMP-3275,Cerveza Modelo,YouTube Ads,Conversión,45-54,28/04/25,28860,8237,328,,214069.78
CMP-9761,Telcel,LinkedIn Ads,alcance,18-24,05/05/25,202661,9132,608,66829.65,187021.6
CMP-3861,Telcel,Facebook Ads,Conversión,45-54,12/01/25,182233,9443,7,7684.72,159781.36
CMP-6066,OnStar,Instagram Ads,Alcance,45-54,23/04/25,20395,10277,516,12041.42,219110.82
CMP-6876,Aeroméxico,TikTok Ads,tráfico,55+,08/07/25,369332,9633,735,44880.53,138124.85
CMP-3056,Telcel,TikTok Ads,Alcance,55+,11/02/25,213118,3022,149,33648.19,21696.62
CMP-5578,GM Financial,YouTube Ads,Tráfico,18-24,03/09/25,474354,13082,675,34128.14,51632.59
CMP-4347,Telcel,LinkedIn Ads,Alcance,18-24,09/08/25,273084,13315,683,53149.94,61828.18
CMP-10361,Banco Azteca,TikTok Ads,Conversión,,12/06/25,491408,5104,8,57102.25,96436.44
CMP-6919,Aeroméxico,LINKEDIN ADS,Reconocimiento,18-24,14/08/25,261828,3718,,52939.2,52458.57
CMP-4483,Bimbo,YouTube Ads,Conversión,18-24,04/05/25,483777,5787,132,7770.79,77765.28
CMP-9074,OnStar,GOOGLE ADS,Reconocimiento,45-54,08/02/25,103753,12330,283,69753.97,119132.63
CMP-8750,GM Financial,LinkedIn Ads,conversión,55+,06/03/25,174791,10944,45,5076.32,113776.68
CMP-2916,GM Financial,TikTok Ads,Alcance,35-44,24/04/25,242610,11269,244,47629.15,185704.36
CMP-5346,Aeroméxico,Instagram Ads,Alcance,18-24,02/08/25,121086,11762,377,16031.42,189600.26
CMP-5292,Telcel,LinkedIn Ads,Reconocimiento,55+,15/04/25,274124,6450,267,50289.18,132663.72
CMP-10906,Cerveza Modelo,TikTok Ads,Tráfico,55+,18/01/25,1250,1250,52,41002.5,67161.49
CMP-10746,OnStar,Facebook Ads,Reconocimiento,55+,18/04/25,242507,6161,389,69866.9,98614.13
CMP-1215,Cerveza Modelo,INSTAGRAM ADS,Reconocimiento,18-24,02/01/25,368518,9061,479,77103.48,86532.03
CMP-4365,GM Financial,YouTube Ads,Alcance,45-54,05/09/25,411701,2371,549,10514.35,64328.39
CMP-6366,Aeroméxico,Google Ads,Leads,35-44,14/04/25,188255,4635,646,2928.56,208896.25
CMP-4268,Banco Azteca,YouTube Ads,Alcance,45-54,03/04/25,82639,3682,643,42000.85,163207.13
CMP-4564,Liverpool,TikTok Ads,Conversión,18-24,23/09/25,313292,2912,266,19007.7,170969.69
CMP-10540,GM Financial,LinkedIn Ads,conversión,25-34,09/05/25,287487,5601,745,27981.82,148617.18
CMP-7475,Telcel,YouTube Ads,Reconocimiento,25-34,08/06/25,26918,14649,436,27933.54,100304.07
CMP-1657,Liverpool,YouTube Ads,Alcance,18-24,06/09/25,44291,6492,688,10272.19,1568.08
CMP-9703,Banco Azteca,TikTok Ads,Conversión,45-54,25/06/25,447259,13782,662,79932.83,89763.35
CMP-7006,Cerveza Modelo,TikTok Ads,Tráfico,45-54,09/03/25,486463,5247,416,35516.3,117021.64
CMP-2119,Cerveza Modelo,Facebook Ads,Leads,45-54,15/02/25,158932,11008,655,27767.79,164761.85
CMP-5010,Liverpool,Instagram Ads,Conversión,45-54,12/02/25,467475,5901,0,2819.74,172073.27
CMP-3127,Cerveza Modelo,Facebook Ads,Leads,55+,15/10/25,176785,1920,512,73225.2,198859.54
CMP-1944,GM Financial,YouTube Ads,Tráfico,35-44,29/01/25,2128,1656,357,29051.58,81427.1
CMP-3417,Telcel,Instagram Ads,Tráfico,18-24,27/02/25,399104,13499,713,57081.12,
CMP-8712,GM Financial,YouTube Ads,Conversión,35-44,21/02/25,93899,596,596,28328.62,190480.27
CMP-2151,GM Financial,Facebook Ads,Conversión,18-24,03/06/25,366177,5005,480,61417.34,115995.74
CMP-7441,Liverpool,LinkedIn Ads,tráfico,45-54,22/02/25,216889,11128,526,22824.24,137622.51
CMP-5270,Liverpool,LINKEDIN ADS,Conversión,35-44,04/03/25,473898,8758,64,59761.77,46726.17
CMP-10231, OnStar  ,Facebook Ads,Conversión,18-24,24/02/25,98057,7367,776,2119.19,33242.04
CMP-7308,Liverpool,TikTok Ads,Alcance,35-44,28/09/25,137127,6578,750,76205.96,
CMP-1718,Telcel,Google Ads,Leads,25-34,26/01/25,296839,597,597,81166.69,38216.5
CMP-4986,Banco Azteca,YouTube Ads,Conversión,45-54,22/07/25,422205,6319,239,76299.63,187200.69
CMP-5843, Banco Azteca  ,GOOGLE ADS,Leads,45-54,27/03/25,303108,6187,142,4596.82,114827.24
CMP-10056,Cerveza Modelo,YOUTUBE ADS,Conversión,18-24,07/03/25,215054,1264,150,,82282.73
CMP-1591,Telcel,Instagram Ads,conversión,25-34,10/01/25,145804,5449,798,62407.34,
CMP-1066,Cerveza Modelo,YouTube Ads,Alcance,35-44,22/02/25,65146,8376,12,62065.99,115746.04
CMP-5479,Banco Azteca,Google Ads,Conversión,25-34,08/06/25,340232,11261,313,36086.81,
CMP-10639,Liverpool,Instagram Ads,Reconocimiento,18-24,08/05/25,104847,13631,702,12308.73,169352.04
CMP-2586,GM Financial,YouTube Ads,Alcance,35-44,10/04/25,72342,2642,88,65065.28,
CMP-7640,OnStar,Facebook Ads,Tráfico,25-34,13/10/25,238056,5998,43,63161.41,9385.44
CMP-1409,Bimbo,Google Ads,Alcance,18-24,07/10/25,251733,8764,703,67043.25,170306.48
CMP-2642,Banco Azteca,TikTok Ads,Tráfico,25-34,17/07/25,462543,4907,326,62557.73,162311.7
CMP-3267,Cerveza Modelo,LinkedIn Ads,Reconocimiento,18-24,02/07/25,35574,6794,464,10106.68,172581.18
CMP-6975, OnStar  ,YouTube Ads,Tráfico,25-34,07/07/25,276183,6708,210,40915.56,188169.99
CMP-4673,GM Financial,LinkedIn Ads,Alcance,18-24,21/07/25,389796,3139,537,,107954.65
CMP-2145,Banco Azteca,YOUTUBE ADS,Leads,35-44,05/02/25,391374,3798,647,70089.61,98556.84
CMP-2911,OnStar,LinkedIn Ads,leads,25-34,07/02/25,145786,7410,88,47119.94,114594.8
CMP-9129,Telcel,GOOGLE ADS,Reconocimiento,45-54,03/09/25,263252,10559,239,8276.96,111564.85
CMP-4591,OnStar,LinkedIn Ads,Tráfico,45-54,01/09/25,9204,9204,680,33770.4,95480.46
CMP-1731,OnStar,YouTube Ads,Leads,45-54,19/03/25,12657,8998,366,48465.15,72940.5
CMP-10341,GM Financial,TikTok Ads,Tráfico,35-44,06/09/25,307079,5440,762,13006.55,88463.6
CMP-1179,OnStar,Facebook Ads,Alcance,25-34,06/08/25,363635,9024,578,15511.93,210867.63
CMP-9456,Cerveza Modelo,Facebook Ads,Conversión,45-54,06/09/25,333107,6468,16,36981.33,40087.91
CMP-10544,Bimbo,YouTube Ads,Alcance,18-24,24/06/25,337693,1721,711,27590.13,
CMP-4370,Banco Azteca,TIKTOK ADS,Alcance,45-54,30/06/25,361669,2380,529,38892.58,168322.53
CMP-9946,OnStar,Instagram Ads,Alcance,25-34,17/09/25,323258,11356,531,17193,72339.31
CMP-8663,OnStar,Facebook Ads,Conversión,55+,06/08/25,387446,13265,81,6721.76,74542.88
CMP-2433,Telcel,YOUTUBE ADS,Reconocimiento,35-44,08/10/25,161380,9576,701,79867.04,130615.09
CMP-8126,Liverpool,Facebook Ads,Alcance,45-54,24/09/25,1955,1955,694,54503.66,171781.07
CMP-5203,Liverpool,TIKTOK ADS,Alcance,55+,06/10/25,393550,13558,713,73314.13,67397.61
CMP-4451,OnStar,Facebook Ads,Tráfico,45-54,01/02/25,343849,7851,682,40877.25,95316.65
CMP-4261,OnStar,Facebook Ads,Leads,25-34,04/04/25,483820,8135,264,53071.06,31458.4
CMP-2423,GM Financial,YouTube Ads,Conversión,18-24,02/04/25,271836,13916,214,31835.59,89838.23
CMP-4434,GM Financial,Google Ads,reconocimiento,55+,18/06/25,243185,3521,,39874.67,85711.65
CMP-8884,Cerveza Modelo,TikTok Ads,Leads,35-44,15/07/25,146139,13921,635,55313.48,204289.75
CMP-2351, Cerveza Modelo  ,Instagram Ads,Tráfico,18-24,14/02/25,163818,7814,555,5381.13,174567.96
CMP-3508,Telcel,Instagram Ads,Leads,25-34,16/03/25,235262,5692,718,82500.88,
CMP-10729,Cerveza Modelo,LINKEDIN ADS,Reconocimiento,45-54,02/09/25,403724,13715,667,60587.25,29064.96
CMP-6697,Bimbo,Instagram Ads,Alcance,35-44,22/09/25,206692,12655,735,27414.91,172327.72
CMP-2839,OnStar,Instagram Ads,leads,45-54,07/07/25,5994,2880,462,15143.12,145463.46
CMP-10272,Liverpool,YouTube Ads,tráfico,35-44,07/10/25,72904,6865,258,79910.81,106181.88
CMP-6862,Aeroméxico,Google Ads,Reconocimiento,25-34,19/10/25,102337,9752,279,51799.29,127850.34
CMP-9055,Aeroméxico,Instagram Ads,Leads,18-24,22/07/25,396426,8820,463,40622.77,111473.13
CMP-2330,Telcel,Facebook Ads,Tráfico,18-24,09/02/25,74285,12192,514,37753.48,166909.81
CMP-5726,Liverpool,Instagram Ads,Leads,18-24,08/02/25,25148,13596,700,68553.32,68063.25
CMP-10678,GM Financial,LinkedIn Ads,Conversión,35-44,13/01/25,322543,4194,600,5980.14,72516.73
CMP-5807,Aeroméxico,YouTube Ads,Conversión,55+,06/04/25,313862,11359,711,12778.72,26703.89
CMP-7054,Bimbo,TikTok Ads,Conversión,18-24,01/05/25,416258,13221,,74570.6,79597.65
CMP-1314,Telcel,TikTok Ads,Conversión,35-44,22/06/25,307834,7363,349,38277.25,56126.3
CMP-4019,Banco Azteca,Google Ads,Reconocimiento,55+,28/07/25,15220,14269,239,79728.23,56268.77
CMP-4449,GM Financial,YouTube Ads,Alcance,55+,28/09/25,237404,13895,678,40505.19,156495.88
CMP-5120,Telcel,LINKEDIN ADS,Alcance,,30/06/25,54069,3134,84,51055.06,94646.07
CMP-8822,Banco Azteca,Instagram Ads,alcance,55+,30/07/25,445421,4835,334,66953.62,74159.44
CMP-4721,Banco Azteca,Instagram Ads,Leads,25-34,04/09/25,349756,11275,778,,193726.32
CMP-7944, Bimbo  ,Facebook Ads,Conversión,18-24,17/07/25,412517,11491,255,46302.74,155740.36
CMP-7727,Aeroméxico,Instagram Ads,Leads,45-54,22/04/25,274060,4332,510,51622.29,111009.01
CMP-5829,OnStar,Instagram Ads,Conversión,18-24,23/07/25,204910,7650,87,68347.4,124249.79
CMP-3021,OnStar,TikTok Ads,alcance,35-44,02/07/25,160507,5861,619,57828.57,157724.9
CMP-4859,Banco Azteca,Google Ads,Reconocimiento,18-24,03/08/25,193869,7394,655,6445.14,128900.75
CMP-2596,Banco Azteca,Google Ads,Conversión,25-34,19/08/25,261966,12597,411,80511.82,104344.71
CMP-3905,Liverpool,LinkedIn Ads,Leads,45-54,23/07/25,97861,957,445,44182.34,130004.38
CMP-3237,Banco Azteca,TIKTOK ADS,Reconocimiento,35-44,20/01/25,108816,5714,603,27317.34,191113.25
CMP-7876,Telcel,YouTube Ads,Tráfico,25-34,14/04/25,41396,5583,,16890.83,185244.29
CMP-7646,Banco Azteca,INSTAGRAM ADS,Reconocimiento,35-44,08/05/25,473384,3851,693,48458.65,215358.44
CMP-2587,Telcel,Instagram Ads,Reconocimiento,18-24,28/08/25,310885,5575,,36367.02,205799.15
CMP-10854,Banco Azteca,Google Ads,Reconocimiento,35-44,11/01/25,38961,13497,575,74537.65,72957.19
CMP-1969,GM Financial,LinkedIn Ads,Reconocimiento,55+,08/05/25,310866,5978,,21860.27,48304.12
CMP-5089,OnStar,LinkedIn Ads,Reconocimiento,45-54,25/02/25,366656,12213,164,25543.5,43294.91
CMP-8792, Telcel  ,Facebook Ads,Tráfico,55+,02/05/25,352919,3597,790,84404.56,141746.26
CMP-10498,GM Financial,Google Ads,tráfico,18-24,30/05/25,208107,1854,695,23616.68,23662.84
CMP-8543,Aeroméxico,FACEBOOK ADS,Leads,25-34,19/07/25,406064,1275,519,84769.39,61900.5
CMP-6536,Bimbo,TikTok Ads,Reconocimiento,55+,20/04/25,313453,13230,622,81878.36,41194.61
CMP-7451,Banco Azteca,TikTok Ads,Reconocimiento,25-34,01/07/25,86645,13432,771,30804.34,194502.71
CMP-7757,GM Financial,TIKTOK ADS,Leads,55+,21/05/25,214834,9762,317,77844.12,189260.67
CMP-4426,GM Financial,Facebook Ads,Alcance,25-34,28/09/25,198367,14319,353,17501.12,80313.14
CMP-2177, Liverpool  ,INSTAGRAM ADS,Tráfico,55+,04/08/25,424182,5617,385,40962.28,17000.34
CMP-6565,GM Financial,Google Ads,Alcance,55+,06/04/25,420961,1089,325,53736.98,32259.11
CMP-7319,Aeroméxico,Instagram Ads,Reconocimiento,55+,07/01/25,158200,9382,518,81865.99,152521.45
CMP-6856,Banco Azteca,Instagram Ads,Alcance,45-54,04/05/25,431923,2287,537,30680.83,214426.76
CMP-10731,Cerveza Modelo,TikTok Ads,Reconocimiento,55+,27/06/25,294118,10426,699,22245.97,153488.37
CMP-2253,OnStar,TikTok Ads,Reconocimiento,18-24,14/03/25,313031,14925,554,83055.26,177999.57
CMP-10668,Liverpool,YouTube Ads,Leads,45-54,19/01/25,491082,11302,504,14861.99,95619.26
CMP-2708,OnStar,Facebook Ads,Alcance,55+,12/04/25,72016,6240,77,84584.4,46420.66
CMP-3966,Banco Azteca,TikTok Ads,Alcance,35-44,22/10/25,39741,4395,401,69489,183945.43
CMP-9542,Bimbo,YouTube Ads,Alcance,18-24,15/02/25,254206,8295,21,40263.06,104308.36
CMP-8042,Telcel,TikTok Ads,Tráfico,45-54,26/02/25,394141,10055,139,80674.34,44067.93
CMP-4200,OnStar,Google Ads,Alcance,45-54,09/10/25,422169,5661,531,15904.37,136965.04
CMP-7229,OnStar,YouTube Ads,Alcance,25-34,29/07/25,42729,2473,595,68723.78,194273.13
CMP-7677, Banco Azteca  ,TikTok Ads,Alcance,55+,01/09/25,209583,6549,551,11136.4,41902.48
CMP-2385,Banco Azteca,Instagram Ads,Alcance,45-54,17/01/25,329307,12011,1,67653.77,125134.97
CMP-5216,Telcel,TikTok Ads,Leads,45-54,13/10/25,60803,4941,521,21459.91,90863
CMP-2041,OnStar,Instagram Ads,alcance,55+,14/06/25,269792,2608,42,82507.78,
CMP-9870,Cerveza Modelo,YOUTUBE ADS,leads,35-44,21/03/25,61087,10074,635,23722.74,219696.87
CMP-1688,Cerveza Modelo,Google Ads,Reconocimiento,45-54,04/06/25,453165,10673,282,32008.64,177349.9
CMP-7873, Bimbo  ,FACEBOOK ADS,Conversión,45-54,05/10/25,74404,10179,503,44659,187527.16
CMP-8161,GM Financial,TIKTOK ADS,Leads,35-44,20/06/25,444411,10153,238,74471.09,9408.37
CMP-2046,Telcel,Google Ads,Alcance,45-54,10/06/25,329105,10690,518,48930.58,44923.1
CMP-10912,Liverpool,Google Ads,Leads,25-34,06/08/25,391034,4950,687,29899.19,
CMP-3971,Bimbo,Google Ads,Reconocimiento,45-54,28/04/25,49367,12603,370,26130.9,186949.78
CMP-6984, Telcel  ,Facebook Ads,Conversión,,07/05/25,353284,1721,734,27581.49,84137.12
CMP-5352,OnStar,,Reconocimiento,55+,04/10/25,129119,14627,390,50741.67,167509.81
CMP-5018,Bimbo,LinkedIn Ads,Alcance,45-54,11/05/25,79233,3348,517,78815.31,6638.41
CMP-9453,OnStar,LinkedIn Ads,Leads,55+,31/01/25,125544,2815,565,34434.99,114829.94
CMP-3764,OnStar,TikTok Ads,Conversión,55+,16/06/25,346457,12068,728,72163.36,199378.16
CMP-7502,Banco Azteca,Instagram Ads,Tráfico,55+,26/01/25,87757,4913,469,29035.94,45809.8
CMP-10305,Cerveza Modelo,TikTok Ads,Reconocimiento,35-44,29/01/25,343934,3989,683,68834.83,22763.75
CMP-6271, Telcel  ,Facebook Ads,conversión,55+,18/07/25,202187,8424,75,58952.31,64326.27
CMP-9359,Aeroméxico,YouTube Ads,Reconocimiento,25-34,03/05/25,141595,5030,696,48226.03,59014.61
CMP-10576,Cerveza Modelo,Google Ads,Leads,35-44,17/08/25,247724,10527,333,61648.34,195586.62
CMP-4156,Liverpool,Google Ads,Alcance,18-24,14/02/25,102595,4961,322,24626.45,153904.2
CMP-10805,Cerveza Modelo,LinkedIn Ads,conversión,55+,16/08/25,185982,8985,191,36377.16,37805.1
CMP-4138,Liverpool,Instagram Ads,alcance,18-24,12/08/25,409572,11842,,16345.02,197258.41
CMP-6237,Cerveza Modelo,Facebook Ads,Conversión,25-34,28/07/25,304835,444,444,54826.05,204676.58
CMP-9930,Liverpool,TikTok Ads,reconocimiento,55+,27/03/25,394941,12873,621,40482.93,39190.05
CMP-3587,GM Financial,Instagram Ads,Alcance,25-34,10/02/25,322483,3661,152,46063.56,123433.93
CMP-9646,GM Financial,LinkedIn Ads,Reconocimiento,45-54,17/04/25,216814,9185,208,26082.21,196814.35
CMP-9738,Banco Azteca,LINKEDIN ADS,Alcance,25-34,21/02/25,417315,6425,403,48801.83,88195.59
CMP-10243,Liverpool,Google Ads,Leads,,15/01/25,252406,4539,,,160363.45
CMP-3799,Bimbo,LinkedIn Ads,Alcance,18-24,19/06/25,121839,975,126,59762.82,119403.07
CMP-4491,GM Financial,LINKEDIN ADS,alcance,18-24,05/01/25,304144,1730,158,84146.71,90306.63
CMP-9475,Liverpool,TikTok Ads,Leads,,06/09/25,286516,4555,705,36633.88,136081.14
CMP-8240,Bimbo,Instagram Ads,Tráfico,25-34,12/05/25,262711,7386,123,42253.95,142919.23
CMP-2403,Banco Azteca,Facebook Ads,Tráfico,55+,20/03/25,232118,2664,198,58926.87,88957.35
CMP-1516,Aeroméxico,Facebook Ads,Conversión,25-34,05/08/25,384315,10812,431,47833.63,136564.16
CMP-5141,Banco Azteca,FACEBOOK ADS,Alcance,18-24,30/07/25,213112,1175,792,3163.68,85571.07
CMP-1656,Liverpool,YouTube Ads,Alcance,18-24,13/10/25,193166,7551,786,77422.19,169414.92
CMP-9896,Telcel,Facebook Ads,Tráfico,25-34,26/09/25,481643,14505,216,73225.1,41265.25
CMP-4806,Liverpool,Instagram Ads,Reconocimiento,18-24,13/07/25,117561,2925,167,27280.85,104243.83
CMP-3536,GM Financial,YouTube Ads,Leads,55+,15/08/25,251412,8363,207,66277.52,171258.64
CMP-3512, GM Financial  ,INSTAGRAM ADS,Alcance,45-54,30/09/25,281960,9446,290,80598.92,93024.06
CMP-5275,Telcel,LinkedIn Ads,Alcance,35-44,27/05/25,211399,9962,524,8361.21,79733.44
CMP-3901,Banco Azteca,INSTAGRAM ADS,alcance,45-54,23/02/25,406797,10078,368,22409.46,12037.58
CMP-1962,GM Financial,TikTok Ads,Reconocimiento,35-44,01/09/25,223778,9210,745,30830.62,176727.7
CMP-4912,Bimbo,Instagram Ads,Tráfico,,06/04/25,283021,4438,327,42136.08,28035.22
CMP-9901,Telcel,Instagram Ads,Reconocimiento,18-24,16/09/25,370702,2285,550,58225.93,110291
CMP-9793,Bimbo,INSTAGRAM ADS,Reconocimiento,45-54,30/08/25,498693,4192,208,51000.23,36246.28
CMP-10814, OnStar  ,YouTube Ads,Tráfico,35-44,14/02/25,301714,12799,,54112.16,175717.91
CMP-4574,GM Financial,TikTok Ads,Reconocimiento,55+,07/01/25,166663,10361,266,66387.56,92029.95
CMP-4822, GM Financial  ,LinkedIn Ads,Reconocimiento,18-24,09/08/25,293010,10733,39,77475.54,186141.64
CMP-10249,Telcel,Google Ads,Reconocimiento,35-44,20/07/25,444759,13323,380,19085.81,120666.11
CMP-2572,GM Financial,FACEBOOK ADS,Conversión,35-44,22/10/25,486814,271,75,45882.01,
CMP-4509, Telcel  ,Google Ads,Conversión,45-54,14/01/25,317523,3517,187,57040.59,68796.3
CMP-8889,Aeroméxico,LinkedIn Ads,Tráfico,25-34,11/04/25,211690,10761,283,42514.27,188889.65
CMP-9981,Telcel,YouTube Ads,Alcance,25-34,15/01/25,419072,6988,757,23092.15,42794.72
CMP-1808,OnStar,Google Ads,Leads,18-24,22/06/25,244485,14494,342,51786.07,34787.78
CMP-3680,Banco Azteca,Facebook Ads,Leads,35-44,07/05/25,111496,5294,269,46086.01,89625.58
CMP-1650, Liverpool  ,INSTAGRAM ADS,Reconocimiento,35-44,13/04/25,418035,10768,289,57910.2,175274.86
CMP-4412,Liverpool,YouTube Ads,Tráfico,45-54,17/02/25,349835,14386,16,12517.56,63433.76
CMP-1806,Bimbo,TIKTOK ADS,Leads,35-44,22/07/25,374491,6147,175,24889.93,
CMP-2268,Banco Azteca,Google Ads,Alcance,55+,13/03/25,399652,1113,109,73340.07,151046.5
CMP-10726,Banco Azteca,Google Ads,Tráfico,18-24,03/03/25,54950,14042,353,28515.5,50308.13
CMP-8976,Aeroméxico,Facebook Ads,Alcance,45-54,15/07/25,103924,6025,693,40599.38,66773.41
CMP-6338,Cerveza Modelo,Facebook Ads,Tráfico,45-54,01/06/25,189778,6981,773,71445.25,116923.76
CMP-1755,Banco Azteca,Instagram Ads,Alcance,35-44,25/01/25,75431,1096,215,63742.83,208131.52
CMP-5599,Banco Azteca,LinkedIn Ads,Tráfico,25-34,28/04/25,361380,14065,410,40119.68,77808.55
CMP-4042,OnStar,LinkedIn Ads,Conversión,35-44,30/04/25,379562,1090,329,64587.76,122912.23
CMP-2888,Telcel,LinkedIn Ads,Alcance,55+,01/05/25,308393,12291,257,,89152.93
CMP-5767, OnStar  ,YouTube Ads,Tráfico,35-44,25/07/25,51312,2143,275,3687.84,100131.74
CMP-8206,OnStar,LinkedIn Ads,Tráfico,35-44,01/10/25,349685,12866,176,45448.35,86667.63
CMP-5586,OnStar,TIKTOK ADS,Alcance,55+,12/01/25,323374,13011,695,3249.26,7539.43
CMP-1565,Aeroméxico,Facebook Ads,Alcance,25-34,12/08/25,99216,6119,173,7346.66,176530.68
CMP-4646,Telcel,YouTube Ads,Conversión,25-34,17/06/25,406698,9522,232,39962.71,172523.43
CMP-10242,Banco Azteca,Google Ads,tráfico,25-34,14/07/25,62006,6236,241,53791.45,98755.63
CMP-2440, Bimbo  ,YouTube Ads,Tráfico,45-54,13/03/25,491309,9264,19,622.92,208988.56
CMP-9791,OnStar,TikTok Ads,tráfico,25-34,28/06/25,378402,1531,304,69505.97,61207.7
CMP-8840,Telcel,YOUTUBE ADS,Tráfico,55+,18/03/25,20151,218,218,32290.77,117680.05
CMP-5172,Banco Azteca,Facebook Ads,Reconocimiento,18-24,19/07/25,31095,3471,793,8700.36,164443.55
CMP-9702,Liverpool,LinkedIn Ads,Tráfico,25-34,07/08/25,22906,592,129,22646.84,
CMP-4630,Bimbo,Facebook Ads,Reconocimiento,25-34,28/06/25,386320,7253,1,76360.92,77725.64
CMP-10188,Aeroméxico,LinkedIn Ads,Reconocimiento,35-44,21/03/25,104771,8652,619,20360.74,46340.64
CMP-6484, Banco Azteca  ,Instagram Ads,Leads,18-24,23/04/25,284239,10006,526,72527.91,21111.12
CMP-7177,GM Financial,LinkedIn Ads,Leads,35-44,26/02/25,444668,4049,664,61988.01,164748.15
CMP-10723,Aeroméxico,LinkedIn Ads,Reconocimiento,25-34,04/04/25,424172,13139,370,44789.99,159817.82
CMP-4205,Aeroméxico,Google Ads,Tráfico,55+,23/02/25,385048,2944,443,64159.47,202845.32
CMP-3955,Cerveza Modelo,LinkedIn Ads,Alcance,25-34,16/01/25,113392,14210,124,65776.12,98914.58
CMP-1875,Aeroméxico,Instagram Ads,Alcance,35-44,02/06/25,453012,14265,612,71093.71,10652.82
CMP-7584,Bimbo,LINKEDIN ADS,Leads,55+,20/10/25,284364,3936,444,56247.2,50487.62
CMP-2636,Cerveza Modelo,Facebook Ads,Alcance,35-44,20/01/25,266699,8276,41,62548.95,85826.7
CMP-5778,Cerveza Modelo,LINKEDIN ADS,Tráfico,25-34,08/04/25,100464,1907,99,40619.5,105677.77
CMP-9070,GM Financial,TikTok Ads,Tráfico,35-44,18/03/25,212647,6541,426,13067.83,18630.61
CMP-8581,Banco Azteca,,Conversión,45-54,15/01/25,159255,1103,798,27865.66,69223.88
CMP-1462,Telcel,LinkedIn Ads,Alcance,45-54,03/03/25,495378,12621,41,55980.51,154578.73
CMP-10227,Aeroméxico,Facebook Ads,Leads,55+,11/10/25,159137,9822,153,53755.71,198924.07
CMP-4796, Aeroméxico  ,TIKTOK ADS,Conversión,25-34,25/07/25,498279,14530,251,68864.17,94691.33
CMP-6480,OnStar,Facebook Ads,Leads,45-54,23/04/25,295015,13779,290,80374.01,216906.05
CMP-9817,Bimbo,TikTok Ads,alcance,25-34,30/03/25,101628,3272,473,,69608.53
CMP-3309,Telcel,YouTube Ads,Alcance,,06/05/25,373018,2894,31,6132.8,143675.64
CMP-3741,Telcel,TikTok Ads,Tráfico,25-34,06/10/25,280473,5015,11,15225.36,150131.92
CMP-5722,Liverpool,LinkedIn Ads,Tráfico,25-34,10/01/25,32535,10136,622,19933.67,180886.12
CMP-1677,Telcel,YouTube Ads,Leads,45-54,28/08/25,324307,6993,331,59043.25,26218.69
CMP-4055,Liverpool,YouTube Ads,Conversión,55+,21/01/25,2240,2240,70,84903.21,169526.9
CMP-1144, Bimbo  ,TikTok Ads,Leads,18-24,01/05/25,448006,5219,185,80662,52452.7
CMP-10256,Liverpool,LinkedIn Ads,Tráfico,25-34,08/03/25,348415,8676,529,69398.52,135331.73
CMP-9592, Bimbo  ,LinkedIn Ads,Conversión,35-44,25/04/25,222873,1663,574,84474.23,89162.9
CMP-1539,Aeroméxico,Google Ads,Conversión,55+,27/04/25,47578,1571,372,39780.53,165015.45
CMP-5012,Aeroméxico,TikTok Ads,tráfico,45-54,25/09/25,454185,6471,727,39970.44,15072.28
CMP-10573,Telcel,Google Ads,Tráfico,25-34,14/06/25,204560,11791,798,1479.09,114995.24
CMP-3989,Bimbo,GOOGLE ADS,Leads,55+,10/01/25,73744,13946,211,64300.17,182000
CMP-10411,Banco Azteca,TikTok Ads,Alcance,45-54,22/10/25,51136,10448,174,5046.74,66935.75
CMP-8536,Liverpool,Google Ads,Conversión,35-44,09/02/25,251600,3131,263,64746.36,87742.91
CMP-8073,Aeroméxico,YouTube Ads,Tráfico,55+,15/08/25,164497,9243,724,46544.63,103534.6
CMP-3403,Aeroméxico,TikTok Ads,Conversión,18-24,04/10/25,115700,13497,448,31707.83,152600.02
CMP-10555,Aeroméxico,TikTok Ads,Alcance,25-34,10/09/25,96272,10161,291,56556.91,6280.61
CMP-7540,Bimbo,Facebook Ads,Leads,18-24,12/10/25,165911,9707,319,58310.81,143658.61
CMP-2981,Banco Azteca,TikTok Ads,Alcance,55+,31/05/25,42523,10650,23,50720.92,139088.47
CMP-5020,Telcel,LinkedIn Ads,Tráfico,18-24,03/07/25,221599,5997,614,14691.58,84979.19
CMP-5407, OnStar  ,Instagram Ads,Reconocimiento,55+,22/01/25,392784,13965,504,28655.51,631.33
CMP-1976,GM Financial,FACEBOOK ADS,Alcance,45-54,17/07/25,68953,5172,163,40678.49,209140.47
CMP-10985,Aeroméxico,Instagram Ads,Leads,45-54,07/02/25,202300,1815,503,65494.71,33062.13
CMP-6762,Aeroméxico,LinkedIn Ads,Alcance,55+,09/10/25,331027,6337,148,61226.06,15867.48
CMP-8762,Liverpool,Facebook Ads,Tráfico,25-34,07/10/25,65152,6733,592,7466.12,216896.95
CMP-7747,Telcel,TikTok Ads,Alcance,55+,29/01/25,309428,5388,73,42802.7,2393.62
CMP-7226, OnStar  ,Facebook Ads,Tráfico,35-44,26/02/25,21513,9906,475,41910.89,186005.73
CMP-3833,Bimbo,TikTok Ads,Conversión,25-34,14/04/25,89719,13758,594,30034.03,128122.3
CMP-3606,OnStar,FACEBOOK ADS,Reconocimiento,55+,19/02/25,110817,3480,630,,144186.83
CMP-6275,Bimbo,TikTok Ads,Alcance,25-34,06/10/25,187972,12154,167,65877.58,154077.58
CMP-1951,Aeroméxico,YouTube Ads,Reconocimiento,18-24,20/04/25,478134,5548,53,11019.96,86606.64
CMP-7118,Liverpool,Facebook Ads,Alcance,45-54,27/10/25,298964,4051,309,40409.21,113544.7
CMP-8273,Banco Azteca,FACEBOOK ADS,Tráfico,35-44,01/08/25,194383,14417,101,53665.26,186372.41
CMP-5021,Liverpool,Google Ads,Conversión,55+,31/03/25,35945,3600,300,67465.31,195130.48
CMP-3329,Telcel,Facebook Ads,Reconocimiento,35-44,27/09/25,332589,10679,428,47568.62,191194.51
CMP-7273,Bimbo,LinkedIn Ads,Conversión,25-34,16/06/25,435866,5601,518,22697.6,196003.3
CMP-7347,Bimbo,TIKTOK ADS,Conversión,25-34,20/08/25,410912,10734,651,26983.85,117660.7
CMP-1412,GM Financial,Instagram Ads,Conversión,55+,09/06/25,488188,12388,594,61236.62,11440.54
CMP-6535,Cerveza Modelo,YouTube Ads,Conversión,45-54,26/07/25,374839,3981,383,40847.41,216700.78
CMP-6716,Bimbo,Facebook Ads,Reconocimiento,25-34,26/06/25,274859,9625,438,28692.36,166238.65
CMP-10022,Aeroméxico,Instagram Ads,reconocimiento,55+,04/05/25,295613,13772,465,51160.41,128139.12
CMP-3896,OnStar,YouTube Ads,Alcance,45-54,27/07/25,304049,7582,24,78470.09,24446.23
CMP-10891,Telcel,Google Ads,Alcance,35-44,24/05/25,227312,178,178,46483.89,93868.23
CMP-1311,Cerveza Modelo,GOOGLE ADS,Leads,35-44,26/01/25,270093,12793,,42582.89,211404.32
CMP-1637,Bimbo,Instagram Ads,Conversión,55+,28/04/25,498856,5870,212,79968.89,44328.06
CMP-7961,Bimbo,Google Ads,Alcance,35-44,10/03/25,491923,7108,785,,204069.82
CMP-4629,Bimbo,YouTube Ads,Alcance,45-54,21/09/25,480384,9036,113,56113.07,
CMP-9196,Cerveza Modelo,YouTube Ads,Alcance,18-24,26/07/25,169031,9769,45,72328.94,45594.48
CMP-6031,GM Financial,YouTube Ads,Conversión,55+,28/06/25,342619,5770,151,14659.05,211784.04
CMP-4634, Bimbo  ,YouTube Ads,Leads,35-44,22/10/25,8124,6731,35,65555.77,205572.84
CMP-3092,Aeroméxico,Instagram Ads,Leads,18-24,28/05/25,74740,6751,33,80662.63,
CMP-6108,Banco Azteca,Google Ads,Conversión,25-34,21/04/25,13577,12224,42,11731.69,9941.42
CMP-2781,Liverpool,Facebook Ads,Leads,55+,22/06/25,325447,1986,231,33219.48,201792.75
CMP-2390,Banco Azteca,Facebook Ads,Alcance,25-34,29/07/25,64888,580,169,37001.62,116770.98
CMP-4149,Bimbo,Google Ads,Alcance,25-34,15/05/25,496418,7544,271,47709.03,
CMP-10208, Bimbo  ,Facebook Ads,Alcance,18-24,09/08/25,58977,6360,593,29562.02,80205.67
CMP-6148,Cerveza Modelo,,Leads,18-24,26/03/25,104396,6739,752,67105.49,146719.93
CMP-1985,Telcel,TikTok Ads,Reconocimiento,35-44,25/03/25,306345,2601,606,48774.64,160210.38
CMP-10852,Telcel,Instagram Ads,Alcance,25-34,24/07/25,52174,6458,99,15255.71,117498.83
CMP-6325,Aeroméxico,LinkedIn Ads,Alcance,45-54,10/07/25,465491,3436,212,13762.27,177829.78
CMP-6476,OnStar,Facebook Ads,Alcance,45-54,11/03/25,377324,1917,30,71842.2,141756.74
CMP-4337,OnStar,TikTok Ads,Leads,45-54,18/07/25,9585,7502,655,43529.14,
CMP-4987,Cerveza Modelo,YouTube Ads,reconocimiento,55+,15/10/25,309147,6122,363,48622.43,119296.48
CMP-2031, Cerveza Modelo  ,YouTube Ads,Reconocimiento,25-34,20/02/25,183143,11075,787,39526.61,10285.43
CMP-1414,Liverpool,Instagram Ads,Reconocimiento,25-34,27/06/25,446916,12193,139,14756.89,145348.85
CMP-10330,GM Financial,Facebook Ads,Reconocimiento,35-44,21/09/25,131547,8747,181,2436.11,148546.51
CMP-2374,GM Financial,YouTube Ads,Conversión,25-34,15/03/25,294525,9180,186,12712.71,158111.02
CMP-8154,Cerveza Modelo,Instagram Ads,Conversión,18-24,10/07/25,475548,12904,379,35655.87,83157.77
CMP-4590,Telcel,LinkedIn Ads,Reconocimiento,35-44,27/06/25,230432,6324,557,5210.36,51926.02
CMP-5334,GM Financial,TikTok Ads,Reconocimiento,45-54,20/05/25,162487,4282,798,5554.57,213212.62
CMP-8338,OnStar,GOOGLE ADS,Conversión,45-54,03/02/25,368514,3218,609,30931.58,64187.71
CMP-9198,Aeroméxico,LinkedIn Ads,Reconocimiento,25-34,20/04/25,2515,2515,624,82647.65,178951.9
CMP-2524,GM Financial,,conversión,35-44,03/01/25,71560,6604,614,53395.56,159530.31
CMP-8691,GM Financial,FACEBOOK ADS,Conversión,25-34,22/01/25,113462,3020,239,42784.01,20658.37
CMP-6268,Telcel,Google Ads,Reconocimiento,18-24,06/02/25,106453,13270,360,53302.22,149153.56
CMP-5039,Banco Azteca,Instagram Ads,Alcance,45-54,23/08/25,180940,14847,134,19561.43,61640.79
CMP-3956,Cerveza Modelo,YouTube Ads,Reconocimiento,35-44,07/03/25,458598,426,426,,57153.48
CMP-9797,OnStar,GOOGLE ADS,Reconocimiento,18-24,18/07/25,59632,3024,566,9250.59,148707.71
CMP-3397, Liverpool  ,LINKEDIN ADS,alcance,45-54,18/05/25,239268,14260,592,27821.01,217391.29
CMP-2648,Bimbo,Google Ads,Alcance,18-24,12/01/25,445379,4395,548,63122.61,217890.68
CMP-6207,Liverpool,Instagram Ads,alcance,55+,30/07/25,208332,6524,184,57457.6,157816.59
CMP-1619,Banco Azteca,FACEBOOK ADS,Leads,45-54,21/07/25,116863,12150,417,52668.12,70843.69
CMP-2536,Liverpool,Instagram Ads,Alcance,55+,24/02/25,431708,2855,424,55638.9,46156.65
CMP-5610,OnStar,Instagram Ads,Reconocimiento,35-44,14/07/25,181404,5733,71,8054.01,189541.29
CMP-2975,Aeroméxico,TikTok Ads,conversión,35-44,26/05/25,227034,9479,343,36322.56,185434.43
CMP-3900,Banco Azteca,,Alcance,25-34,20/06/25,415886,13925,301,9912.16,155244.19
CMP-6119,Telcel,Google Ads,Conversión,35-44,12/07/25,290897,8173,87,69653.91,175388.28
CMP-1740, Bimbo  ,LinkedIn Ads,Conversión,25-34,27/08/25,467907,8792,122,64688.32,117201.39
CMP-6827,Banco Azteca,TikTok Ads,Tráfico,18-24,29/04/25,14285,13600,383,40382.22,125383.53
CMP-3510,Cerveza Modelo,Google Ads,Alcance,25-34,25/06/25,151365,4645,726,17197.47,196038.07
CMP-7674,Banco Azteca,TikTok Ads,Tráfico,45-54,18/02/25,359837,7676,520,57468.72,217512.6
CMP-6341,Bimbo,YOUTUBE ADS,Tráfico,35-44,11/10/25,40106,4322,474,12170.27,26776.82
CMP-7476,Bimbo,GOOGLE ADS,reconocimiento,18-24,13/04/25,473410,1869,707,24744.1,147796.31
CMP-7969,Cerveza Modelo,YouTube Ads,Tráfico,55+,08/08/25,314991,8599,368,35419.99,59849.37
CMP-4807,Aeroméxico,FACEBOOK ADS,Reconocimiento,18-24,12/08/25,255809,659,53,75218.87,110479.33
CMP-10275,Telcel,Facebook Ads,Conversión,,23/09/25,116071,1353,537,21592.09,33058.53
CMP-8953,Banco Azteca,Google Ads,Conversión,55+,01/01/25,128890,12309,542,,29133
CMP-4078,OnStar,Google Ads,Reconocimiento,18-24,25/08/25,420331,12368,519,,120261.99
CMP-4127,Telcel,Google Ads,Reconocimiento,25-34,02/04/25,497565,13709,452,74914.94,106599.64
CMP-9376,Telcel,Instagram Ads,Alcance,45-54,26/01/25,370517,9506,231,5159.91,184010.76
CMP-10934,Banco Azteca,YouTube Ads,Leads,45-54,16/09/25,470214,12645,720,5466.7,67030.51
CMP-7368,OnStar,LINKEDIN ADS,Leads,25-34,30/04/25,205847,11523,639,4490.93,186029.16
CMP-2895,Bimbo,Google Ads,Reconocimiento,45-54,30/01/25,490481,7169,469,59828.05,14305.93
CMP-1743,Cerveza Modelo,Facebook Ads,Reconocimiento,18-24,15/08/25,17019,2433,751,58873.71,31291.04
CMP-7421, Banco Azteca  ,LinkedIn Ads,Leads,25-34,25/06/25,25156,9389,346,58269.47,214956.27
CMP-8816,Liverpool,TikTok Ads,Tráfico,45-54,17/02/25,108791,12100,785,63098.59,165239.36
CMP-4222,Liverpool,TikTok Ads,reconocimiento,25-34,03/01/25,360271,3537,296,67290.27,178222.44
CMP-9010,Cerveza Modelo,Google Ads,Tráfico,55+,18/08/25,83617,3899,508,3972.98,51355.86
CMP-10333,Telcel,YouTube Ads,Tráfico,18-24,10/02/25,153246,682,424,59423.74,70919.97
CMP-7334,Bimbo,Google Ads,alcance,55+,04/01/25,479850,5847,192,27607.76,16077.82
CMP-10858,Liverpool,YouTube Ads,Leads,55+,25/07/25,301136,14781,583,5902.19,163288.6
CMP-6348,Bimbo,Google Ads,Conversión,45-54,21/01/25,194350,11239,468,75255.29,146874.58
CMP-10756,Cerveza Modelo,TIKTOK ADS,alcance,45-54,08/05/25,135997,11176,422,32090.34,212129.19
CMP-7888, Aeroméxico  ,TIKTOK ADS,Reconocimiento,18-24,20/02/25,143181,8352,159,70893.07,75104.18
CMP-8631,Telcel,Instagram Ads,alcance,55+,13/06/25,131238,4446,640,54870.74,70396.77
CMP-10948,Banco Azteca,YouTube Ads,Tráfico,25-34,08/02/25,43297,8764,111,38294.06,57514.7
CMP-10793,GM Financial,Facebook Ads,Reconocimiento,45-54,22/01/25,34880,10254,555,29068.25,8370.39
CMP-2418,Aeroméxico,YouTube Ads,Tráfico,18-24,25/03/25,486189,10883,641,64508.82,206926.25
CMP-5690,Banco Azteca,TikTok Ads,Tráfico,18-24,12/01/25,432881,7191,761,27483.62,133244.64
CMP-1832,Banco Azteca,Google Ads,Reconocimiento,,13/01/25,85372,5859,176,68493.58,198436.23
CMP-7681,Bimbo,Facebook Ads,Alcance,25-34,09/04/25,300655,6370,680,80207.23,92723.78
CMP-3067,Liverpool,TikTok Ads,Reconocimiento,35-44,07/04/25,353534,6527,218,42012.43,41437.25
CMP-5377,Banco Azteca,LinkedIn Ads,Tráfico,55+,16/07/25,207357,10361,78,44302.2,84507.98
CMP-6771,OnStar,Instagram Ads,Conversión,35-44,10/05/25,262001,5951,51,5675.49,76127.09
CMP-7237,Cerveza Modelo,YOUTUBE ADS,Reconocimiento,45-54,15/10/25,444120,9805,155,36180.33,167067.57
CMP-3511,Telcel,TikTok Ads,Reconocimiento,18-24,30/05/25,428403,8440,183,24597.23,39943.59
CMP-1264,Banco Azteca,YouTube Ads,Alcance,45-54,07/04/25,226860,3177,129,26073.59,96296.26
CMP-6170, Telcel  ,Google Ads,conversión,45-54,19/04/25,147202,12599,465,2988.78,180405.22
CMP-10281,Cerveza Modelo,TikTok Ads,Conversión,45-54,21/06/25,152274,7791,762,53974.32,202951.76
CMP-5083,Telcel,YouTube Ads,Leads,45-54,23/10/25,68608,493,430,,202091.56
CMP-4599,Telcel,Facebook Ads,Conversión,18-24,12/02/25,442069,3078,794,41505.47,8884.73
CMP-2569,OnStar,Google Ads,Tráfico,45-54,16/08/25,373391,7090,202,24327.69,214446.28
CMP-3100,GM Financial,Facebook Ads,Alcance,55+,18/09/25,66656,4499,295,45146.48,166335.58
CMP-4432,Cerveza Modelo,LINKEDIN ADS,Alcance,18-24,22/03/25,340945,6895,318,51644.5,
CMP-2257,Aeroméxico,TikTok Ads,Tráfico,18-24,02/03/25,137090,10896,529,52341.55,67052.5
CMP-6176, GM Financial  ,TikTok Ads,Leads,18-24,18/03/25,279551,14749,296,22833.89,85586.48
CMP-9178,GM Financial,LinkedIn Ads,Leads,35-44,10/02/25,179562,912,658,18517.82,
CMP-9083,OnStar,YouTube Ads,Conversión,18-24,23/09/25,261355,6993,218,52341.24,166015
CMP-9469,Liverpool,Google Ads,Leads,25-34,16/06/25,64475,1067,738,50798.87,164205.38
CMP-6015,GM Financial,FACEBOOK ADS,Conversión,45-54,29/07/25,94638,4781,3,24628.52,63984.84
CMP-4371,Cerveza Modelo,Google Ads,Reconocimiento,55+,18/06/25,458729,10503,671,55894.98,969.68
CMP-1214,GM Financial,Instagram Ads,Conversión,25-34,01/03/25,187600,9530,449,12907.41,
CMP-6956,Banco Azteca,TikTok Ads,Leads,55+,16/09/25,419973,840,452,30143.14,37248.88
CMP-3670,Banco Azteca,LINKEDIN ADS,Conversión,18-24,10/02/25,335955,9620,312,80150.6,192055.04
CMP-1356,Banco Azteca,Google Ads,Conversión,25-34,27/04/25,347294,12998,553,5879.63,26447.5
CMP-8499,Telcel,Facebook Ads,Reconocimiento,55+,27/06/25,288012,11708,457,44327.72,1325.1
CMP-1660,Bimbo,TikTok Ads,Reconocimiento,35-44,04/09/25,406526,5924,549,27926.33,99613.9
CMP-2282, OnStar  ,YouTube Ads,Conversión,55+,03/08/25,376411,7906,736,60944.7,117967.09
CMP-2480,Telcel,Google Ads,Reconocimiento,35-44,28/06/25,219656,14089,795,3148.04,150569.04
CMP-7904,Cerveza Modelo,Facebook Ads,Tráfico,35-44,01/04/25,103564,3843,370,41856.8,98564.06
CMP-8820, Banco Azteca  ,Google Ads,Tráfico,55+,29/09/25,259934,14201,473,74055.6,15073.43
CMP-3610,Banco Azteca,Facebook Ads,Reconocimiento,35-44,21/06/25,3009,3009,497,28164.9,96629.46
CMP-4229,Aeroméxico,Facebook Ads,Tráfico,18-24,28/07/25,350738,9295,493,,211689.69
CMP-10407,Cerveza Modelo,YouTube Ads,Reconocimiento,35-44,16/05/25,62558,14774,76,2193.24,22966.65
CMP-3635,Bimbo,YouTube Ads,Tráfico,,11/06/25,463190,2968,728,83846.93,75007.13
CMP-7987,Cerveza Modelo,Facebook Ads,Conversión,45-54,26/01/25,107536,12475,756,27277.65,46830.56
CMP-10587,Cerveza Modelo,TikTok Ads,Leads,18-24,12/01/25,330829,4049,224,26085.99,
CMP-1815,OnStar,Google Ads,Reconocimiento,55+,20/01/25,31167,5076,208,10374.29,64716.77
CMP-2965,Banco Azteca,TikTok Ads,Conversión,18-24,09/03/25,93000,6983,725,67741.38,149741.05
CMP-4450,Banco Azteca,TikTok Ads,Reconocimiento,45-54,10/04/25,264674,11119,385,22663.04,175040.92
CMP-7918, Cerveza Modelo  ,Instagram Ads,Tráfico,45-54,23/06/25,286413,6224,343,73510.75,126203.4
CMP-1768,Cerveza Modelo,Instagram Ads,Leads,18-24,03/02/25,26763,369,369,16037.18,18378.2
CMP-6229,Banco Azteca,TikTok Ads,Conversión,55+,15/01/25,289251,14089,191,47389.34,166917.58
CMP-4333,Aeroméxico,TikTok Ads,Conversión,35-44,17/03/25,344556,10469,59,17007.84,123064.26
CMP-1861,Aeroméxico,YouTube Ads,Tráfico,18-24,30/03/25,36992,5620,111,78697.44,27090.44
CMP-6831,Banco Azteca,INSTAGRAM ADS,Leads,35-44,10/01/25,348808,12434,577,9859.13,9915.68
CMP-9519,Banco Azteca,Instagram Ads,Reconocimiento,55+,06/03/25,252133,11,,43630.27,114000.01
CMP-6931,GM Financial,Facebook Ads,Alcance,18-24,13/07/25,469674,12225,488,13887.74,150737.46
CMP-5441,Banco Azteca,Facebook Ads,Alcance,18-24,28/02/25,459633,6243,609,27967.56,58148.8
CMP-3165,Telcel,INSTAGRAM ADS,Leads,18-24,22/01/25,366614,5008,237,40723.19,65152.64
CMP-3271,Liverpool,Facebook Ads,Conversión,25-34,26/04/25,58974,2859,237,84365.78,12973.44
CMP-10053,Aeroméxico,Google Ads,Alcance,55+,15/10/25,71160,7702,757,74204.04,166364.88
CMP-1116,Banco Azteca,Instagram Ads,Reconocimiento,18-24,10/08/25,237329,11206,538,83542.35,214555.31
CMP-8798,Bimbo,YouTube Ads,Reconocimiento,25-34,22/01/25,225257,6670,452,44097.16,23084.31
CMP-8060,GM Financial,Facebook Ads,Tráfico,18-24,30/04/25,28965,14100,782,20738.33,217209.33
CMP-2967,Bimbo,LINKEDIN ADS,Tráfico,45-54,12/01/25,212660,6048,358,69680.61,110519.37
CMP-5772,OnStar,Google Ads,Reconocimiento,25-34,15/02/25,466602,12233,438,27722.32,30244.42
CMP-5327,GM Financial,YOUTUBE ADS,Alcance,35-44,12/06/25,247310,9631,618,44690.42,75086.98
CMP-1795,GM Financial,Instagram Ads,Conversión,25-34,05/02/25,425955,520,196,66672.64,26238.88
CMP-4717,Banco Azteca,Instagram Ads,Leads,45-54,09/06/25,422732,3047,401,80316.28,46756.99
CMP-7547,Liverpool,LinkedIn Ads,Leads,35-44,12/04/25,17125,13167,413,4755.1,
CMP-1895, Telcel  ,INSTAGRAM ADS,Leads,35-44,11/09/25,212246,1901,709,35790.9,183179.09
CMP-10815,GM Financial,Google Ads,Conversión,55+,14/01/25,300681,3594,20,5810.91,160659.8
CMP-3936,OnStar,LinkedIn Ads,Alcance,55+,13/06/25,176622,12646,356,21325.16,209875.57
CMP-5624,GM Financial,Google Ads,Reconocimiento,55+,26/05/25,472216,4723,106,32021.73,123470.36
CMP-2632,Telcel,TikTok Ads,Reconocimiento,18-24,18/04/25,313811,151,151,52273.56,140894.3
CMP-6509,Telcel,TIKTOK ADS,Conversión,55+,03/07/25,303858,148,148,76402.41,71026.24
CMP-3967,OnStar,YouTube Ads,Conversión,25-34,03/08/25,409623,8472,52,3220.73,106570.83
CMP-10171,Cerveza Modelo,LinkedIn Ads,Reconocimiento,45-54,24/05/25,125351,2214,502,36869.05,166643.36
CMP-1365,Cerveza Modelo,Google Ads,Alcance,45-54,06/04/25,125549,4342,393,45736.73,51011.09
CMP-8562,Bimbo,LinkedIn Ads,Reconocimiento,35-44,03/04/25,402209,11201,361,33275.62,96593.07
CMP-1242,Aeroméxico,TikTok Ads,Tráfico,55+,18/06/25,145300,14854,457,24573.78,124444.9
CMP-5175,Liverpool,INSTAGRAM ADS,Reconocimiento,25-34,04/07/25,313833,5217,407,24523.35,173683.09
CMP-9550,Bimbo,TikTok Ads,Conversión,18-24,05/05/25,477367,7624,125,11440.55,184179.9
CMP-5426,Liverpool,TikTok Ads,Leads,35-44,23/05/25,447644,5312,479,1242.35,120846.69
CMP-9864,GM Financial,Google Ads,tráfico,35-44,02/02/25,292763,11149,109,55419.73,33599.51
CMP-8380,OnStar,YouTube Ads,Reconocimiento,18-24,29/06/25,55258,10766,409,56423.76,28147.04
CMP-6512,Telcel,GOOGLE ADS,Conversión,35-44,08/05/25,166174,7360,431,77393.51,58723.95
CMP-7493,Liverpool,LinkedIn Ads,Alcance,45-54,13/06/25,430768,13783,169,28768.76,89340.64
CMP-7923,Liverpool,,Reconocimiento,55+,27/07/25,454202,11825,22,26025.45,153133.55
CMP-1954,Aeroméxico,LINKEDIN ADS,tráfico,25-34,24/02/25,197703,14139,748,20466.21,187897.41
CMP-4409, Aeroméxico  ,TikTok Ads,Alcance,55+,10/01/25,256265,14622,685,82027.57,101179
CMP-5154,Banco Azteca,YouTube Ads,Leads,45-54,05/04/25,122359,6750,760,71168.4,155412.55
CMP-10424,Banco Azteca,Instagram Ads,Reconocimiento,35-44,25/05/25,412960,14806,761,73270.62,119930.28
CMP-9136,OnStar,Google Ads,Reconocimiento,25-34,07/03/25,393883,4470,386,63442.28,212042.39
CMP-6027,Banco Azteca,INSTAGRAM ADS,Tráfico,55+,24/05/25,228509,2539,155,77432.89,77794.84
CMP-5532,Telcel,LINKEDIN ADS,Reconocimiento,18-24,21/08/25,391336,12191,307,55165.68,23096.37
CMP-6946,Banco Azteca,,Tráfico,35-44,20/05/25,374480,5955,707,7599.75,
CMP-4853,OnStar,TikTok Ads,Conversión,35-44,29/01/25,433162,7901,173,16072.6,47894.73
CMP-4868,Banco Azteca,FACEBOOK ADS,Conversión,25-34,23/02/25,70668,5227,567,77983.99,42402.27
CMP-8237,GM Financial,TikTok Ads,Conversión,35-44,09/07/25,139798,12169,360,48401.14,48479.15
CMP-6896,Liverpool,TikTok Ads,Leads,25-34,25/10/25,251950,11101,28,71204.68,130562.94
CMP-7859,OnStar,YouTube Ads,Conversión,45-54,16/04/25,94153,2252,379,77292.92,28644.99
CMP-8169,GM Financial,LinkedIn Ads,Conversión,45-54,21/05/25,267689,2920,341,65788.86,98403.42
CMP-3061,Telcel,INSTAGRAM ADS,Tráfico,45-54,30/04/25,22250,9749,146,51589.63,175661.46
CMP-10004,Telcel,Google Ads,leads,55+,27/09/25,51746,6089,18,64572.58,154705.06
CMP-5768,Cerveza Modelo,LinkedIn Ads,Tráfico,45-54,17/07/25,421838,4294,314,73452.9,86843.03
CMP-7999,Banco Azteca,FACEBOOK ADS,reconocimiento,55+,04/07/25,292231,11033,263,14876.27,
CMP-2962, Cerveza Modelo  ,LinkedIn Ads,Leads,45-54,27/04/25,117081,1456,501,74585.65,215757.67
CMP-7298,GM Financial,YouTube Ads,Leads,25-34,17/01/25,353163,7863,328,18570.36,28659.16
CMP-10101,Aeroméxico,GOOGLE ADS,Alcance,,08/10/25,260888,8652,284,60223.67,185645.14
CMP-8498,OnStar,Facebook Ads,Tráfico,35-44,20/10/25,168533,3387,547,40403.16,9455.46
CMP-8858,Cerveza Modelo,YouTube Ads,Conversión,25-34,03/08/25,38951,14752,770,,212578.51
CMP-6016,OnStar,TikTok Ads,Conversión,35-44,15/07/25,169729,11466,587,49331.94,157167.36
CMP-8811,Cerveza Modelo,Instagram Ads,reconocimiento,25-34,26/10/25,488260,4825,731,38484.1,62992.25
CMP-4846,Cerveza Modelo,YouTube Ads,Conversión,18-24,20/07/25,84133,7809,731,59067.95,
CMP-9432,Cerveza Modelo,TikTok Ads,Tráfico,25-34,01/09/25,349945,13081,669,63031.11,208404.77
CMP-6978,Cerveza Modelo,Google Ads,Alcance,18-24,05/01/25,404701,6724,385,18198.3,208294.4
CMP-3140, Cerveza Modelo  ,FACEBOOK ADS,Alcance,18-24,21/06/25,15655,11789,745,83097.5,69999.79
CMP-1236,GM Financial,Google Ads,reconocimiento,55+,22/04/25,248459,5517,164,27731.47,172624.52
CMP-2763,Telcel,Instagram Ads,Alcance,55+,07/06/25,455773,2197,665,14601.1,137867.44
CMP-5513,Bimbo,TikTok Ads,Tráfico,45-54,26/10/25,71169,191,64,8428.65,108219.3
CMP-6963,Bimbo,TikTok Ads,Tráfico,45-54,18/04/25,293381,8596,746,42946.78,184320.28
CMP-6770, Cerveza Modelo  ,YouTube Ads,Reconocimiento,55+,11/09/25,402826,2195,,78967.16,13805.95
CMP-9682,GM Financial,INSTAGRAM ADS,Tráfico,18-24,18/04/25,129649,13140,676,27447.55,110904.21
CMP-9894,GM Financial,LinkedIn Ads,reconocimiento,25-34,17/08/25,89625,425,18,60977.44,95039.95
CMP-5667, GM Financial  ,YouTube Ads,Leads,45-54,30/09/25,477657,13450,334,62920.22,94896.64
CMP-7725,Liverpool,TikTok Ads,Alcance,25-34,20/01/25,36694,13235,209,22105.37,191001.85
CMP-3522,Banco Azteca,TikTok Ads,Leads,18-24,16/02/25,75277,9132,529,21749.73,88113.23
CMP-8811,Cerveza Modelo,Instagram Ads,reconocimiento,25-34,26/10/25,488260,4825,731,38484.1,62992.25
CMP-9621,Bimbo,Facebook Ads,Alcance,18-24,21/05/25,320530,7207,350,41844.83,202582.65
CMP-5437,Aeroméxico,TIKTOK ADS,Reconocimiento,18-24,26/01/25,387211,5189,719,69447.82,134519.85
CMP-9998, Bimbo  ,Instagram Ads,Reconocimiento,55+,18/03/25,298900,4825,659,46699.94,165436.05
CMP-1505, Bimbo  ,LinkedIn Ads,Tráfico,45-54,21/05/25,435447,13842,653,39903.64,95238.59
CMP-1330,OnStar,Google Ads,Reconocimiento,45-54,29/06/25,101553,9633,,595.31,36678.08
CMP-4315,Aeroméxico,TikTok Ads,Leads,55+,14/09/25,486334,5050,695,30757.46,4613.3
CMP-10028,Telcel,,Tráfico,55+,07/02/25,301772,2233,545,58224.63,158471.37
CMP-7268,Banco Azteca,TikTok Ads,Alcance,45-54,04/02/25,194587,9321,563,,189385.26
CMP-5848,Telcel,GOOGLE ADS,Conversión,45-54,19/07/25,127711,8248,710,24418.42,117522.46
CMP-7663,Cerveza Modelo,Instagram Ads,Conversión,35-44,13/04/25,46194,14632,45,22319.95,28969.81
CMP-4800,OnStar,YouTube Ads,Conversión,18-24,30/06/25,44555,6908,290,82899.24,44760.67
CMP-10688,Banco Azteca,Instagram Ads,Tráfico,35-44,10/09/25,206965,6202,90,60893.47,34985.53
CMP-10408,Telcel,Instagram Ads,Leads,25-34,15/07/25,430160,7323,61,19319.12,207615.11
CMP-1667,Cerveza Modelo,LinkedIn Ads,Tráfico,55+,03/07/25,477803,10905,781,69050.49,148516.64
CMP-5894,Bimbo,GOOGLE ADS,Tráfico,45-54,03/08/25,248635,12984,556,36499.35,99242.29
CMP-2203,GM Financial,YouTube Ads,Reconocimiento,25-34,03/08/25,475893,10758,93,73216.57,46017.51
CMP-10641,Cerveza Modelo,YouTube Ads,Reconocimiento,55+,06/05/25,311804,6105,565,27487.66,161727.28
CMP-3886,Banco Azteca,YouTube Ads,Conversión,35-44,12/06/25,264644,4891,212,25869.55,43671.96
CMP-6677,GM Financial,TikTok Ads,Tráfico,55+,22/07/25,346958,11335,536,34826.71,2630.57
CMP-6763,Telcel,TikTok Ads,Leads,25-34,29/05/25,12159,3269,575,14957.97,145758.46
CMP-2283,GM Financial,TikTok Ads,Conversión,55+,26/06/25,385122,3850,386,52399.31,99031
CMP-10842,Cerveza Modelo,LinkedIn Ads,Conversión,55+,21/04/25,315244,2306,607,28266.93,189798.09
CMP-7445,Aeroméxico,YouTube Ads,Leads,45-54,22/02/25,140754,9555,434,41256.28,
CMP-2496, GM Financial  ,YouTube Ads,Leads,25-34,21/08/25,411478,12259,697,63841.62,
CMP-5281,Liverpool,TIKTOK ADS,Reconocimiento,35-44,01/09/25,259834,11326,31,,84322.36
CMP-2607,OnStar,LinkedIn Ads,Leads,55+,14/10/25,310545,14001,374,82562.56,42078.07
CMP-8115, GM Financial  ,Instagram Ads,tráfico,18-24,06/07/25,469173,11943,693,77980.88,166151.01
CMP-7106,Telcel,Google Ads,Tráfico,35-44,25/03/25,490409,9061,64,59821.77,151597.95
CMP-7659,OnStar,LinkedIn Ads,Reconocimiento,35-44,07/03/25,9901,1980,201,22654.35,177157.61
CMP-5694,Aeroméxico,Instagram Ads,Leads,25-34,24/05/25,403658,5252,474,69565.34,105522.92
CMP-7245,GM Financial,LinkedIn Ads,Leads,45-54,17/03/25,383718,3366,475,14109.31,125930.92
CMP-4364,Banco Azteca,Instagram Ads,Reconocimiento,,30/06/25,91243,13205,204,22971.49,121490.52
CMP-7941,Liverpool,Facebook Ads,Leads,18-24,29/05/25,158297,2244,334,55911.6,93578.19
CMP-6143, OnStar  ,YOUTUBE ADS,Tráfico,18-24,28/01/25,250259,9750,255,21159.51,188981.09
CMP-7917,Bimbo,TikTok Ads,Alcance,25-34,19/05/25,6050,6050,711,48494.76,153317.39
CMP-8927,Liverpool,TikTok Ads,Reconocimiento,35-44,22/03/25,11516,9204,689,56332.99,103528.84
CMP-3044,Aeroméxico,LinkedIn Ads,Reconocimiento,18-24,15/07/25,308071,4166,569,69804.59,208888.51
CMP-7154,Aeroméxico,Google Ads,Reconocimiento,35-44,07/04/25,301930,12140,5,43087.83,91907.14
CMP-3731, OnStar  ,Google Ads,Alcance,35-44,23/10/25,56189,7640,251,53733.18,33493.87
CMP-8827,Aeroméxico,GOOGLE ADS,alcance,18-24,02/08/25,466905,2585,212,66956.46,21470.98
CMP-10254,Aeroméxico,Google Ads,Reconocimiento,45-54,22/03/25,35238,7654,228,42497.21,196984.82
CMP-8591,GM Financial,Facebook Ads,tráfico,35-44,04/05/25,420333,14894,672,83443.79,183862.95
CMP-5790,Banco Azteca,Instagram Ads,Tráfico,35-44,20/04/25,187651,1765,245,4480.25,159729.76
CMP-2002,Bimbo,Facebook Ads,Alcance,25-34,19/01/25,404740,11529,587,71613.87,
CMP-7978,Telcel,LINKEDIN ADS,conversión,,21/01/25,371398,1521,356,69932.55,79233.36
CMP-3486,Liverpool,Instagram Ads,Tráfico,25-34,13/05/25,118085,13121,398,33764.59,198134.16
CMP-5745, Banco Azteca  ,Google Ads,Tráfico,25-34,11/06/25,212224,1079,781,46722.11,119280.25
CMP-7117,Liverpool,Facebook Ads,Conversión,18-24,19/01/25,402430,2860,752,4687.69,106851.92
CMP-3181,Aeroméxico,LinkedIn Ads,Alcance,18-24,10/07/25,341665,5518,369,56492.11,108769.03
CMP-6902,Bimbo,,Alcance,45-54,22/08/25,287260,11336,543,3483.08,51792.87
CMP-5538, Cerveza Modelo  ,Facebook Ads,Leads,55+,10/03/25,207211,6508,500,17203.67,112279.27
CMP-1950,OnStar,TikTok Ads,Alcance,55+,11/04/25,285624,5989,50,14310.11,213702.77
CMP-1224,Banco Azteca,YouTube Ads,Tráfico,45-54,27/07/25,397910,1577,793,1923.07,201090.84
CMP-7275,Aeroméxico,Facebook Ads,Leads,18-24,13/07/25,345906,7547,404,41350.61,13715.75
CMP-5493,Bimbo,LinkedIn Ads,Tráfico,25-34,20/06/25,156120,14984,359,53724.14,93474.43
CMP-10894,Aeroméxico,Instagram Ads,Leads,25-34,22/06/25,404087,3908,292,45379.72,58059.57
CMP-8963,Aeroméxico,LinkedIn Ads,Leads,35-44,19/05/25,493349,13444,515,27960.84,161360.99
CMP-6248, Aeroméxico  ,Facebook Ads,Reconocimiento,45-54,15/09/25,438147,1756,321,41715.5,69357.4
CMP-5473, GM Financial  ,YouTube Ads,tráfico,55+,16/09/25,240377,9208,745,36450.74,
CMP-3281,OnStar,Google Ads,Leads,45-54,16/02/25,167074,6912,,51114.77,135000.37
CMP-2722,Aeroméxico,LinkedIn Ads,Alcance,55+,18/10/25,37756,6193,609,31560.04,127559.02
CMP-9005,Liverpool,Instagram Ads,Leads,45-54,14/10/25,361059,13973,388,81944.79,55928.57
CMP-5391,Telcel,YouTube Ads,Leads,25-34,11/08/25,190756,8519,602,23062.3,118419.1
CMP-3501,GM Financial,Facebook Ads,Reconocimiento,55+,05/09/25,277862,13898,561,44648.36,4284.57
CMP-8895,Liverpool,Facebook Ads,Leads,45-54,14/09/25,427764,7542,439,82513.99,96804.31
CMP-3895,Liverpool,YouTube Ads,leads,18-24,14/10/25,398832,639,383,68836.11,105855.51
CMP-4653,Bimbo,Instagram Ads,Conversión,18-24,04/03/25,39628,1380,754,39793.29,159342.24
CMP-1528,Telcel,Facebook Ads,Leads,18-24,06/05/25,477650,11223,482,51372.29,147963.2
CMP-6738,Banco Azteca,INSTAGRAM ADS,Leads,18-24,21/08/25,286219,634,445,42942.82,121557.64
CMP-8989,Bimbo,LinkedIn Ads,Conversión,25-34,25/02/25,447663,11930,715,33621.37,45579.77
CMP-7487,Telcel,LINKEDIN ADS,Alcance,18-24,07/07/25,334747,9000,712,69559.03,175079.28
CMP-1119,Aeroméxico,LinkedIn Ads,Alcance,45-54,23/05/25,129186,4345,43,34944.43,171757.59
CMP-3842,Bimbo,TikTok Ads,Tráfico,18-24,05/01/25,288761,3236,273,7854.12,38570.84
CMP-4447,Bimbo,Google Ads,Alcance,45-54,11/07/25,247213,5049,199,,40471.86
CMP-1700, OnStar  ,Google Ads,Tráfico,18-24,13/05/25,34721,10415,788,65614.87,23135.01
CMP-10471,Liverpool,Google Ads,Conversión,18-24,11/02/25,97027,13099,703,36185.42,51665.45
CMP-5245,OnStar,GOOGLE ADS,Reconocimiento,,20/05/25,316524,945,15,58737.54,118259.11
CMP-1850,Cerveza Modelo,YouTube Ads,leads,45-54,24/09/25,45396,3931,478,76343.87,71918.58
CMP-1621,Aeroméxico,Instagram Ads,Alcance,25-34,25/05/25,329970,8434,56,19335.25,38367.91
CMP-9236,Liverpool,Facebook Ads,Alcance,35-44,26/07/25,417420,10525,277,31436.03,116595.64
CMP-8277,Aeroméxico,Google Ads,Reconocimiento,35-44,13/10/25,321109,13036,,84448.46,46436.85
CMP-3090,GM Financial,TIKTOK ADS,Conversión,35-44,17/01/25,154675,6065,161,54879.26,70671.5
CMP-8401,Bimbo,Facebook Ads,Tráfico,55+,01/06/25,284431,5032,657,67897.29,52791.7
CMP-2369,Bimbo,,Reconocimiento,45-54,21/08/25,391916,1387,16,29632.7,42400.04
CMP-6923,GM Financial,Instagram Ads,Leads,35-44,20/04/25,208718,1925,394,1508.51,165632.82
CMP-5413, Banco Azteca  ,Instagram Ads,alcance,55+,24/06/25,277284,12051,327,10292.19,30969.81
CMP-6314,Cerveza Modelo,YouTube Ads,Alcance,55+,24/05/25,144894,9643,281,79545.3,189746.02
CMP-4157,Telcel,Facebook Ads,Tráfico,25-34,02/08/25,234632,6770,13,53831.96,95235.8
CMP-9827,Aeroméxico,,Leads,18-24,04/01/25,461676,14284,428,45723.23,64886.66
CMP-10074,Telcel,LINKEDIN ADS,Tráfico,35-44,29/04/25,55988,10498,572,78230,164248.88
CMP-2161,Cerveza Modelo,YouTube Ads,Conversión,35-44,25/01/25,441221,2420,120,80626.84,151467.31
CMP-5077,Liverpool,YouTube Ads,Conversión,55+,28/09/25,339525,14531,437,15980.61,22833.8
CMP-4399,Liverpool,TikTok Ads,Leads,55+,29/09/25,187537,9350,611,58262.5,145347.79
CMP-3776,Aeroméxico,LinkedIn Ads,Tráfico,25-34,06/05/25,108914,2205,411,77659.96,97930.61
CMP-10904,GM Financial,FACEBOOK ADS,Leads,45-54,25/04/25,326420,8368,313,,171226.68
CMP-6889,Bimbo,TikTok Ads,Leads,25-34,11/03/25,400033,4791,116,66957.07,95801.35
CMP-3539,OnStar,YOUTUBE ADS,Alcance,18-24,08/02/25,356135,6858,733,56829.68,140093.37
CMP-9547,Cerveza Modelo,Google Ads,Reconocimiento,25-34,28/05/25,416290,10570,335,24372.49,68430.1
CMP-5707,Banco Azteca,LinkedIn Ads,Leads,18-24,03/09/25,316210,7492,,20350.66,180914.71
CMP-1629,GM Financial,YouTube Ads,Tráfico,18-24,15/10/25,222259,8034,113,6089.33,142561.43
CMP-8254,Cerveza Modelo,YouTube Ads,Conversión,35-44,09/01/25,351801,9457,258,49963.93,156856.53
CMP-4349,Bimbo,Instagram Ads,Conversión,55+,27/05/25,442847,3112,277,8766.6,39676.67
CMP-5853,Bimbo,Facebook Ads,Conversión,,26/10/25,273306,5883,485,40772.29,149258.65
CMP-3726,Aeroméxico,Instagram Ads,Leads,18-24,04/06/25,446817,4469,277,6832.31,146920.49
CMP-2530,GM Financial,Google Ads,Alcance,35-44,28/03/25,251990,13227,499,17057.64,191569.07
CMP-4198,Telcel,Google Ads,Alcance,35-44,23/06/25,338571,707,207,36819.72,29452.04
CMP-4544,Liverpool,Google Ads,Reconocimiento,45-54,18/08/25,352906,3444,629,17710.59,70064.36
CMP-8774,GM Financial,Facebook Ads,Tráfico,25-34,16/03/25,182068,14242,560,13839.73,199417.51
CMP-3114, OnStar  ,YouTube Ads,Reconocimiento,18-24,18/06/25,267173,2509,172,83424.35,124904.06
CMP-5618,Aeroméxico,Google Ads,conversión,35-44,12/10/25,333151,897,214,7942.01,78673.32
CMP-2329,Aeroméxico,Google Ads,Reconocimiento,55+,09/02/25,126660,11116,,40123.52,172854.19
CMP-8991, Banco Azteca  ,Facebook Ads,Reconocimiento,18-24,19/01/25,302181,9918,335,12141.51,194062.16
CMP-7454,Telcel,YOUTUBE ADS,Alcance,55+,08/02/25,155885,12857,139,17350.5,50103.1
CMP-2020,Bimbo,LinkedIn Ads,Alcance,25-34,24/02/25,333265,1268,353,62349.1,150597.16
CMP-5257,Telcel,YouTube Ads,Conversión,45-54,20/06/25,307863,5012,404,25176.14,144969.7
CMP-2941,OnStar,TikTok Ads,Tráfico,45-54,07/01/25,314216,11769,516,8130.71,154090.57
CMP-6954,Liverpool,YouTube Ads,leads,35-44,13/01/25,408733,14609,,,153038.61
CMP-8700,Cerveza Modelo,LinkedIn Ads,Conversión,18-24,03/09/25,466791,5244,494,18469.54,42749.26
CMP-3521,GM Financial,Google Ads,reconocimiento,25-34,05/06/25,338991,11729,405,30731.51,130983.55
CMP-8301,Cerveza Modelo,TIKTOK ADS,Tráfico,45-54,07/05/25,122762,1329,345,82181.2,184940.32
CMP-9902,Telcel,Facebook Ads,Alcance,,15/08/25,402749,13746,409,32609.77,
CMP-6836,Aeroméxico,Google Ads,Reconocimiento,35-44,25/09/25,425619,4919,748,12335.52,119186.83
CMP-10609, GM Financial  ,LinkedIn Ads,Alcance,25-34,29/05/25,175595,13990,96,11541.57,132225.98
CMP-8085,GM Financial,LinkedIn Ads,Alcance,55+,10/10/25,174393,11703,180,14970.35,65505.98
CMP-7874,Telcel,TikTok Ads,Tráfico,25-34,20/02/25,53692,2682,130,69163.45,10757.51
CMP-5425,Telcel,YouTube Ads,Alcance,18-24,13/03/25,247907,9485,754,77359.79,78888.18
CMP-5220, OnStar  ,LinkedIn Ads,Alcance,45-54,26/08/25,365503,4479,367,73278.29,86694.97
CMP-9916,Cerveza Modelo,TikTok Ads,Reconocimiento,18-24,16/07/25,435740,13257,117,791.22,147595.62
CMP-2158,GM Financial,TikTok Ads,Tráfico,45-54,02/03/25,374831,452,138,77691.02,
CMP-2272,Liverpool,LinkedIn Ads,Leads,18-24,17/04/25,478015,3219,766,1529.9,10868
CMP-5684,Telcel,TikTok Ads,leads,35-44,17/09/25,343143,9981,428,20577.51,25235.72
CMP-4454, OnStar  ,Google Ads,Leads,55+,19/03/25,408078,2161,619,2784.85,151282.04
CMP-8980,Telcel,Google Ads,Alcance,55+,02/10/25,263588,3728,749,56468.8,129867.88
CMP-7085,Bimbo,Facebook Ads,Tráfico,55+,27/08/25,363865,4445,626,52772.93,38470.52
CMP-8183,Liverpool,Facebook Ads,Leads,18-24,02/08/25,58099,85,85,62062.68,199946.53
CMP-3822, Aeroméxico  ,Facebook Ads,Reconocimiento,25-34,21/01/25,287016,417,417,26956.95,
CMP-6958,GM Financial,TikTok Ads,Tráfico,55+,14/04/25,396156,8596,157,28948.54,199685.03
CMP-9818,Cerveza Modelo,Google Ads,Tráfico,55+,15/07/25,389761,4509,200,24091.55,164070.15
CMP-7485,Banco Azteca,Facebook Ads,Leads,25-34,22/09/25,386783,14427,170,31729.81,89498.11
CMP-1616, Bimbo  ,GOOGLE ADS,Alcance,55+,23/01/25,411736,1319,462,23919.66,148759.05
CMP-4472,GM Financial,TIKTOK ADS,Reconocimiento,25-34,05/04/25,36079,13056,521,9954.56,140871.49
CMP-2198,Aeroméxico,LINKEDIN ADS,Conversión,18-24,27/09/25,191541,3736,549,43732.73,
CMP-1305,Banco Azteca,LinkedIn Ads,Tráfico,55+,26/10/25,328978,11531,551,6321.83,42721.21
CMP-2085,Liverpool,INSTAGRAM ADS,Conversión,25-34,20/07/25,260053,5976,692,54287.9,40076.54
CMP-6719, Cerveza Modelo  ,YouTube Ads,Reconocimiento,25-34,18/02/25,323229,3930,339,8766.38,155698.15
CMP-3500,Banco Azteca,TikTok Ads,Alcance,35-44,05/06/25,260063,14121,604,29854.63,90104.19
CMP-6006,OnStar,Google Ads,Tráfico,45-54,16/09/25,497872,8968,766,29957.93,100780.43
CMP-5613,Bimbo,INSTAGRAM ADS,Leads,18-24,16/04/25,279979,779,758,11705.03,191413.73
CMP-4209,Cerveza Modelo,Google Ads,Alcance,55+,12/08/25,221216,1054,577,8870.68,147555.94
CMP-10974, Cerveza Modelo  ,LinkedIn Ads,Leads,18-24,22/02/25,391236,3541,348,67322.81,27015.7
CMP-5254,Liverpool,Facebook Ads,Reconocimiento,35-44,09/07/25,361672,14813,794,42826.75,44838.35
CMP-5558,Liverpool,Instagram Ads,Reconocimiento,55+,26/03/25,343561,9969,677,35531,133265.58
CMP-2566,Aeroméxico,TikTok Ads,Alcance,18-24,15/04/25,122661,9388,725,14624.29,173258.11
CMP-2767,Bimbo,Instagram Ads,Reconocimiento,35-44,12/05/25,341324,4771,9,10388.74,116615.31
CMP-3301,Telcel,YouTube Ads,Reconocimiento,55+,10/03/25,128178,1591,164,53669.83,8623.63
CMP-6221,Bimbo,YouTube Ads,Tráfico,45-54,08/02/25,50903,8501,267,77830.02,43813.77
CMP-3563,Telcel,LINKEDIN ADS,Conversión,45-54,30/05/25,364640,7048,769,50713.14,217572.63
CMP-1098,OnStar,FACEBOOK ADS,Alcance,25-34,04/02/25,288996,4013,184,19036.27,115172.92
CMP-1921,Cerveza Modelo,,Alcance,55+,10/10/25,180673,2087,224,19347.74,167005.19
CMP-5460,Aeroméxico,Instagram Ads,Reconocimiento,18-24,13/06/25,102300,4263,478,,89906.99
CMP-7656,OnStar,Instagram Ads,Conversión,35-44,30/06/25,475507,1572,403,61241.3,107543.56
CMP-6792,Telcel,Google Ads,Leads,18-24,03/09/25,291196,10804,271,65452.33,14313.53
CMP-2793,Aeroméxico,Instagram Ads,Alcance,18-24,05/05/25,3153,3153,397,36576.09,214967.07
CMP-5861,OnStar,YouTube Ads,Leads,55+,26/07/25,254974,12011,118,6224.76,134370.81
CMP-2889,Liverpool,Instagram Ads,Alcance,18-24,24/02/25,275050,9824,576,60157.72,27695.68
CMP-4070, OnStar  ,TikTok Ads,Reconocimiento,25-34,10/04/25,498037,4459,50,57891.55,93171.06
CMP-8589,OnStar,Google Ads,Tráfico,45-54,20/10/25,289300,10288,453,40883.07,
CMP-1537,Telcel,Google Ads,Conversión,55+,09/07/25,149027,11744,341,57832.32,
CMP-10483,GM Financial,Google Ads,Conversión,25-34,15/04/25,69779,13223,664,77512.15,132731.2
CMP-5662,Liverpool,Instagram Ads,Conversión,45-54,15/10/25,404154,8320,133,,39920.57
CMP-3068,Telcel,Facebook Ads,Alcance,18-24,10/01/25,329403,11706,494,84700.74,8359.79
CMP-1143,Liverpool,LinkedIn Ads,Leads,55+,10/10/25,312100,13377,60,27931.15,39479.33
CMP-1371,Aeroméxico,Google Ads,Alcance,55+,29/09/25,444446,14816,40,68618.4,205266.18
CMP-7929,Aeroméxico,TikTok Ads,Reconocimiento,35-44,01/06/25,491331,12144,626,43616.16,80225.76
CMP-4708,Aeroméxico,Facebook Ads,Reconocimiento,55+,18/09/25,187795,2155,479,16458.14,72578.56
CMP-3350,Liverpool,LinkedIn Ads,Tráfico,45-54,22/07/25,80402,14270,361,53574.57,73690.49
CMP-10010,Telcel,LinkedIn Ads,Tráfico,25-34,11/08/25,432526,3984,275,9110.31,127210.74
CMP-10743,GM Financial,Facebook Ads,Alcance,25-34,31/01/25,282031,4889,559,81861.87,75866.51
CMP-3040,GM Financial,YOUTUBE ADS,alcance,18-24,13/09/25,324630,14441,265,2625.6,91386.59
CMP-9608, Aeroméxico  ,GOOGLE ADS,Reconocimiento,25-34,17/06/25,51064,14394,236,84474.87,173423.59
CMP-9978,GM Financial,Facebook Ads,Tráfico,45-54,08/03/25,16267,7102,606,18061.52,24381.98
CMP-8436,OnStar,Facebook Ads,Conversión,35-44,27/03/25,273149,2882,519,62125.55,105692.05
CMP-1659, OnStar  ,FACEBOOK ADS,Leads,45-54,30/01/25,414202,4718,620,82002.7,103883.21
CMP-4725,Bimbo,Instagram Ads,Conversión,55+,18/04/25,358444,2377,761,25615.87,68573.59
CMP-3888,Aeroméxico,Facebook Ads,Conversión,25-34,26/04/25,65787,4645,321,65445.31,
CMP-9562,Banco Azteca,LinkedIn Ads,Alcance,45-54,02/03/25,482828,4346,525,2191.88,160776.13
CMP-5358,Cerveza Modelo,TikTok Ads,Conversión,18-24,29/05/25,277066,273,273,71315.56,206490.08
CMP-1942,Aeroméxico,TikTok Ads,Reconocimiento,45-54,14/10/25,300873,4975,386,12012.91,155453.95
CMP-7124,Telcel,Google Ads,Conversión,25-34,13/07/25,330712,10347,612,33204.09,182779.5
CMP-1174,GM Financial,Google Ads,Tráfico,35-44,13/08/25,71293,7067,235,,213268.85
CMP-10221,GM Financial,LinkedIn Ads,Tráfico,25-34,11/04/25,298198,9001,99,72338.8,180745.56
CMP-9009,OnStar,Instagram Ads,Tráfico,45-54,22/04/25,493412,1613,392,68812.26,67441.56
CMP-2894,Liverpool,Instagram Ads,Reconocimiento,18-24,24/05/25,373620,11636,673,49384.35,192163.85
CMP-10986,OnStar,YouTube Ads,Tráfico,18-24,21/02/25,85253,2361,758,23570.37,116688.85
CMP-10632,Telcel,INSTAGRAM ADS,Leads,18-24,10/08/25,27095,5845,415,6644.28,12339.02
CMP-2345, Cerveza Modelo  ,Instagram Ads,Alcance,18-24,10/07/25,131861,13569,656,44071.1,155902.91
CMP-3359,OnStar,Instagram Ads,Conversión,55+,10/03/25,383637,4811,688,35410.63,21783.7
CMP-6798,Liverpool,YouTube Ads,Conversión,45-54,19/09/25,45123,11594,168,76568.7,137829.93
CMP-2754,Aeroméxico,LinkedIn Ads,Conversión,25-34,21/02/25,429661,2983,29,,25823.53
CMP-3393,Liverpool,TikTok Ads,Alcance,18-24,27/03/25,102749,2689,541,36584.36,153422.95
CMP-6755,Telcel,INSTAGRAM ADS,Reconocimiento,45-54,06/08/25,181828,11208,200,58267.1,26496.51
CMP-3651,Telcel,Facebook Ads,Reconocimiento,18-24,29/08/25,21329,13346,407,57030.64,79935.23
CMP-7869,GM Financial,TikTok Ads,Conversión,55+,19/09/25,143125,1917,24,5739.81,180175.43
CMP-4022,Bimbo,LinkedIn Ads,Alcance,25-34,06/06/25,145255,5325,680,24866.4,64846.47
CMP-6685,Bimbo,LinkedIn Ads,Alcance,18-24,11/04/25,332371,1634,53,52479.27,131645.84
CMP-5169,OnStar,YouTube Ads,Conversión,18-24,14/08/25,61593,7193,799,45375.54,132093.43
CMP-1540,Liverpool,YouTube Ads,Tráfico,45-54,14/05/25,278186,10601,285,,54157.4
CMP-7464,Aeroméxico,Google Ads,Leads,35-44,11/08/25,291929,11136,772,30439.55,215932.27
CMP-7928,Bimbo,LinkedIn Ads,Leads,45-54,15/09/25,336745,9407,149,48352.39,2699.84
CMP-5294,Aeroméxico,TikTok Ads,Reconocimiento,35-44,04/09/25,167235,6007,43,73240.77,68354.51
CMP-7352,Aeroméxico,Facebook Ads,Conversión,25-34,29/06/25,375234,9730,136,39775.06,51530.13
CMP-5165,GM Financial,LinkedIn Ads,Reconocimiento,45-54,10/08/25,99411,8926,713,44806.43,38377.52
CMP-1339,Telcel,LinkedIn Ads,conversión,55+,05/01/25,578,578,152,,42789.2
CMP-5035,Cerveza Modelo,YouTube Ads,Reconocimiento,35-44,28/07/25,460131,9003,195,41177.66,178449.71
CMP-5851,GM Financial,LinkedIn Ads,Alcance,55+,25/04/25,320198,10380,525,7061.06,24080.12
CMP-7622,Liverpool,TikTok Ads,Alcance,55+,07/01/25,457482,10617,461,28791.49,70724.69
CMP-10647,Telcel,INSTAGRAM ADS,Leads,18-24,18/04/25,98927,5585,31,81526.31,57701.21
CMP-9688,Bimbo,LinkedIn Ads,Alcance,55+,09/05/25,426736,7583,616,48999.5,84500.48
CMP-9336,Cerveza Modelo,TikTok Ads,Leads,45-54,17/10/25,245670,6322,373,78867.79,128926.39
CMP-8133,GM Financial,Instagram Ads,Leads,35-44,29/01/25,260479,10291,243,39499.97,64821.83
CMP-2200,OnStar,LinkedIn Ads,Leads,45-54,07/01/25,328858,11953,289,,191997.07
CMP-10954,Aeroméxico,GOOGLE ADS,Alcance,35-44,09/04/25,171053,8122,314,35140.09,44764.06
CMP-1077,OnStar,Google Ads,Conversión,55+,16/05/25,388693,12164,35,49445.91,102991.05
CMP-3410,OnStar,Instagram Ads,Reconocimiento,25-34,01/08/25,487660,6124,511,1443.72,34039.58
CMP-1115,Liverpool,Google Ads,conversión,25-34,06/04/25,74576,6981,340,81126.75,160590.93
CMP-6429,Bimbo,LinkedIn Ads,Tráfico,55+,26/03/25,483281,6204,607,69248.58,16213.11
CMP-7315,OnStar,LinkedIn Ads,Leads,35-44,08/03/25,446706,11526,630,81597.43,90228.01
CMP-5098,Liverpool,Facebook Ads,Tráfico,18-24,11/04/25,308653,14204,605,82450,179640.15
CMP-2455, Aeroméxico  ,YouTube Ads,leads,35-44,10/08/25,28841,14642,197,28785.86,208622.86
CMP-3682,Aeroméxico,YouTube Ads,Reconocimiento,45-54,14/02/25,251794,3462,360,73516.73,57935.72
CMP-5764,GM Financial,Instagram Ads,Alcance,25-34,14/04/25,224248,7423,305,12640.86,35455.31
CMP-4245,Telcel,Google Ads,Tráfico,45-54,01/10/25,135922,10066,608,55095.74,160445.56
CMP-10675,OnStar,Facebook Ads,Alcance,55+,02/03/25,428069,10797,263,6724.02,146386.2
CMP-7376,Liverpool,Facebook Ads,Conversión,18-24,06/08/25,353965,7560,292,58940.82,165998.31
CMP-3094,Aeroméxico,Facebook Ads,Reconocimiento,55+,20/08/25,11952,3504,429,60344.06,115388.96
CMP-3106,Telcel,YOUTUBE ADS,Tráfico,18-24,08/08/25,372981,11870,497,54510.81,100169.35
CMP-3485,OnStar,Google Ads,alcance,55+,03/06/25,473587,8078,,52666.01,104885.52
CMP-2356,Liverpool,LinkedIn Ads,Tráfico,45-54,07/06/25,81486,8060,518,47088.89,125734.2
CMP-6598,Bimbo,Instagram Ads,Conversión,55+,21/10/25,478658,1954,572,36198.13,65651.32
CMP-1974,Cerveza Modelo,TikTok Ads,Conversión,18-24,25/01/25,319259,3362,660,73014.32,142853.79
CMP-3742,Bimbo,Google Ads,Leads,18-24,21/10/25,413722,9486,292,23193.53,56622
CMP-8872,Bimbo,Instagram Ads,Reconocimiento,25-34,14/10/25,60989,2620,9,77743.51,9664.01
CMP-4500,Bimbo,TIKTOK ADS,Alcance,25-34,16/07/25,217101,13495,531,51029.87,173805.23
CMP-8138,Aeroméxico,FACEBOOK ADS,Alcance,45-54,28/09/25,95286,9037,628,43168.59,125051.64
CMP-5347,GM Financial,TikTok Ads,Reconocimiento,45-54,21/10/25,328565,9515,573,44698.22,83431.92
CMP-3730,Aeroméxico,FACEBOOK ADS,Reconocimiento,55+,15/06/25,5804,5804,710,81204.2,99723.6
CMP-9619,Aeroméxico,LinkedIn Ads,Reconocimiento,25-34,14/07/25,446458,8535,32,80376.51,82364.28
CMP-1523,Bimbo,Instagram Ads,Leads,45-54,16/06/25,254004,1493,783,73283.32,103285.45
CMP-5965,GM Financial,Google Ads,Conversión,35-44,18/04/25,382372,5290,654,28560,
CMP-10131,Bimbo,TikTok Ads,Tráfico,35-44,05/08/25,363135,11878,457,75462.6,93301.84
CMP-9700,Telcel,FACEBOOK ADS,Tráfico,35-44,29/08/25,442904,14552,174,48756.79,35130.52
CMP-2783, OnStar  ,Facebook Ads,Tráfico,25-34,21/05/25,439022,8399,379,36666.29,123693.3
CMP-5505,Cerveza Modelo,LinkedIn Ads,Leads,45-54,06/04/25,449505,6196,166,19202.32,37680.63
CMP-8853,Cerveza Modelo,LinkedIn Ads,Reconocimiento,35-44,07/07/25,213965,94,94,8108.13,169474.18
CMP-10629,OnStar,YOUTUBE ADS,Alcance,18-24,20/10/25,385073,10245,717,37304.71,192605.28
CMP-4034,Bimbo,Google Ads,Alcance,25-34,26/06/25,168976,5482,48,69970.82,119483.66
CMP-2220,OnStar,Instagram Ads,Tráfico,35-44,04/01/25,424911,13251,304,30510.35,76530.03
CMP-6436,Bimbo,YouTube Ads,tráfico,25-34,23/04/25,137195,198,136,75282.84,97417.22
CMP-4485,Cerveza Modelo,LINKEDIN ADS,Reconocimiento,25-34,12/01/25,230367,2383,624,60745.11,144546.94
CMP-7439,Aeroméxico,Facebook Ads,Conversión,35-44,07/01/25,350941,12663,293,53050.79,11975.17
CMP-3343,Banco Azteca,TikTok Ads,Alcance,55+,15/07/25,493560,164,21,57727.84,203012.62
CMP-10822,Banco Azteca,Facebook Ads,Alcance,45-54,07/02/25,64198,14235,148,1369.12,169191.17
CMP-7825,GM Financial,Instagram Ads,Conversión,25-34,07/04/25,400558,13981,664,72116.57,169004.24
CMP-4110,Cerveza Modelo,Google Ads,Reconocimiento,55+,12/06/25,14573,1291,753,12627.76,
CMP-1874,Banco Azteca,Facebook Ads,Reconocimiento,18-24,23/05/25,475576,9326,623,4453.53,150667
CMP-4946,Liverpool,Facebook Ads,Tráfico,45-54,18/10/25,307978,12108,750,59470.5,103061.85
CMP-10470,GM Financial,LINKEDIN ADS,Alcance,55+,16/01/25,200527,7612,709,46814.05,98796.17
CMP-9781,Telcel,LinkedIn Ads,Tráfico,35-44,03/03/25,276393,8972,428,52965.69,183653.45
CMP-7187,Aeroméxico,TikTok Ads,Reconocimiento,18-24,07/05/25,427710,11161,119,58546.48,
CMP-9082,Banco Azteca,LinkedIn Ads,Alcance,35-44,07/03/25,233922,9400,744,46405.14,
CMP-8399,Banco Azteca,LinkedIn Ads,Conversión,45-54,21/08/25,97291,12933,206,21259.57,184389.84
CMP-9545,Banco Azteca,LinkedIn Ads,Conversión,25-34,19/05/25,457117,8610,489,53018.35,91548.19
CMP-10856,Bimbo,LinkedIn Ads,Leads,35-44,01/02/25,66081,4753,682,69388.94,86294.14
CMP-6855, GM Financial  ,Google Ads,Conversión,25-34,19/05/25,435999,4105,619,27433.05,177843.37
CMP-3825,GM Financial,,Alcance,35-44,02/04/25,178987,5141,373,70133.2,158436.72
CMP-9483,GM Financial,LinkedIn Ads,Conversión,45-54,21/04/25,266319,13186,562,4386.71,215541.72
CMP-5635,Cerveza Modelo,Instagram Ads,Tráfico,35-44,11/03/25,472389,3655,724,61177.5,142871.11
CMP-2298,Liverpool,Facebook Ads,Alcance,45-54,30/03/25,497595,13495,602,32449.33,16436.16
CMP-2782,Banco Azteca,YouTube Ads,Alcance,18-24,16/02/25,125091,1393,448,19213.66,
CMP-9584,OnStar,TikTok Ads,Alcance,55+,22/07/25,402822,212,212,12439.21,19045.88
CMP-6218, Aeroméxico  ,Instagram Ads,Reconocimiento,55+,02/05/25,458936,2227,686,65563.66,15430.98
CMP-6149, GM Financial  ,TikTok Ads,Conversión,55+,09/10/25,420326,2542,113,35809.18,45748.76
CMP-7675,Aeroméxico,,Leads,55+,11/04/25,414442,7923,12,50415.9,62707.43
CMP-7814,Telcel,Google Ads,Conversión,35-44,09/02/25,105165,3711,233,50005.06,34171.72
CMP-2978,Liverpool,LinkedIn Ads,Alcance,18-24,11/09/25,220191,7766,156,13666.61,19170.2
CMP-9444,GM Financial,Instagram Ads,alcance,55+,23/04/25,379623,1005,274,35695.4,70294.93
CMP-9187,Bimbo,Google Ads,Leads,35-44,28/07/25,251305,12262,630,43088.42,44905.72
CMP-5374, Cerveza Modelo  ,Instagram Ads,Leads,18-24,06/02/25,301908,8201,407,15037.51,61110.03
CMP-5217,GM Financial,YouTube Ads,Leads,25-34,13/01/25,476574,1112,577,31671.09,
CMP-4693,Cerveza Modelo,TikTok Ads,Reconocimiento,18-24,01/02/25,229331,7562,652,65091.24,15833.66
CMP-3273, GM Financial  ,Instagram Ads,Alcance,18-24,08/09/25,236809,1437,438,55188.49,136550.92
CMP-7359,OnStar,Instagram Ads,Leads,45-54,10/03/25,201150,11353,355,75625.41,145751.36
CMP-4256,Cerveza Modelo,TikTok Ads,Conversión,55+,02/09/25,205428,10905,330,55442.98,134429.89
CMP-3561,Telcel,Facebook Ads,conversión,25-34,12/04/25,94858,3710,130,71132.96,159396.1
CMP-7225,Aeroméxico,YouTube Ads,Reconocimiento,55+,26/05/25,7903,1705,305,78492.5,62192.6
CMP-3996,Aeroméxico,Instagram Ads,Leads,25-34,22/02/25,467702,1119,18,82751.41,6368.83
CMP-4748,OnStar,TikTok Ads,Alcance,35-44,27/05/25,408681,11273,521,21840.9,98465.08
CMP-1869,Banco Azteca,Google Ads,Alcance,18-24,15/10/25,164177,14471,521,53512.11,121236.44
CMP-5427,Aeroméxico,GOOGLE ADS,Tráfico,55+,10/10/25,298075,9094,23,37224.12,128158.36
CMP-7845,Bimbo,YOUTUBE ADS,Tráfico,55+,30/08/25,369205,3806,16,49352.77,73195.34
CMP-2001,Liverpool,Google Ads,Alcance,45-54,24/05/25,137575,2798,185,30752.44,
CMP-4774,Cerveza Modelo,Instagram Ads,Reconocimiento,45-54,12/07/25,458069,1269,763,,120429.06
CMP-4142,Banco Azteca,Instagram Ads,Alcance,18-24,07/01/25,20651,1570,197,62300.77,65603.42
CMP-5520,Telcel,FACEBOOK ADS,Leads,25-34,30/05/25,97912,6759,379,21956.34,
CMP-3593,Bimbo,Facebook Ads,Conversión,25-34,20/04/25,365550,9083,285,22535.65,85680.65
CMP-10790,Telcel,FACEBOOK ADS,Conversión,35-44,26/06/25,434226,2070,655,22217.02,176708.25
CMP-6947,Liverpool,YouTube Ads,Tráfico,18-24,07/10/25,350391,8153,271,2929.55,19457
CMP-9900,GM Financial,,Conversión,45-54,18/06/25,330186,2424,232,77138.7,101385.79
CMP-1720,OnStar,YouTube Ads,Alcance,55+,14/09/25,229499,7826,637,8416,45164.69
CMP-7343,Cerveza Modelo,LINKEDIN ADS,Tráfico,55+,21/05/25,132689,12814,194,80386.64,37460.06
CMP-5325,GM Financial,TikTok Ads,Tráfico,45-54,23/04/25,288752,3754,726,68300.66,137833.61
CMP-8179,Telcel,Instagram Ads,Conversión,55+,12/02/25,320058,6730,374,71510.12,66768.83
CMP-1744,Banco Azteca,Google Ads,Alcance,55+,15/01/25,35724,5444,,55226.28,153466
CMP-1454, Telcel  ,Instagram Ads,leads,55+,06/02/25,398280,591,591,81621.09,208122.68
CMP-2601,GM Financial,LINKEDIN ADS,Reconocimiento,35-44,28/01/25,159386,7784,518,41806.58,179324.29
CMP-8087, GM Financial  ,TikTok Ads,Alcance,18-24,07/03/25,322617,11401,402,48436.4,59287.77
CMP-10878,GM Financial,LinkedIn Ads,Alcance,45-54,21/03/25,137868,3818,780,9890.84,
CMP-8236, Cerveza Modelo  ,Instagram Ads,Tráfico,55+,02/04/25,435946,7314,767,76404.43,199354.44
CMP-7065,Aeroméxico,LinkedIn Ads,Alcance,55+,22/08/25,93356,1528,281,47813.52,97484.95
CMP-3396,GM Financial,YouTube Ads,Conversión,45-54,28/02/25,445569,9221,297,50445.2,40584.19
CMP-6839,Banco Azteca,Instagram Ads,Tráfico,35-44,26/03/25,93636,12454,714,10767.31,142779.36
CMP-7005,OnStar,GOOGLE ADS,Alcance,45-54,12/09/25,156981,8857,704,80377.47,8457.08
CMP-8885,Liverpool,TikTok Ads,conversión,45-54,27/07/25,282987,2576,112,13576.14,74927.94
CMP-9226,Telcel,YouTube Ads,Tráfico,55+,27/05/25,478660,11234,727,69755.94,185252.61
CMP-7406,Liverpool,YouTube Ads,Conversión,55+,18/02/25,416097,13275,789,24358.61,130249.29
CMP-7829,OnStar,TikTok Ads,Alcance,55+,26/01/25,499881,13618,167,72357.47,74410.38
CMP-10233,Aeroméxico,Facebook Ads,Leads,25-34,12/07/25,199533,2730,147,7014.46,90769.79
CMP-9709,Telcel,Facebook Ads,Reconocimiento,55+,11/08/25,56369,9499,483,78155.89,
CMP-2801, OnStar  ,YouTube Ads,Alcance,55+,09/03/25,240203,858,705,33662.78,21178.49
CMP-1027,Liverpool,Instagram Ads,Tráfico,,09/07/25,45128,11503,7,15831.09,78714.07
CMP-4939,Cerveza Modelo,TikTok Ads,Tráfico,45-54,02/03/25,421460,13412,100,36365.07,83456.01
CMP-6269,Banco Azteca,TikTok Ads,Conversión,18-24,15/03/25,87587,7898,483,66190.37,54029.22
CMP-9507, Bimbo  ,Facebook Ads,Tráfico,25-34,14/09/25,313147,2960,538,41958.89,136804.03
CMP-7832,Cerveza Modelo,LinkedIn Ads,Conversión,25-34,13/05/25,379852,4720,27,41846.17,44556.69
CMP-6888,Banco Azteca,YouTube Ads,Reconocimiento,45-54,05/09/25,281322,9742,305,49072.96,153336.6
CMP-5124,Banco Azteca,Google Ads,Alcance,25-34,05/10/25,41084,3540,641,75930.26,106364.02
CMP-3456,Banco Azteca,GOOGLE ADS,reconocimiento,45-54,11/04/25,241731,13896,794,31208.29,46811.24
CMP-8070, Bimbo  ,Instagram Ads,Conversión,25-34,21/03/25,213370,13655,314,43406.8,12874.04
CMP-4902,Telcel,LinkedIn Ads,Conversión,35-44,26/07/25,296720,7177,431,40874.97,35372.37
CMP-10927,GM Financial,YouTube Ads,conversión,55+,04/06/25,342823,11957,231,78158.28,211244.48
CMP-3542,Telcel,Facebook Ads,Conversión,35-44,29/07/25,404781,6735,166,11507.41,115609.25
CMP-6848,Liverpool,Google Ads,alcance,18-24,19/09/25,314545,14202,43,14003.77,186976.18
CMP-1430,Banco Azteca,,Tráfico,55+,03/08/25,236335,7361,509,73893.39,168537.69
CMP-4690,Cerveza Modelo,Instagram Ads,Reconocimiento,18-24,21/02/25,382907,7899,93,27080.27,116534.14
CMP-7247,Bimbo,YouTube Ads,Tráfico,25-34,01/08/25,465044,14917,201,9789.01,148396.79
CMP-6358,Cerveza Modelo,TIKTOK ADS,Leads,45-54,19/04/25,485516,6719,436,82287.14,34104.54
CMP-3244,Bimbo,YouTube Ads,Leads,45-54,03/01/25,373952,4261,406,13560.9,192168.78
CMP-5881,Bimbo,Facebook Ads,Conversión,18-24,29/03/25,17854,10819,354,1028.15,159101.28
CMP-2974,Bimbo,Facebook Ads,Leads,35-44,20/01/25,354290,10601,144,80397.55,87236.29
CMP-9433, Aeroméxico  ,LinkedIn Ads,Tráfico,35-44,16/02/25,289633,13417,396,61403.42,98091.17
CMP-3235,GM Financial,Facebook Ads,Conversión,25-34,07/07/25,272081,10526,553,69926.5,170704.9
CMP-10365,Aeroméxico,Google Ads,Conversión,25-34,31/01/25,71612,9998,751,10864.19,152230.07
CMP-8194,OnStar,Google Ads,Reconocimiento,35-44,07/06/25,283187,4658,465,36628.45,42401.51
CMP-3790,Banco Azteca,Facebook Ads,Reconocimiento,45-54,22/08/25,32534,5440,386,4725.29,44745.69
CMP-6062, Telcel  ,,Leads,55+,15/01/25,257069,12594,330,54348.57,207254.51
CMP-5390,Aeroméxico,Facebook Ads,Alcance,55+,13/04/25,159511,13427,323,68739.8,100582.1
CMP-4354,Aeroméxico,Instagram Ads,Tráfico,45-54,14/07/25,107017,12883,532,51527.38,118792.82
CMP-7071,Aeroméxico,Google Ads,Reconocimiento,,23/06/25,449641,3970,250,27433.03,207539.45
CMP-1760,Telcel,TikTok Ads,reconocimiento,25-34,09/03/25,369745,5760,594,65723.91,161403.37
CMP-6073,Bimbo,INSTAGRAM ADS,Tráfico,35-44,07/07/25,155828,7794,205,3425.69,142121.97
CMP-7150,Cerveza Modelo,Facebook Ads,Reconocimiento,25-34,04/03/25,486603,12643,572,12526.08,96232.54
CMP-2724,Aeroméxico,Google Ads,Tráfico,25-34,24/09/25,294359,8042,341,971.28,28083.09
CMP-1299,Liverpool,Facebook Ads,Leads,55+,15/10/25,45327,10918,68,53900.71,89252.22
CMP-5612,Banco Azteca,TikTok Ads,Alcance,35-44,02/10/25,165855,14721,45,34063.25,
CMP-10693,Banco Azteca,Instagram Ads,Alcance,25-34,27/06/25,344428,1971,762,12065.79,91108.16
CMP-1158,GM Financial,TikTok Ads,Reconocimiento,45-54,29/06/25,397063,10433,798,75943.33,191392.67
CMP-1053,OnStar,Facebook Ads,Reconocimiento,55+,06/08/25,24084,12322,355,34412.04,59283.02
CMP-10219,GM Financial,GOOGLE ADS,Conversión,,17/04/25,64338,5878,513,75464.36,
CMP-3580,Cerveza Modelo,TikTok Ads,Alcance,55+,22/09/25,142589,7945,374,13294.9,74945.83
CMP-6825,Banco Azteca,LINKEDIN ADS,tráfico,45-54,20/05/25,471918,11075,470,58481.45,105029.81
CMP-2407,Cerveza Modelo,Google Ads,alcance,25-34,12/10/25,56484,3821,352,55532.7,163105.94
CMP-2055,OnStar,Instagram Ads,Tráfico,45-54,02/01/25,23475,6507,574,36475.25,46665.77
CMP-9654,GM Financial,YouTube Ads,Leads,18-24,28/02/25,216445,10393,507,2866.18,23272.97
CMP-4861,Aeroméxico,Instagram Ads,leads,25-34,05/03/25,226032,126,126,24733.62,1863.02
CMP-3260,Cerveza Modelo,LinkedIn Ads,Tráfico,45-54,17/03/25,83255,8985,191,57702.67,156278.48
CMP-6708,Telcel,LinkedIn Ads,tráfico,18-24,23/06/25,348688,14269,355,43731.62,176348.22
CMP-8802,Cerveza Modelo,Instagram Ads,Conversión,,09/05/25,99004,90,90,27618.14,91823.63
CMP-8102,OnStar,TIKTOK ADS,Alcance,35-44,12/09/25,29378,7317,549,722.83,160105.88
CMP-1778,Bimbo,GOOGLE ADS,Alcance,25-34,14/08/25,468128,11929,91,25719.38,191428.19
CMP-4528,Liverpool,YouTube Ads,Tráfico,35-44,23/07/25,219214,10893,728,39514.55,181807.54
CMP-1984,GM Financial,Instagram Ads,Alcance,55+,18/02/25,416849,6432,490,9284.09,183781.41
CMP-6975, OnStar  ,YouTube Ads,Tráfico,25-34,07/07/25,276183,6708,210,40915.56,188169.99
CMP-3547,Banco Azteca,Facebook Ads,Leads,45-54,07/08/25,499988,12547,247,23476.7,152005.51
CMP-7036,OnStar,Instagram Ads,Tráfico,25-34,20/06/25,355708,14964,55,18839.72,20331.41
CMP-2305,GM Financial,Google Ads,Conversión,45-54,17/05/25,42940,8794,609,69107.98,10050.76
CMP-2674,OnStar,Google Ads,Tráfico,45-54,17/10/25,13484,8528,459,42146.6,185130
CMP-1089,Liverpool,TIKTOK ADS,conversión,45-54,25/09/25,72556,12042,392,1341.66,115555.91
CMP-2446, Liverpool  ,Facebook Ads,reconocimiento,55+,27/01/25,326448,6559,364,69078.43,191097.28
CMP-1165,Telcel,YouTube Ads,Leads,45-54,23/04/25,161656,12597,737,27340.83,
CMP-7387,Telcel,Google Ads,Leads,18-24,07/03/25,215713,9545,148,18887.84,78736.35
CMP-3300,GM Financial,YouTube Ads,Tráfico,55+,04/02/25,184485,1113,382,40573.36,175552.36
CMP-6080,Liverpool,Instagram Ads,Reconocimiento,18-24,09/07/25,365576,14755,227,19699.8,85501.32
CMP-7463,OnStar,LinkedIn Ads,Alcance,25-34,08/02/25,6251,6251,331,3781.38,182540.6
CMP-4750,Cerveza Modelo,YouTube Ads,Tráfico,35-44,01/06/25,191135,10298,269,15350.85,71653.92
CMP-4955, Aeroméxico  ,Instagram Ads,Leads,55+,27/07/25,436487,12418,413,20503.38,75727.06
CMP-4977,Aeroméxico,Instagram Ads,Tráfico,45-54,20/02/25,429251,4267,226,3210.33,44819.58
CMP-3537, GM Financial  ,Facebook Ads,Leads,18-24,27/04/25,433945,2074,660,44521.75,44379.31
CMP-5074,Cerveza Modelo,TikTok Ads,Alcance,45-54,19/02/25,114418,5205,329,28536.99,32772.49
CMP-7531,Bimbo,LinkedIn Ads,reconocimiento,55+,21/09/25,71454,9936,632,27216.85,202775.58
CMP-2828,Liverpool,Google Ads,Leads,45-54,11/09/25,210136,9617,397,44207.22,131454.49
CMP-2230,Cerveza Modelo,TikTok Ads,Alcance,45-54,26/09/25,4384,2132,678,32513.47,9259.14
CMP-4684,OnStar,YouTube Ads,Reconocimiento,25-34,10/10/25,434268,14727,353,8071.89,114202.52
CMP-2878,GM Financial,Google Ads,Tráfico,18-24,13/10/25,492903,11732,459,61506.01,169364.56
CMP-8517,Bimbo,Instagram Ads,Alcance,25-34,13/02/25,408667,10211,199,72477.61,32477.95
CMP-10441,Liverpool,Facebook Ads,Leads,35-44,22/09/25,263389,9785,81,79383.87,215676.94
CMP-5916,Banco Azteca,Facebook Ads,Alcance,55+,05/03/25,300466,11607,322,79181,59419.71
CMP-7914,Cerveza Modelo,Google Ads,Tráfico,45-54,27/07/25,56816,7632,341,30867.73,214647.69
CMP-3441,Banco Azteca,TikTok Ads,Alcance,35-44,24/02/25,46319,4925,634,49868.98,191792.54
CMP-4311,Liverpool,,Leads,35-44,30/06/25,233419,5642,316,34038.82,123788.66
CMP-1397,Liverpool,INSTAGRAM ADS,Leads,45-54,10/01/25,201639,4340,71,60731.43,150471.03
CMP-2641,Aeroméxico,Google Ads,Tráfico,35-44,04/02/25,106222,982,560,1714.64,73152.87
CMP-5957,Liverpool,LinkedIn Ads,Reconocimiento,55+,08/02/25,23124,11265,584,59282.61,75034.76
CMP-2271,OnStar,YouTube Ads,Reconocimiento,18-24,31/08/25,154614,2859,617,51796.16,209383.96
CMP-10612,Banco Azteca,YouTube Ads,Reconocimiento,55+,10/09/25,427959,1025,793,26785.2,174161.58
CMP-7810, Banco Azteca  ,LinkedIn Ads,Tráfico,45-54,18/09/25,324770,1513,405,61888.49,211824.22
CMP-4228,OnStar,Instagram Ads,Leads,55+,10/06/25,450281,6400,209,65338.96,40541.49
CMP-10635,OnStar,Google Ads,Conversión,35-44,03/06/25,211360,12053,498,52756.75,51547.95
CMP-6601,Telcel,YOUTUBE ADS,reconocimiento,35-44,03/06/25,28540,3138,273,,11703.53
CMP-10384,Banco Azteca,Google Ads,tráfico,25-34,12/01/25,266687,8787,734,68430.86,26953.16
CMP-4753,Liverpool,Google Ads,Conversión,55+,24/06/25,355572,816,516,59493.56,35365.8
CMP-5522,Banco Azteca,GOOGLE ADS,Conversión,35-44,24/09/25,344423,14367,738,7391.22,31358.39
CMP-2408,Cerveza Modelo,TikTok Ads,Tráfico,55+,04/01/25,213619,2731,97,19451.3,69444.56
CMP-6531,OnStar,Facebook Ads,Conversión,18-24,04/09/25,199199,5328,160,22596.16,61354.38
CMP-7239,Cerveza Modelo,Facebook Ads,Alcance,35-44,22/09/25,251888,14675,171,75097.38,139377.75
CMP-3518,Cerveza Modelo,YouTube Ads,Reconocimiento,35-44,29/09/25,287071,11977,,56975.61,202902.2
CMP-3918,Liverpool,Facebook Ads,Conversión,45-54,23/04/25,484599,7947,148,7137.96,138133.74
CMP-4645,Cerveza Modelo,GOOGLE ADS,Alcance,45-54,18/08/25,415542,5886,617,,125878.86
CMP-2683,Cerveza Modelo,YouTube Ads,Reconocimiento,25-34,17/03/25,496603,359,359,73666.71,206331.12
CMP-9722,Bimbo,Google Ads,Leads,35-44,27/05/25,266946,9617,588,5694.7,193168.06
CMP-6748,Bimbo,YouTube Ads,Leads,18-24,09/03/25,23401,14172,718,8927.51,170117.97
CMP-10892, GM Financial  ,Facebook Ads,Leads,55+,08/01/25,251769,9621,670,737.36,55750.79
CMP-8114,Aeroméxico,Facebook Ads,Conversión,18-24,25/01/25,476056,8994,597,54614.36,200226.08
CMP-3787,Cerveza Modelo,YOUTUBE ADS,Reconocimiento,45-54,17/09/25,440891,851,112,84458.16,204002.54
CMP-4914, OnStar  ,YouTube Ads,Reconocimiento,18-24,20/03/25,53585,6931,641,58723.79,146983.83
CMP-10065,Liverpool,LinkedIn Ads,Tráfico,25-34,19/06/25,451571,3407,69,29248.19,60780.63
CMP-9122,OnStar,LinkedIn Ads,Reconocimiento,45-54,18/07/25,350814,11900,758,74011.43,79449.01
CMP-7000,Telcel,Facebook Ads,Alcance,55+,07/08/25,423033,4266,244,25021.62,
CMP-7093,Banco Azteca,Facebook Ads,Conversión,25-34,21/03/25,436408,1168,669,33233.8,124531.24
CMP-2069,GM Financial,Facebook Ads,Leads,18-24,22/03/25,60260,3268,748,24623.27,218544.48
CMP-7133,Liverpool,INSTAGRAM ADS,Conversión,25-34,12/07/25,134109,1531,509,65852.72,
CMP-2695, Liverpool  ,Instagram Ads,Leads,18-24,14/03/25,17464,3970,8,8776.59,36585.03
CMP-8637,Banco Azteca,Google Ads,Reconocimiento,35-44,03/06/25,350594,8404,552,6139.02,107277.2
CMP-5656,Cerveza Modelo,Google Ads,Conversión,45-54,27/05/25,272123,2251,86,35362.92,202468.76
CMP-7538,Bimbo,,Alcance,55+,04/04/25,321052,10183,495,83616.81,152117.17
CMP-1674,OnStar,GOOGLE ADS,Conversión,35-44,06/05/25,411568,2697,49,15798.26,72087.71
CMP-3471,OnStar,Facebook Ads,alcance,35-44,07/06/25,181950,10530,50,69074.42,3979.66
CMP-7285,Cerveza Modelo,Google Ads,Reconocimiento,45-54,01/01/25,116265,1153,308,27236.57,1690.62
CMP-9504,Telcel,LinkedIn Ads,Alcance,35-44,17/02/25,420161,10668,339,58969.06,74009.9
CMP-1385,Banco Azteca,GOOGLE ADS,Reconocimiento,25-34,16/02/25,411847,6907,580,7619.57,162381.97
CMP-3557,Telcel,Instagram Ads,Reconocimiento,25-34,25/03/25,102799,14653,25,65532.61,115030.14
CMP-9662,Cerveza Modelo,Facebook Ads,Leads,18-24,14/02/25,291282,4823,79,25750.27,174362.3
CMP-10062,OnStar,LinkedIn Ads,Reconocimiento,18-24,21/08/25,222944,7448,368,51866.74,101651.31
CMP-6805,Bimbo,Facebook Ads,Leads,25-34,11/01/25,234188,2580,90,37736.16,23697.7
CMP-5640,Liverpool,YOUTUBE ADS,Alcance,45-54,15/10/25,289819,5698,283,54206.03,141988.23
CMP-2844,Bimbo,TikTok Ads,Reconocimiento,18-24,11/02/25,292638,12097,741,67981.5,152389.95
CMP-5462,Liverpool,Instagram Ads,Conversión,35-44,08/05/25,302914,4900,277,49396.96,36898.28
CMP-1547,Telcel,Google Ads,Alcance,18-24,21/03/25,100799,1104,296,67637.51,
CMP-10015,Bimbo,Instagram Ads,Alcance,18-24,22/04/25,39999,7157,652,68780.94,95602.13
CMP-6662,Bimbo,TikTok Ads,Reconocimiento,45-54,25/06/25,103089,659,599,20043.92,99502.59
CMP-3374,GM Financial,Google Ads,Alcance,45-54,12/02/25,397702,11864,254,29767.52,162838.24
CMP-4172,Aeroméxico,LinkedIn Ads,Leads,45-54,29/04/25,38691,3189,511,24018.05,206383.1
CMP-4652, Aeroméxico  ,YouTube Ads,Tráfico,18-24,18/01/25,237318,8226,644,674.82,12282.08
CMP-8803,Aeroméxico,LinkedIn Ads,Tráfico,55+,14/03/25,351838,7469,193,82779.43,68216.92
CMP-7839,Banco Azteca,YouTube Ads,Tráfico,25-34,26/09/25,23721,8637,292,57059.76,63781.25
CMP-4257,Bimbo,YouTube Ads,Reconocimiento,45-54,04/09/25,395222,102,102,10444.8,7176.95
CMP-2798,Aeroméxico,Google Ads,Alcance,35-44,18/02/25,346839,13412,628,82946.99,96129.51
CMP-8829,Bimbo,Google Ads,Reconocimiento,18-24,10/06/25,114360,2944,497,14391.12,177289.44
CMP-3225,Liverpool,TikTok Ads,Tráfico,18-24,12/05/25,280584,9117,300,75926.04,86401.64
CMP-7998,OnStar,TikTok Ads,Tráfico,18-24,24/07/25,297164,6184,509,41324.12,93376.21
CMP-2494,Telcel,TikTok Ads,Tráfico,18-24,13/08/25,15771,4168,556,55569.1,212116.96
CMP-9262,Banco Azteca,LinkedIn Ads,reconocimiento,55+,29/03/25,270302,5155,577,80839.35,21435.2
CMP-6789,OnStar,TikTok Ads,Conversión,18-24,12/01/25,280794,2742,780,82884.07,202039.92
CMP-3065,GM Financial,GOOGLE ADS,Leads,25-34,17/02/25,82753,6588,503,44773.43,172740.82
CMP-8914,Liverpool,TIKTOK ADS,Tráfico,55+,29/08/25,259165,2195,325,75068.13,4623.37
CMP-7844,Aeroméxico,YouTube Ads,Conversión,45-54,18/01/25,286836,5582,637,11031.56,158234.39
CMP-2773,Aeroméxico,YouTube Ads,leads,35-44,08/06/25,60944,10428,308,16903.43,6073.4
CMP-8235,Banco Azteca,Instagram Ads,Alcance,45-54,07/05/25,14094,3841,180,66778.61,209214.46
CMP-6637,Cerveza Modelo,Google Ads,Tráfico,45-54,23/07/25,265718,4481,576,73317.7,92571.2
CMP-9647,Liverpool,TikTok Ads,Reconocimiento,25-34,19/02/25,445766,12709,210,63539.4,177002.53
CMP-9476,OnStar,GOOGLE ADS,Reconocimiento,18-24,14/09/25,308796,5448,745,11853.06,77006.39
CMP-3612,Liverpool,YouTube Ads,Alcance,45-54,04/02/25,260700,2189,597,36689.77,207098.69
CMP-1955,GM Financial,LinkedIn Ads,alcance,25-34,29/05/25,476575,3956,112,6665.8,37553.96
CMP-3559,OnStar,TikTok Ads,Tráfico,18-24,27/09/25,451707,10579,321,84483.59,62575.3
CMP-6082,Bimbo,Google Ads,Conversión,35-44,12/02/25,200591,12611,434,20879.89,41317.66
CMP-8450,Liverpool,FACEBOOK ADS,Tráfico,25-34,20/01/25,15832,10605,385,31901.34,151586.29
CMP-5832,Telcel,TikTok Ads,Reconocimiento,45-54,03/10/25,183108,5653,480,6262.69,164137.69
CMP-6518, Bimbo  ,Instagram Ads,conversión,55+,24/03/25,308936,10780,776,78846.49,44774.24
CMP-10092,Telcel,YouTube Ads,Reconocimiento,25-34,11/04/25,158005,7610,406,32455.78,62564.45
CMP-3491,OnStar,Instagram Ads,Reconocimiento,18-24,30/07/25,235313,10102,432,48087.14,78501.22
CMP-9525,Telcel,TikTok Ads,Alcance,35-44,14/09/25,374823,8259,528,5036.34,151316.45
CMP-9633,Cerveza Modelo,FACEBOOK ADS,Tráfico,45-54,16/10/25,432022,7944,252,9895.97,78492.71
CMP-7579,Liverpool,Instagram Ads,Conversión,18-24,23/03/25,397250,14338,530,25971.31,211494.26
CMP-6999,Banco Azteca,Google Ads,Conversión,25-34,25/08/25,49076,8032,782,66886.04,153451.76
CMP-5616,Cerveza Modelo,Google Ads,Reconocimiento,45-54,14/06/25,234724,1301,735,73251.59,20100.09
CMP-2104,Bimbo,LINKEDIN ADS,Reconocimiento,18-24,02/06/25,163975,761,690,22253.05,209573.48
CMP-10236,Aeroméxico,TIKTOK ADS,reconocimiento,55+,03/08/25,131288,4113,112,35027.61,92601.1
CMP-2824,Liverpool,Instagram Ads,Alcance,45-54,11/01/25,190739,4005,713,72085.27,14937.57
CMP-8295,Bimbo,TikTok Ads,Tráfico,18-24,02/07/25,351877,4263,698,29376.07,40741.79
CMP-5161, Banco Azteca  ,GOOGLE ADS,Tráfico,25-34,10/07/25,322424,12830,759,63041.93,45218.42
CMP-6150,Liverpool,LinkedIn Ads,Reconocimiento,25-34,20/08/25,430697,13483,356,44643.03,207826.31
CMP-9843,Bimbo,Facebook Ads,Tráfico,55+,27/09/25,15502,2186,546,75203.82,
CMP-8144,GM Financial,YouTube Ads,Alcance,25-34,31/03/25,188071,5084,,38493.03,116542.62
CMP-10541,Telcel,LINKEDIN ADS,Alcance,35-44,08/01/25,113215,2319,632,30557.88,102601.8
CMP-1832,Banco Azteca,Google Ads,Reconocimiento,,13/01/25,85372,5859,176,68493.58,198436.23
CMP-7820,OnStar,Facebook Ads,Conversión,18-24,16/06/25,166410,11999,272,71288.56,192923.76
CMP-5840,Banco Azteca,Facebook Ads,Alcance,35-44,20/06/25,474377,5704,,69676.5,21050.8
CMP-6621,OnStar,LinkedIn Ads,Tráfico,18-24,12/08/25,493914,1294,242,48415.76,188687.61
CMP-10744, Liverpool  ,Instagram Ads,Tráfico,35-44,16/02/25,430029,14578,467,16589.84,13164.38
CMP-5413, Banco Azteca  ,Instagram Ads,alcance,55+,24/06/25,277284,12051,327,10292.19,30969.81
CMP-3972,Telcel,Facebook Ads,Tráfico,35-44,09/08/25,56144,12912,711,78517.12,149393.77
CMP-1046,Cerveza Modelo,Instagram Ads,Tráfico,25-34,22/03/25,207564,10437,369,30223.35,107009.35
CMP-10643,OnStar,FACEBOOK ADS,Leads,18-24,28/02/25,162622,11601,305,43377.32,24889.21
CMP-9253, OnStar  ,LinkedIn Ads,Reconocimiento,55+,13/04/25,339678,6381,355,25359.31,185975.46
CMP-10225,Bimbo,LinkedIn Ads,Leads,45-54,22/06/25,145323,12661,482,81644.44,191409.41
CMP-7050,Bimbo,LinkedIn Ads,Alcance,18-24,09/01/25,498497,3349,331,30113,195757.91
CMP-7614,Telcel,LinkedIn Ads,Alcance,18-24,16/03/25,282851,892,32,8349.23,146594.27
CMP-4718,GM Financial,TikTok Ads,Reconocimiento,45-54,15/02/25,247063,6700,470,29827.58,4803.58
CMP-3988,Aeroméxico,Instagram Ads,Reconocimiento,25-34,15/03/25,371270,2589,198,77800.31,216391.38
CMP-2228, Banco Azteca  ,TikTok Ads,Leads,18-24,08/09/25,191448,11970,113,13721.57,176927.51
CMP-7605,OnStar,Facebook Ads,Reconocimiento,55+,26/07/25,102183,6243,459,60127.7,113718.92
CMP-7469, Cerveza Modelo  ,YouTube Ads,Alcance,45-54,13/06/25,396923,7382,42,12373.73,133680.61
CMP-10911,Bimbo,TikTok Ads,Leads,45-54,03/04/25,467266,10982,140,65107.84,179610.03
CMP-10453,Aeroméxico,GOOGLE ADS,Tráfico,45-54,11/09/25,403370,11740,43,64440.12,53977.39
CMP-8618, OnStar  ,Instagram Ads,Reconocimiento,25-34,10/01/25,222380,4576,646,14865.59,44687.14
CMP-1120, Bimbo  ,Instagram Ads,Tráfico,55+,20/06/25,355209,7509,591,30547.66,90019.6
CMP-4751,Aeroméxico,YouTube Ads,Leads,55+,13/03/25,199810,13226,538,,133555.85
CMP-1202,Aeroméxico,Google Ads,Tráfico,18-24,18/07/25,495145,7025,98,35810.02,124105.8
CMP-10000,Banco Azteca,YOUTUBE ADS,Tráfico,18-24,05/01/25,134784,2877,769,59283.81,158728.48
CMP-7422,OnStar,Instagram Ads,Tráfico,45-54,27/10/25,43104,9323,667,75408.21,
CMP-1017,Banco Azteca,TikTok Ads,Conversión,45-54,04/10/25,74088,6558,239,41918.58,49348.3
CMP-2775,Banco Azteca,LinkedIn Ads,Alcance,55+,29/08/25,168499,14623,106,83848.11,11334.96
CMP-1772,Telcel,TikTok Ads,Leads,45-54,24/03/25,143490,8652,137,24642.46,162921.66
CMP-2969,Banco Azteca,TikTok Ads,Conversión,18-24,08/05/25,51039,7143,604,12529.2,113064.91
CMP-10067,Banco Azteca,YOUTUBE ADS,alcance,,18/01/25,201520,5661,438,74009.53,67089.57
CMP-9220,GM Financial,TikTok Ads,Tráfico,18-24,26/06/25,260586,7078,772,61600.05,101761.99
CMP-4098, OnStar  ,YouTube Ads,Conversión,55+,18/05/25,377774,2403,749,,146534.79
CMP-5868,OnStar,Google Ads,Tráfico,,02/10/25,445932,10510,646,15268.45,32298.24
CMP-4378,Aeroméxico,TikTok Ads,Alcance,35-44,26/03/25,191564,13186,413,35595.04,15973.57
CMP-5222,Bimbo,,Reconocimiento,18-24,26/09/25,319491,14733,793,2996.27,136733.55
CMP-8881,Bimbo,GOOGLE ADS,Tráfico,18-24,17/02/25,167932,6465,716,44038.52,199379.64
CMP-7086,Telcel,Instagram Ads,Tráfico,55+,17/06/25,8292,3606,103,25011.16,75119.83
CMP-10590,Banco Azteca,TIKTOK ADS,Leads,45-54,22/04/25,40321,8835,,75988,115916.49
CMP-6806,Banco Azteca,TikTok Ads,Reconocimiento,45-54,23/05/25,15468,6788,555,30228.5,93401.17
CMP-7938,Telcel,Google Ads,Alcance,35-44,08/10/25,15584,14844,,78983.99,70596.95
CMP-1416,OnStar,TikTok Ads,Reconocimiento,45-54,02/02/25,52550,3288,,57713.8,150123.76
CMP-6313,Aeroméxico,LINKEDIN ADS,Leads,25-34,30/01/25,43860,14133,163,9083.97,1151.64
CMP-6281,Telcel,Google Ads,Reconocimiento,55+,28/06/25,44842,3126,112,83802.52,84456.42
CMP-7792,GM Financial,TikTok Ads,Leads,,26/05/25,168610,8967,223,31563.91,190669.61
CMP-10269,Bimbo,YouTube Ads,Leads,35-44,24/07/25,227256,750,461,35002.19,168786.09
CMP-8575,OnStar,Facebook Ads,Conversión,18-24,21/03/25,345904,2833,200,10225.64,19474.73
CMP-4885,Banco Azteca,TikTok Ads,Tráfico,18-24,06/10/25,98610,7339,444,29319.13,19888.62
CMP-4816,Bimbo,Facebook Ads,Conversión,55+,26/04/25,180017,14442,259,32736.63,37277.6
CMP-7325, GM Financial  ,YouTube Ads,Tráfico,,17/01/25,471804,13162,343,13559.31,55239.1
CMP-5335,Aeroméxico,Instagram Ads,Conversión,35-44,12/05/25,433520,11165,684,17731.88,76208.5
CMP-3623,Cerveza Modelo,TikTok Ads,Conversión,25-34,20/08/25,293815,3237,414,14433.97,24841.83
CMP-8151,OnStar,FACEBOOK ADS,Leads,35-44,19/02/25,95990,1857,214,65427.29,84894.59
CMP-6283, GM Financial  ,Google Ads,Tráfico,35-44,11/08/25,164425,7547,571,66705.97,50791.78
CMP-2464,Aeroméxico,Instagram Ads,Tráfico,35-44,13/03/25,374477,6369,232,31878.27,112436.81
CMP-6323,Cerveza Modelo,Google Ads,Alcance,25-34,11/02/25,459390,5432,247,38622.07,71103.57
CMP-1259, Bimbo  ,GOOGLE ADS,Leads,55+,10/10/25,396381,11013,293,9255.7,57837.09
CMP-2947,Banco Azteca,INSTAGRAM ADS,Leads,45-54,25/07/25,244221,14781,3,53573.86,19009.88
CMP-10190,Bimbo,YouTube Ads,Leads,18-24,03/07/25,63242,4375,499,23665.43,185364.1
CMP-2843,GM Financial,TikTok Ads,Alcance,25-34,12/04/25,33933,13153,726,11523.88,105807.92
CMP-10298,Liverpool,Facebook Ads,Tráfico,18-24,01/09/25,110569,5754,6,10169.61,146926.12
CMP-8742,Cerveza Modelo,Google Ads,Reconocimiento,45-54,29/03/25,425477,12646,360,,17850.39
CMP-4530,OnStar,YouTube Ads,Alcance,55+,23/09/25,236773,5490,649,923.01,29880.99
CMP-4323, Bimbo  ,Instagram Ads,Conversión,25-34,12/07/25,64672,3402,366,13097.53,171373.49
CMP-1390,Liverpool,LinkedIn Ads,Tráfico,25-34,08/02/25,322167,7633,,16732.35,80745.58
CMP-9739,Bimbo,YouTube Ads,Leads,35-44,18/05/25,287017,9261,,42213.4,101677.07
CMP-1507,Bimbo,LINKEDIN ADS,Reconocimiento,18-24,19/06/25,246058,12571,142,84524.15,57780.4
CMP-8077,Cerveza Modelo,YouTube Ads,Tráfico,35-44,29/08/25,180718,14773,183,54260.28,2452.1
CMP-5621,Telcel,INSTAGRAM ADS,Tráfico,25-34,13/06/25,352533,4284,230,18257.53,209142.06
CMP-5562,Banco Azteca,Facebook Ads,Conversión,35-44,05/03/25,274520,6194,479,13595.59,52721.21
CMP-3208,Cerveza Modelo,YouTube Ads,Conversión,45-54,22/08/25,466060,10994,351,74195.43,168198.46
CMP-3681,OnStar,Instagram Ads,reconocimiento,18-24,15/02/25,70406,8875,459,74136.91,35543.18
CMP-4307, Bimbo  ,TikTok Ads,Reconocimiento,45-54,17/01/25,223667,940,351,74665.77,30860.84
CMP-3646,GM Financial,YOUTUBE ADS,Reconocimiento,45-54,06/08/25,201487,307,307,62366.76,42530.09
CMP-10051,Liverpool,LinkedIn Ads,Alcance,55+,30/04/25,22447,6559,596,26102.61,177989.07
CMP-7257,Banco Azteca,TikTok Ads,Tráfico,35-44,18/01/25,160190,9185,53,82328.81,122696.69
CMP-4998,GM Financial,GOOGLE ADS,Conversión,25-34,05/03/25,172542,9428,226,36375.21,8554.61
CMP-9286,Cerveza Modelo,YouTube Ads,Conversión,25-34,23/02/25,348624,8035,488,17546.89,199791.76
CMP-9839,Banco Azteca,FACEBOOK ADS,Conversión,35-44,07/07/25,323415,5910,713,21462.35,167953.12
CMP-10732,Cerveza Modelo,TikTok Ads,Tráfico,25-34,08/07/25,66667,9522,255,4746.98,80131.04
CMP-1924,Cerveza Modelo,TikTok Ads,Reconocimiento,55+,11/01/25,291666,5008,83,22522.78,157100.22
CMP-6711,OnStar,Instagram Ads,Tráfico,18-24,11/05/25,232954,4829,677,57663.01,219122.94
CMP-9393,Banco Azteca,Instagram Ads,Leads,18-24,09/04/25,124967,3757,73,47693.48,65635.4
CMP-10893,Liverpool,Instagram Ads,Reconocimiento,45-54,03/08/25,347703,7259,199,78332.83,46665.95
CMP-1078,OnStar,Instagram Ads,Leads,18-24,04/03/25,156397,14778,530,26044,82620.12
CMP-8707,Banco Azteca,GOOGLE ADS,Reconocimiento,35-44,25/09/25,40359,6159,495,34052.03,100999.3
CMP-2605,Bimbo,YouTube Ads,Reconocimiento,55+,18/09/25,51267,9278,179,62801.9,8796.26
CMP-6772,Liverpool,Instagram Ads,Tráfico,35-44,25/03/25,207279,14827,257,24834.44,34621.97
CMP-8174,Aeroméxico,LinkedIn Ads,Alcance,35-44,11/04/25,247194,8232,197,63338.86,141905.41
CMP-10936,GM Financial,Facebook Ads,Tráfico,35-44,03/09/25,189894,13817,104,27658.57,95993.34
CMP-3351,Aeroméxico,YouTube Ads,Tráfico,45-54,28/05/25,138801,11250,58,2656.07,15330.17
CMP-9078, Telcel  ,LINKEDIN ADS,Alcance,25-34,18/03/25,129713,3823,376,51812.36,144303.28
CMP-2003,Cerveza Modelo,Facebook Ads,Alcance,25-34,18/01/25,279817,10776,563,22782.96,129097.65
CMP-1230, GM Financial  ,Instagram Ads,Leads,35-44,26/04/25,345813,4862,616,9247.33,15594.97
CMP-9079,Telcel,,Tráfico,18-24,18/03/25,305378,4567,379,54953.83,202037.55
CMP-7767, Cerveza Modelo  ,Facebook Ads,Alcance,35-44,16/02/25,140313,1491,442,2084.87,163947.58
CMP-10697,OnStar,YouTube Ads,Leads,,09/07/25,111558,9178,214,65857.4,106772.3
CMP-3096,GM Financial,Facebook Ads,Alcance,18-24,19/05/25,14058,11827,753,26157.46,129928.29
CMP-3031,Banco Azteca,Facebook Ads,Conversión,55+,01/08/25,96783,5347,197,51620.79,92152.36
CMP-7672,OnStar,INSTAGRAM ADS,Alcance,55+,31/08/25,128135,1891,290,13039.35,167034.6
CMP-4388,Aeroméxico,FACEBOOK ADS,Tráfico,18-24,22/04/25,416582,7811,236,68741.75,156595.33
CMP-3251,Banco Azteca,Google Ads,leads,55+,11/06/25,378080,6878,183,22294.06,76536.16
CMP-10485,OnStar,LinkedIn Ads,Conversión,25-34,03/05/25,294610,5000,793,21901.62,79153.04
CMP-6163,Bimbo,Google Ads,Leads,45-54,17/06/25,43080,14559,154,65948.9,139014.92
CMP-6183,OnStar,FACEBOOK ADS,Alcance,,28/01/25,286043,14462,788,77005.63,55461.05
CMP-9245,Cerveza Modelo,Instagram Ads,Conversión,18-24,15/03/25,306460,843,201,21824.55,70992.88
CMP-5980,Bimbo,LinkedIn Ads,Alcance,45-54,19/07/25,265804,11642,287,24343.32,82153.59
CMP-9650,Banco Azteca,LinkedIn Ads,Alcance,55+,23/01/25,82943,4979,272,12624.39,32401.47
CMP-4391,GM Financial,,Alcance,35-44,16/02/25,486978,2311,444,44946.07,103280.64
CMP-10648, GM Financial  ,YOUTUBE ADS,leads,18-24,30/07/25,406637,13996,68,29277.36,65237.67
CMP-5630,Banco Azteca,Facebook Ads,Alcance,45-54,09/08/25,350021,6996,291,21741.81,155401.47
CMP-9209,Aeroméxico,YouTube Ads,Tráfico,18-24,17/08/25,118807,2468,609,62191.64,206229.46
CMP-6003,OnStar,GOOGLE ADS,Tráfico,,29/06/25,107473,12013,130,46388.25,51659.3
CMP-7986,GM Financial,Google Ads,tráfico,18-24,01/05/25,274314,9746,531,57776.06,191395.64
CMP-3317,Cerveza Modelo,Instagram Ads,Alcance,35-44,23/06/25,449627,47,,32494.48,218292.33
CMP-9182,Telcel,Google Ads,Reconocimiento,35-44,06/10/25,325197,8271,672,48975.18,
CMP-3077,Aeroméxico,TikTok Ads,Tráfico,,02/08/25,363581,5399,794,46562.79,218506.42
CMP-8361,GM Financial,YouTube Ads,Reconocimiento,25-34,21/08/25,72399,7534,253,20041.71,96214.36
CMP-6672, Liverpool  ,TikTok Ads,Conversión,35-44,17/05/25,209267,1518,203,27662.47,95720.37
CMP-7494,Bimbo,YouTube Ads,Leads,35-44,26/03/25,424028,1484,224,80997.36,31733.76
CMP-7759,Aeroméxico,TikTok Ads,Tráfico,35-44,27/10/25,302627,14760,207,7592.85,133453.61
CMP-2994,Aeroméxico,TikTok Ads,Leads,45-54,09/07/25,207215,13275,338,18747.83,91992.85
CMP-10727,Aeroméxico,YOUTUBE ADS,Conversión,35-44,11/09/25,408017,1542,54,73867.11,136055.02
CMP-10907,Cerveza Modelo,Instagram Ads,Reconocimiento,45-54,29/09/25,155695,10605,26,45215.35,20056.61
CMP-2729,Telcel,GOOGLE ADS,Conversión,25-34,09/10/25,149707,5145,194,70224.81,201441.14
CMP-7134,Aeroméxico,Instagram Ads,Tráfico,18-24,02/04/25,164439,8460,337,33838.14,
CMP-10450,Aeroméxico,Facebook Ads,Tráfico,35-44,03/09/25,270408,6087,142,63910.51,70443.26
CMP-9138,OnStar,TikTok Ads,Conversión,25-34,20/01/25,119967,2293,446,38695.39,
CMP-2623,Banco Azteca,Google Ads,Conversión,55+,01/05/25,238524,11938,750,2541.8,179378.14
CMP-2340,Banco Azteca,YouTube Ads,tráfico,55+,18/06/25,294712,13805,607,41073.76,181497.48
CMP-8911,Bimbo,LinkedIn Ads,Reconocimiento,45-54,13/05/25,105262,4951,795,6001.1,180157.3
CMP-2980,GM Financial,YouTube Ads,Leads,45-54,01/03/25,195269,4678,127,4478.61,
CMP-6374,Aeroméxico,Instagram Ads,Leads,25-34,10/02/25,391840,12126,456,2036.4,121450.6
CMP-6772,Liverpool,Instagram Ads,Tráfico,35-44,25/03/25,207279,14827,257,24834.44,34621.97
CMP-8869,GM Financial,Facebook Ads,Tráfico,55+,07/07/25,240332,9287,162,39745.33,55390.83
CMP-5402,OnStar,LinkedIn Ads,Reconocimiento,55+,21/04/25,280967,14027,357,5978.24,143926.68
CMP-3719,Banco Azteca,Instagram Ads,Reconocimiento,18-24,20/02/25,152171,7672,708,65527.31,130978.08
CMP-6929,Bimbo,LINKEDIN ADS,Alcance,35-44,26/06/25,186094,7522,46,83483.42,190437.14
CMP-8786,Bimbo,Facebook Ads,Alcance,45-54,23/07/25,486272,10314,321,51535.62,124253.6
CMP-1217,Aeroméxico,Google Ads,alcance,25-34,20/05/25,181398,4160,723,65977.17,104857.33
CMP-1838,Liverpool,Facebook Ads,Tráfico,25-34,22/09/25,208771,8761,362,79479.76,117061.46
CMP-4602,Banco Azteca,YouTube Ads,Alcance,18-24,31/07/25,425618,5550,252,,156499.6
CMP-5007,Bimbo,Instagram Ads,Tráfico,25-34,22/05/25,100889,14827,333,68947.82,19673.3
CMP-3698,Liverpool,LinkedIn Ads,Conversión,25-34,03/08/25,284168,3411,465,44333.74,74513
CMP-8571,Bimbo,YouTube Ads,Tráfico,25-34,21/05/25,260088,6881,300,50199.36,95911.12
CMP-4262,OnStar,YOUTUBE ADS,Leads,35-44,08/02/25,145683,91,91,22374.51,178080.06
CMP-3948,Telcel,YouTube Ads,Reconocimiento,18-24,07/07/25,106008,5820,572,14779.05,202211.55
CMP-9767, Banco Azteca  ,Facebook Ads,Conversión,35-44,09/10/25,40407,14230,463,27205.2,167043.16
CMP-10277,Bimbo,Instagram Ads,tráfico,55+,15/04/25,160557,3316,57,79345.19,175342.8
CMP-2736, Cerveza Modelo  ,LinkedIn Ads,Leads,45-54,20/10/25,376042,10815,594,34752.39,133087.82
CMP-7731,Liverpool,GOOGLE ADS,Leads,18-24,20/10/25,99194,10049,702,35906,103581.22
CMP-3617,Aeroméxico,FACEBOOK ADS,Conversión,18-24,23/06/25,458696,7302,614,35590.5,
CMP-7553,Liverpool,Facebook Ads,Tráfico,35-44,06/09/25,228721,7309,264,5101.24,10851.74
CMP-8022,OnStar,GOOGLE ADS,Leads,25-34,02/08/25,367308,8128,356,,190586.41
CMP-10843,Liverpool,LinkedIn Ads,Alcance,25-34,03/05/25,359384,11840,119,56309.31,119682.18
CMP-10691,OnStar,TIKTOK ADS,Leads,35-44,17/06/25,499941,12386,371,56354.83,86634.96
CMP-2730,OnStar,YouTube Ads,Conversión,35-44,27/04/25,202069,4636,776,61176.62,120149.31
CMP-3734,Cerveza Modelo,YouTube Ads,Tráfico,45-54,25/09/25,251610,7582,241,13434.24,212968.47
CMP-3348,Banco Azteca,Facebook Ads,tráfico,45-54,09/06/25,20250,10508,683,51974.34,
CMP-8920,Bimbo,Instagram Ads,Reconocimiento,25-34,25/05/25,141153,12876,209,16277.27,216662.16
CMP-6026,Banco Azteca,Google Ads,Leads,18-24,08/09/25,101742,6502,331,57998.93,727.83
CMP-3388,Cerveza Modelo,Google Ads,Tráfico,35-44,07/03/25,12055,12055,,65541.96,191350.5
CMP-9581, Banco Azteca  ,FACEBOOK ADS,Reconocimiento,45-54,17/09/25,17828,5074,656,25740.76,90809.78
CMP-8166,GM Financial,Facebook Ads,Leads,45-54,29/05/25,358843,10940,237,20336.13,61768.31
CMP-7189,Telcel,TikTok Ads,Reconocimiento,25-34,24/02/25,120238,96,96,2720.14,164472.67
CMP-4225,Telcel,Facebook Ads,reconocimiento,18-24,08/01/25,75989,12535,683,77884.18,12828.42
CMP-2714,Aeroméxico,Google Ads,Tráfico,55+,01/08/25,199227,10897,736,69998.23,135688.21
CMP-10687,Banco Azteca,Google Ads,Tráfico,45-54,06/02/25,17097,13984,797,10968.13,61761.64
CMP-7796,Aeroméxico,Instagram Ads,Alcance,18-24,15/02/25,221620,4379,630,81941.42,188102.4
CMP-5917,Aeroméxico,Instagram Ads,Reconocimiento,55+,03/09/25,439969,2171,,79531.56,87711.26
CMP-7807,Cerveza Modelo,TikTok Ads,alcance,35-44,03/10/25,29086,5994,145,1353.5,6102.02
CMP-5776,GM Financial,Google Ads,Tráfico,35-44,18/06/25,3023,3023,76,47098.14,170477.81
CMP-1226,GM Financial,Facebook Ads,Alcance,25-34,01/06/25,422086,9096,,,11783.03
CMP-2531,Cerveza Modelo,Instagram Ads,Reconocimiento,,12/01/25,389170,4309,593,37986.94,53771.72
CMP-2538,Bimbo,TikTok Ads,Conversión,55+,22/06/25,421190,2138,761,,69881.22
CMP-2143,OnStar,Facebook Ads,Conversión,25-34,16/10/25,430942,351,246,40000.35,107164.27
CMP-5243,Liverpool,LinkedIn Ads,Conversión,35-44,15/10/25,306141,1049,288,69041.93,98916.34
CMP-4352,Liverpool,LinkedIn Ads,Leads,25-34,15/02/25,101927,12730,426,2718.31,85028.17
CMP-4497,Cerveza Modelo,INSTAGRAM ADS,Reconocimiento,25-34,19/02/25,361598,3417,714,68981.49,185843.47
CMP-2190,OnStar,Facebook Ads,Tráfico,25-34,16/02/25,240985,5239,699,65543.54,183883.24
CMP-6093,Cerveza Modelo,YouTube Ads,Alcance,45-54,08/08/25,105383,8350,177,30528.57,10211.06
CMP-3873,OnStar,TikTok Ads,Alcance,18-24,16/03/25,389389,5097,159,43066.64,158621.94
CMP-5276,Banco Azteca,LinkedIn Ads,Alcance,45-54,03/07/25,213621,4161,335,32615.05,139715.37
CMP-5013,OnStar,Facebook Ads,Conversión,55+,23/10/25,419028,14076,139,9579.27,119874.31
CMP-4064,Telcel,TikTok Ads,Tráfico,55+,13/09/25,447284,7428,542,78601.75,183098.88
CMP-7713,GM Financial,Google Ads,Tráfico,45-54,23/03/25,327268,663,31,,199395.98
CMP-8936,Bimbo,Google Ads,leads,35-44,10/05/25,283496,7179,452,898,100099.66
CMP-5815,Telcel,TikTok Ads,Tráfico,45-54,15/02/25,490316,1415,137,9820.92,49185.78
CMP-6548,Aeroméxico,Google Ads,Leads,35-44,23/02/25,412648,4182,724,57433.52,126017.89
CMP-9184,Telcel,TikTok Ads,Tráfico,25-34,09/01/25,183423,74,63,30037.74,167197.3
CMP-5428,Aeroméxico,INSTAGRAM ADS,Conversión,45-54,26/09/25,270771,10601,671,2314.98,122908.81
CMP-6557,GM Financial,Facebook Ads,Tráfico,25-34,06/07/25,363211,9184,663,44826.11,186417.72
CMP-3453,GM Financial,TikTok Ads,Leads,18-24,08/08/25,443367,6379,264,17158.67,
CMP-5731,Telcel,LinkedIn Ads,Tráfico,25-34,08/06/25,305220,14314,744,60077.23,13439.81
CMP-4327,Aeroméxico,Facebook Ads,Alcance,25-34,09/03/25,311923,6035,735,9985.58,193565.4
CMP-8007,Cerveza Modelo,TikTok Ads,Tráfico,25-34,31/07/25,169552,11724,684,3999,120912.41
CMP-5011,Liverpool,Facebook Ads,Alcance,25-34,26/07/25,80363,7995,730,24162.27,143946.48
CMP-1345,Cerveza Modelo,TikTok Ads,Tráfico,25-34,26/09/25,295237,13710,619,57780.77,
CMP-3178,OnStar,Instagram Ads,Leads,45-54,08/07/25,9751,8438,,6628.32,136149.7
CMP-8196,Bimbo,Instagram Ads,Alcance,35-44,10/10/25,96429,2047,327,31830.21,61636.65
CMP-3952,OnStar,Facebook Ads,Leads,18-24,02/03/25,445926,1748,399,82077.95,182142.59
CMP-9640,Bimbo,TikTok Ads,leads,35-44,16/02/25,139429,6962,511,79081.92,105067.04
CMP-9671,Telcel,LinkedIn Ads,Reconocimiento,45-54,09/06/25,436410,9669,191,40124.38,173230.38
CMP-2903,Banco Azteca,LinkedIn Ads,Reconocimiento,35-44,01/05/25,194937,2078,80,37556.7,217972.93
CMP-4467,Cerveza Modelo,Facebook Ads,Leads,18-24,23/07/25,329563,4202,49,68008.55,100254.98
CMP-4981,Cerveza Modelo,LinkedIn Ads,Alcance,18-24,03/09/25,431564,7461,513,58277.81,
CMP-6100,GM Financial,TikTok Ads,Alcance,18-24,16/07/25,160850,2800,52,40279.15,175220.99
CMP-10583,Liverpool,TIKTOK ADS,Tráfico,18-24,20/09/25,109379,8815,164,51818.65,82994.78
CMP-3984,Telcel,TikTok Ads,Reconocimiento,25-34,31/01/25,190290,3725,168,21841.64,186075.03
CMP-1968,Liverpool,LinkedIn Ads,Tráfico,25-34,17/01/25,108156,3703,609,10281.58,65630.69
CMP-2665,Liverpool,Instagram Ads,Conversión,45-54,06/05/25,4003,4003,179,35678.87,138040.97
CMP-8096,Banco Azteca,TikTok Ads,Conversión,55+,14/08/25,177957,1990,238,65650.34,
CMP-8900,Aeroméxico,YouTube Ads,Conversión,18-24,07/07/25,278822,12880,436,73475.73,106511.34
CMP-5551,GM Financial,TikTok Ads,Tráfico,18-24,25/01/25,134327,5845,410,57271.58,20823.83
CMP-3303,Liverpool,TikTok Ads,Conversión,55+,15/03/25,438457,3866,301,30540.52,151118.37
CMP-9059,Cerveza Modelo,Instagram Ads,Alcance,55+,21/06/25,491739,2118,273,38396.26,161205.92
CMP-4541,Banco Azteca,Facebook Ads,Alcance,25-34,22/10/25,121224,3941,532,31926.86,128465.35
CMP-3885,Telcel,Google Ads,Reconocimiento,18-24,17/09/25,23294,9676,695,42023.02,15688.86
CMP-10337,Telcel,Google Ads,Conversión,18-24,02/01/25,405454,9719,251,,125632.58
CMP-5301,Telcel,FACEBOOK ADS,Leads,25-34,11/10/25,167993,2205,721,27298.34,14505.37
CMP-7907,Liverpool,LinkedIn Ads,Conversión,18-24,29/01/25,444455,11420,459,6671.91,120544.81
CMP-4239,Cerveza Modelo,Instagram Ads,Conversión,25-34,17/02/25,178302,3326,710,64079.78,79365.09
CMP-8086,Banco Azteca,YouTube Ads,Leads,18-24,02/06/25,172530,645,440,53958.01,85395.53
CMP-5073,Aeroméxico,Facebook Ads,Tráfico,35-44,03/10/25,143032,3630,80,5268.08,183173.79
CMP-10429,Bimbo,Instagram Ads,Alcance,,07/03/25,350003,6405,386,25688.7,11218.97
CMP-6977,Aeroméxico,,Leads,,28/09/25,175147,5629,647,15208.96,201814.16
CMP-7295,Aeroméxico,INSTAGRAM ADS,Reconocimiento,35-44,15/03/25,209356,13115,156,6557.09,
CMP-4277,Aeroméxico,Instagram Ads,Reconocimiento,,20/06/25,42230,12607,647,7009.07,76729.23
CMP-5104,Aeroméxico,LinkedIn Ads,Reconocimiento,25-34,05/10/25,56431,14801,662,77369.67,160079.18
CMP-1337,OnStar,INSTAGRAM ADS,Alcance,55+,01/03/25,369008,6479,437,38340.62,89153.44
CMP-3740,OnStar,TikTok Ads,Reconocimiento,45-54,11/08/25,1094,387,178,53162.32,63658.54
CMP-5774,Cerveza Modelo,LinkedIn Ads,Leads,45-54,15/01/25,108132,8641,576,56103.9,12859.96
CMP-9957,Aeroméxico,Instagram Ads,Leads,25-34,14/03/25,236079,6074,20,8687.55,103105.72
CMP-3538,Banco Azteca,LinkedIn Ads,Leads,18-24,22/05/25,254051,6215,704,69877.33,54668.32
CMP-3800,Aeroméxico,Google Ads,Tráfico,45-54,04/05/25,63034,7690,161,6529.2,57787.92
CMP-4666,OnStar,TikTok Ads,Leads,,09/05/25,127049,7530,471,39907.88,192758.34
CMP-9672,Banco Azteca,YouTube Ads,Alcance,55+,23/09/25,213085,10398,89,81442.19,43405.54
CMP-10755,Aeroméxico,YouTube Ads,Leads,18-24,25/09/25,356718,14517,539,70785.74,
CMP-8810,Liverpool,Instagram Ads,Alcance,25-34,23/07/25,427535,3485,439,39144.81,149454.73
CMP-10759, Liverpool  ,YOUTUBE ADS,Conversión,35-44,30/06/25,334508,6044,198,71219.12,129919.63
CMP-1736,Bimbo,FACEBOOK ADS,Leads,35-44,07/01/25,108422,12276,475,72246.07,22200.72
CMP-4396,Telcel,TikTok Ads,Reconocimiento,35-44,01/08/25,100185,9412,188,80388.11,187967.41
CMP-4694,Bimbo,Facebook Ads,Tráfico,35-44,24/02/25,405531,11497,764,71520.51,91990.86
CMP-1920,Liverpool,Facebook Ads,Reconocimiento,25-34,26/10/25,313355,6117,474,2528.55,72681.92
CMP-3357,Cerveza Modelo,LinkedIn Ads,Tráfico,35-44,21/01/25,399353,5564,339,24644.43,217380.76
CMP-4563,Liverpool,Facebook Ads,conversión,25-34,03/06/25,348579,13203,761,30109.3,184371.78
CMP-8372,Banco Azteca,Google Ads,Conversión,55+,06/08/25,404130,7919,166,68867.07,341.69
CMP-3755,GM Financial,Facebook Ads,Alcance,25-34,21/06/25,123341,3987,552,83393.59,185774.66
CMP-5045,Banco Azteca,YouTube Ads,Conversión,25-34,03/08/25,137956,113,,27284.17,34341.58
CMP-1153,Cerveza Modelo,YouTube Ads,tráfico,45-54,21/06/25,315226,13874,27,51951.34,183617.51
CMP-7720,Banco Azteca,,Conversión,55+,24/04/25,210812,14494,288,45099.74,150176.21
CMP-2769,Telcel,LinkedIn Ads,Reconocimiento,18-24,20/09/25,473292,5427,280,35649.11,187885.37
CMP-3445,Aeroméxico,YOUTUBE ADS,Alcance,55+,29/07/25,47934,11740,98,48417.93,49150.61
CMP-4613,Liverpool,TikTok Ads,Tráfico,35-44,17/10/25,87658,14212,764,36754.41,175114.84
CMP-7511,Banco Azteca,Facebook Ads,Conversión,18-24,16/09/25,200173,4782,761,23449.12,138439.22
CMP-10677,OnStar,TikTok Ads,Alcance,55+,25/10/25,304163,2976,100,67457.32,102740.37
CMP-10593,Bimbo,Instagram Ads,Reconocimiento,45-54,25/09/25,306212,11285,154,81468.9,181583.43
CMP-8408,GM Financial,Instagram Ads,Alcance,45-54,23/05/25,170665,4143,369,34302.23,163589.92
CMP-4102,OnStar,YouTube Ads,Alcance,55+,15/03/25,76860,7237,131,4221.63,170381.4
CMP-7794,Banco Azteca,YouTube Ads,Alcance,25-34,10/04/25,482822,13460,770,67772.98,182597.48
CMP-8438,Telcel,LinkedIn Ads,Tráfico,18-24,01/04/25,321872,6712,676,28296.4,116096.88
CMP-9017,Liverpool,Instagram Ads,conversión,55+,18/05/25,14395,13020,495,45402.11,136413.82
CMP-8957,Telcel,YOUTUBE ADS,leads,25-34,22/02/25,308062,10993,331,29866.49,187377.97
CMP-6970, Bimbo  ,Instagram Ads,Tráfico,35-44,29/03/25,70683,12370,97,67362.98,144608.61
CMP-4097,Bimbo,Facebook Ads,Alcance,35-44,23/02/25,146606,9805,729,80528.35,183678.79
CMP-4503,Banco Azteca,Google Ads,Conversión,25-34,16/10/25,58641,11259,56,3090.14,154586.03
CMP-9675,Banco Azteca,TikTok Ads,Alcance,18-24,28/01/25,123347,3119,2,33196.17,33314.96
CMP-3860,Telcel,TikTok Ads,Tráfico,45-54,15/02/25,99937,5528,217,78180.47,193675.21
CMP-6502,Aeroméxico,Facebook Ads,Conversión,55+,12/07/25,265117,286,55,81196.87,127910.01
CMP-7302,GM Financial,Facebook Ads,Alcance,25-34,29/04/25,310563,2796,146,82588,210296.19
CMP-3003, GM Financial  ,YouTube Ads,Tráfico,45-54,30/09/25,170204,528,179,50001.72,106890.88
CMP-3613,Bimbo,Google Ads,Tráfico,55+,04/08/25,216934,13067,475,38294.39,29877.8
CMP-6415,Banco Azteca,Facebook Ads,Reconocimiento,45-54,03/02/25,403810,8516,754,83511.57,97190.11
CMP-4759,GM Financial,Instagram Ads,Reconocimiento,18-24,03/09/25,391133,1483,448,35662.79,116364.83
CMP-9531,Banco Azteca,Google Ads,Tráfico,35-44,02/01/25,115774,13999,260,19411.26,35793.67
CMP-1013,Cerveza Modelo,Google Ads,reconocimiento,18-24,30/05/25,332796,12391,334,33424.04,218708.44
CMP-2564,Banco Azteca,LinkedIn Ads,Alcance,45-54,26/06/25,123458,6384,383,72041.05,16566.14
CMP-6983,Bimbo,Google Ads,Tráfico,18-24,05/09/25,238505,366,366,25934.94,51138.14
CMP-5444,Bimbo,Facebook Ads,Conversión,55+,30/09/25,141197,7975,289,14435.89,119030.71
CMP-5780,Bimbo,Instagram Ads,Alcance,55+,19/04/25,267156,11851,397,,157409.09
CMP-10840,Liverpool,YouTube Ads,Reconocimiento,35-44,06/04/25,453523,6221,222,,136077.01
CMP-3807,Cerveza Modelo,Google Ads,conversión,18-24,12/10/25,5923,5923,8,6560.85,174115.05
CMP-3974,Cerveza Modelo,Facebook Ads,leads,45-54,22/02/25,486666,12215,22,4238.49,170919.58
CMP-10900,Liverpool,TIKTOK ADS,Conversión,35-44,02/09/25,331803,5840,785,3902.72,183457.7
CMP-1023,Banco Azteca,TikTok Ads,Leads,35-44,28/02/25,382080,1210,765,67195.86,53029.63
CMP-7151,Liverpool,LinkedIn Ads,tráfico,35-44,27/05/25,343865,12709,187,35138.38,192152.83
CMP-7943,GM Financial,LINKEDIN ADS,Conversión,18-24,10/10/25,44572,11375,107,81391.35,217542.72
CMP-2720,Liverpool,GOOGLE ADS,Reconocimiento,18-24,03/04/25,26892,9306,684,65993.98,28785.62
CMP-6847,Bimbo,TIKTOK ADS,Tráfico,55+,22/03/25,161335,8921,103,48067.43,2086.4
CMP-4593,OnStar,YouTube Ads,Leads,25-34,28/09/25,72474,1114,389,73469.83,
CMP-6197,Bimbo,FACEBOOK ADS,Reconocimiento,45-54,26/05/25,491388,1759,36,63962.03,68564.56
CMP-2837,Bimbo,YouTube Ads,Alcance,45-54,29/08/25,12263,10117,323,6176.87,195390.37
CMP-1559,Telcel,LinkedIn Ads,Conversión,45-54,23/05/25,228972,10268,593,82292.75,35514.37
CMP-2138,Cerveza Modelo,LinkedIn Ads,Tráfico,35-44,24/02/25,292846,11997,436,53208.83,98341.96
CMP-7778, Aeroméxico  ,Google Ads,leads,45-54,12/03/25,20505,6296,471,74340.78,163856.78
CMP-7771,Liverpool,Google Ads,Leads,55+,27/02/25,289785,5372,468,51200.55,121314.31
CMP-5168,Telcel,Google Ads,Reconocimiento,45-54,03/09/25,36333,5202,154,62913.27,
CMP-8119,GM Financial,TikTok Ads,Tráfico,45-54,09/10/25,286498,5572,440,44527.61,176366.15
CMP-6443,GM Financial,TikTok Ads,Alcance,,28/05/25,455100,10919,789,41898.86,193526.18
CMP-9554,Cerveza Modelo,TIKTOK ADS,Alcance,35-44,14/08/25,364174,12522,408,60338.26,
CMP-8165,GM Financial,YouTube Ads,Leads,35-44,27/03/25,497803,754,18,43368.24,146293.32
CMP-9327,Aeroméxico,Instagram Ads,Tráfico,18-24,23/08/25,81886,6337,339,8175.79,28682.33
CMP-9851,Liverpool,LinkedIn Ads,Leads,35-44,28/02/25,400687,1927,543,28698.84,68328.31
CMP-9117,OnStar,LinkedIn Ads,Conversión,35-44,02/04/25,414333,10204,91,28579.4,55381.4
CMP-8821,Banco Azteca,TikTok Ads,conversión,25-34,06/02/25,336478,14092,213,23015.97,
CMP-1188, Banco Azteca  ,LinkedIn Ads,Reconocimiento,55+,07/10/25,228764,8603,530,2474.28,80213.11
CMP-8808,Telcel,Facebook Ads,Alcance,45-54,30/05/25,110924,1041,347,61357.36,48413.16
CMP-6226,Telcel,TikTok Ads,Tráfico,25-34,01/10/25,441218,10549,39,,218237
CMP-6928,Telcel,,Reconocimiento,18-24,21/06/25,267101,4658,653,7586.22,10361.14
CMP-5545,Bimbo,TikTok Ads,Tráfico,45-54,05/09/25,296780,334,297,47428.77,75126.63
CMP-8010,OnStar,LinkedIn Ads,Conversión,,08/02/25,38894,1322,384,1117.02,122751.45
CMP-1805,Bimbo,Google Ads,Tráfico,35-44,13/07/25,220470,12327,87,47979.52,35778.84
CMP-7983,Bimbo,Facebook Ads,Alcance,55+,07/02/25,100710,3698,44,18723.31,214804.86
CMP-8991, Banco Azteca  ,Facebook Ads,Reconocimiento,18-24,19/01/25,302181,9918,335,12141.51,194062.16
CMP-2075,Banco Azteca,Facebook Ads,Leads,35-44,08/05/25,454091,3986,309,32048.89,115307.25
CMP-2346,Cerveza Modelo,Google Ads,Reconocimiento,35-44,04/06/25,93897,312,48,44916.99,115455.13
CMP-3014, Banco Azteca  ,Google Ads,Alcance,55+,07/01/25,340877,9048,242,24034.02,177210.29
CMP-10589,Aeroméxico,LinkedIn Ads,Alcance,25-34,09/10/25,381211,11989,222,8892.79,167100.43
CMP-1473,Banco Azteca,TIKTOK ADS,Reconocimiento,45-54,25/07/25,201582,5986,281,48035.05,146054.64
CMP-2473,Liverpool,Google Ads,Leads,45-54,01/02/25,498265,12306,482,22143.04,110008.31
CMP-1418, Aeroméxico  ,Facebook Ads,Alcance,35-44,11/04/25,485135,13623,214,18513.67,
CMP-1839,Aeroméxico,Instagram Ads,leads,35-44,07/02/25,237440,4769,615,73520.27,190885.82
CMP-8364, GM Financial  ,Google Ads,Reconocimiento,25-34,26/06/25,112609,14901,747,82284.15,206160.9
CMP-3347,Bimbo,Facebook Ads,Conversión,35-44,07/05/25,83752,8934,,70976.22,126862.59
CMP-8857,GM Financial,Instagram Ads,Leads,45-54,10/02/25,91854,13466,2,,162627.83
CMP-8592,Bimbo,YouTube Ads,Leads,25-34,19/01/25,172883,7103,658,21349.89,143299.4
CMP-6909,Bimbo,Facebook Ads,Tráfico,55+,20/08/25,302820,372,372,,135394.88
CMP-10418,Aeroméxico,Instagram Ads,alcance,35-44,21/01/25,396268,8231,99,51280.2,201218
CMP-4877,GM Financial,Google Ads,Leads,25-34,23/07/25,88355,7322,770,23797.79,121020.25
CMP-1967,Aeroméxico,Instagram Ads,leads,25-34,29/07/25,343277,3330,227,22521.59,205560.59
CMP-7784, GM Financial  ,LinkedIn Ads,Tráfico,25-34,22/02/25,79831,14245,513,3696.02,31799.39
CMP-10512,Liverpool,YouTube Ads,Alcance,55+,03/05/25,384386,12007,312,34936.9,114236.71
CMP-5279,Bimbo,Google Ads,Alcance,,29/04/25,260523,11738,34,7557.97,203556.95
CMP-1385,Banco Azteca,GOOGLE ADS,Reconocimiento,25-34,16/02/25,411847,6907,580,7619.57,162381.97
CMP-10902,Banco Azteca,Instagram Ads,reconocimiento,18-24,04/06/25,253340,786,234,67308.79,210316.22
CMP-1915,Liverpool,Instagram Ads,Alcance,45-54,05/04/25,433023,5041,693,66970.55,14790.15
CMP-1532,Liverpool,LinkedIn Ads,Reconocimiento,55+,08/08/25,9218,9218,772,24708.67,116722.39
CMP-4351,Cerveza Modelo,Facebook Ads,conversión,25-34,13/04/25,238244,12864,705,76576.83,175479.78
CMP-4197,Liverpool,TikTok Ads,conversión,35-44,08/06/25,19830,3604,79,30531.85,52271.18
CMP-1675,Bimbo,YouTube Ads,Tráfico,45-54,23/08/25,381365,14627,747,23233.51,11971.61
CMP-5443,Liverpool,Google Ads,Alcance,45-54,26/05/25,81060,14025,629,72065.18,212620.91
CMP-6251,GM Financial,LinkedIn Ads,Conversión,45-54,17/09/25,41168,2789,113,82469.25,76412.68
CMP-6587,Banco Azteca,Facebook Ads,Reconocimiento,45-54,05/02/25,130829,10453,451,15992.55,78010.53
CMP-9084,Telcel,Instagram Ads,Conversión,18-24,24/07/25,213557,2017,56,81877.64,158402.45
CMP-5579,GM Financial,FACEBOOK ADS,reconocimiento,55+,10/05/25,5247,3265,761,43446.36,138411.65
CMP-3406,Bimbo,TikTok Ads,Tráfico,45-54,09/03/25,194136,5389,455,7233.55,203566.4
CMP-7022,Aeroméxico,FACEBOOK ADS,Tráfico,35-44,16/04/25,441351,3749,611,70187.42,151539.42
CMP-6344,GM Financial,YouTube Ads,Reconocimiento,55+,08/07/25,127304,9249,418,56744.19,113608.35
CMP-3413,Cerveza Modelo,Facebook Ads,Tráfico,18-24,26/04/25,432572,5206,771,58678.44,3433.45
CMP-8466,GM Financial,YouTube Ads,Tráfico,45-54,13/04/25,309434,12878,789,39694.33,79600.11
CMP-3950,Aeroméxico,TikTok Ads,Alcance,35-44,17/10/25,193244,14351,621,36327.72,156455.53
CMP-9912,Aeroméxico,Instagram Ads,Conversión,45-54,25/02/25,200305,13602,529,70994.01,195227.53
CMP-7950,Bimbo,Instagram Ads,Leads,35-44,01/09/25,407858,14489,145,36700.84,48164.48
CMP-4051,Bimbo,LinkedIn Ads,Alcance,35-44,30/09/25,229136,6986,391,13835,139632.21
CMP-2516, Telcel  ,Google Ads,Alcance,45-54,27/06/25,125720,13565,231,64052.91,87418.84
CMP-5354,Cerveza Modelo,YouTube Ads,Reconocimiento,45-54,23/04/25,281585,5701,567,47933.36,137082.35
CMP-1533,Liverpool,YouTube Ads,Leads,55+,06/05/25,66036,5679,603,66762.37,164126.11
CMP-8524,OnStar,TikTok Ads,Tráfico,18-24,26/06/25,18830,707,411,15789.37,203010.06
CMP-3584,Bimbo,Facebook Ads,Leads,18-24,22/07/25,283376,7271,531,54328.49,202452.46
CMP-4620,Liverpool,LinkedIn Ads,Tráfico,45-54,18/05/25,191925,6942,708,52987.96,79262.95
CMP-4920,Banco Azteca,TikTok Ads,Leads,25-34,25/02/25,171930,13896,338,,33301.85
CMP-6869,Aeroméxico,TIKTOK ADS,Leads,25-34,16/06/25,255618,2056,550,44807.74,83830.02
CMP-3493, OnStar  ,LinkedIn Ads,Alcance,25-34,01/08/25,410566,14415,714,26721.55,190370.51
CMP-10836,OnStar,Google Ads,Leads,35-44,12/08/25,435452,693,172,53279.96,103456.49
CMP-7570,Bimbo,YouTube Ads,Alcance,25-34,28/03/25,231425,11522,140,59431.78,87143.54
CMP-8916,Aeroméxico,Facebook Ads,Conversión,18-24,11/08/25,255446,4628,179,36771.85,204992.41
CMP-5983,OnStar,LinkedIn Ads,Reconocimiento,18-24,19/01/25,434165,7340,36,52562.78,144279.24
CMP-10030,Banco Azteca,LinkedIn Ads,Tráfico,55+,02/07/25,399128,10706,531,31735.33,23320.94
CMP-1860, GM Financial  ,YouTube Ads,Alcance,18-24,12/05/25,407551,5771,26,65422.83,206800.01
CMP-2544,Bimbo,YOUTUBE ADS,Tráfico,55+,23/03/25,295415,1726,346,79070.92,156910.46
CMP-6472,Bimbo,Instagram Ads,Reconocimiento,25-34,16/04/25,394735,13662,304,72290.44,
CMP-6471,GM Financial,TikTok Ads,Conversión,55+,11/10/25,291573,5385,383,82082.29,
CMP-9170,Aeroméxico,Facebook Ads,Conversión,45-54,26/02/25,107747,2292,501,53351.75,144660.96
CMP-8665,Cerveza Modelo,Instagram Ads,Alcance,18-24,01/06/25,499032,12408,88,58694.08,474.52
CMP-9609,GM Financial,YouTube Ads,Alcance,25-34,15/06/25,339001,5924,511,19439.74,168960.12
CMP-5827,Cerveza Modelo,Google Ads,Reconocimiento,25-34,12/06/25,452856,11955,256,67325.31,21136.76
CMP-6391,Bimbo,TikTok Ads,Leads,55+,05/04/25,90858,1726,743,23098.41,
CMP-5669,Cerveza Modelo,LinkedIn Ads,tráfico,35-44,16/01/25,264040,7292,69,50757.21,116687.71
CMP-9467,Liverpool,TikTok Ads,Alcance,45-54,10/08/25,415904,7527,151,857.2,56204.6
CMP-1625,Bimbo,LINKEDIN ADS,Alcance,18-24,20/02/25,489418,1835,598,81787.52,34260.96
CMP-1714,Bimbo,Facebook Ads,Reconocimiento,55+,25/02/25,421458,766,115,18592.79,83911.77
CMP-3856,Telcel,GOOGLE ADS,Reconocimiento,18-24,03/09/25,405016,2073,637,21642.42,109860.58
CMP-6592,Telcel,Instagram Ads,Tráfico,55+,04/07/25,65846,6446,216,30907.76,146662.39
CMP-6094,Bimbo,LinkedIn Ads,conversión,55+,09/03/25,407348,9163,139,79227.66,207492.37
CMP-8826,Cerveza Modelo,YouTube Ads,Tráfico,35-44,06/08/25,419032,4617,571,6968.64,132584.56
CMP-1601,Liverpool,,Leads,55+,27/08/25,329780,4005,127,8834.23,
CMP-10513,GM Financial,INSTAGRAM ADS,Reconocimiento,25-34,17/02/25,160923,10171,468,67509.73,169437.87
CMP-9774,OnStar,LinkedIn Ads,Conversión,45-54,03/10/25,372529,6734,656,8528.68,86024.22
CMP-4063,Telcel,TikTok Ads,Tráfico,18-24,26/05/25,259652,9874,304,27875.16,5666.72
CMP-7967,Bimbo,YouTube Ads,Reconocimiento,35-44,14/06/25,432394,13066,376,55022.3,94252.94
CMP-6215,Liverpool,TikTok Ads,Reconocimiento,35-44,14/02/25,199960,14407,375,78915.67,196366.81
CMP-9403, OnStar  ,Facebook Ads,Reconocimiento,18-24,14/06/25,46631,7626,540,17252.77,170082.96
CMP-1301, Cerveza Modelo  ,Google Ads,Reconocimiento,18-24,07/05/25,357341,5242,691,32621.67,184979.01
CMP-7035,GM Financial,Facebook Ads,Tráfico,55+,15/03/25,13801,11408,255,81803.87,149518.79
CMP-1354,Bimbo,YouTube Ads,Reconocimiento,45-54,27/02/25,211175,7795,151,73067.52,148347.54
CMP-7865,Cerveza Modelo,TikTok Ads,Leads,55+,05/07/25,499772,13284,445,82893.51,60497.21
CMP-2836,Telcel,YouTube Ads,Leads,45-54,16/06/25,158475,1666,49,40323.56,
CMP-9025,Cerveza Modelo,Instagram Ads,Leads,55+,01/10/25,326050,4060,496,74585.78,40218.81
CMP-5465,OnStar,Instagram Ads,Alcance,18-24,06/07/25,248896,7241,615,35876.09,157057.3
CMP-9188,Telcel,LinkedIn Ads,Leads,35-44,07/02/25,18884,8328,110,47569.48,53669.12
CMP-8461,Liverpool,Facebook Ads,Tráfico,35-44,27/10/25,266471,13776,65,55039.87,62366.94
CMP-5561,Bimbo,Facebook Ads,Tráfico,35-44,28/07/25,19440,1961,569,35126.78,22194.27
CMP-8791,GM Financial,Instagram Ads,Alcance,55+,10/09/25,398181,3105,348,73736.72,72279.96
CMP-3266,Liverpool,Instagram Ads,Conversión,18-24,16/08/25,216025,1562,608,48662.78,
CMP-6173,Bimbo,Instagram Ads,Conversión,45-54,31/03/25,190673,9817,688,50094.37,135117.71
CMP-7924,Telcel,Facebook Ads,Reconocimiento,35-44,11/07/25,213436,9626,537,,154051.6
CMP-1866,Cerveza Modelo,Instagram Ads,Tráfico,25-34,22/10/25,48901,1697,646,34532.86,147322.36
CMP-5144,Liverpool,Instagram Ads,Reconocimiento,35-44,17/02/25,81755,10325,673,30175.56,869.61
CMP-7490,Telcel,LinkedIn Ads,Alcance,18-24,10/01/25,355148,5145,350,34724.1,124712.76
CMP-1948,Liverpool,TikTok Ads,leads,35-44,24/09/25,309536,2886,148,,207949.01
CMP-2157,Bimbo,Facebook Ads,Alcance,45-54,05/08/25,65160,3771,568,41127.89,87370.24
CMP-10206,Telcel,Instagram Ads,Leads,35-44,13/07/25,303956,6002,163,18565.89,165181.02
CMP-1959, Liverpool  ,YOUTUBE ADS,Leads,45-54,03/06/25,190068,10434,345,41283.55,64212.18
CMP-4367,Bimbo,Google Ads,Tráfico,35-44,06/10/25,190366,11987,388,4254.37,85403.51
CMP-5915,Liverpool,FACEBOOK ADS,Alcance,18-24,30/06/25,470533,10299,388,2184.38,44356.07
CMP-10370,OnStar,LinkedIn Ads,Tráfico,45-54,06/10/25,454435,5144,407,78970.02,36336.07
CMP-9932,GM Financial,YouTube Ads,Reconocimiento,,28/07/25,232578,6173,204,70052.39,95012.75
CMP-10887,OnStar,INSTAGRAM ADS,Tráfico,45-54,15/01/25,84622,11345,715,84836.57,11052.56
CMP-8809,Bimbo,Facebook Ads,Tráfico,35-44,26/05/25,376603,1405,71,49071.63,82344.93
CMP-4523,Aeroméxico,,Alcance,25-34,27/02/25,162189,11171,656,71934.53,100071.12
CMP-3468,GM Financial,YouTube Ads,Alcance,35-44,04/03/25,225095,10333,372,683.56,180154.59
CMP-6588,Telcel,Google Ads,alcance,45-54,19/04/25,29956,3990,227,47201.99,3370.32
CMP-3588,Aeroméxico,Facebook Ads,Alcance,45-54,15/07/25,96004,6357,284,15885.22,118125.53
CMP-7162, OnStar  ,Google Ads,Tráfico,45-54,12/03/25,258499,12562,,,204205.98
CMP-8958,Bimbo,LinkedIn Ads,Leads,55+,08/01/25,434425,1601,170,43422.69,155054.46
CMP-8551,OnStar,Google Ads,Leads,55+,09/05/25,443653,8749,336,7916.61,
CMP-9515,Bimbo,FACEBOOK ADS,Conversión,45-54,07/06/25,167539,10963,156,25602.77,76500.28
CMP-1082,Cerveza Modelo,INSTAGRAM ADS,Tráfico,18-24,16/10/25,431220,5777,552,73503.71,53310.96
CMP-3909,Liverpool,YouTube Ads,Leads,18-24,04/02/25,22979,13712,495,49811.59,
CMP-2688,Banco Azteca,TikTok Ads,Tráfico,35-44,22/05/25,200469,14647,210,11682.06,76978.53
CMP-1355,Liverpool,Google Ads,Alcance,25-34,17/08/25,202757,2476,455,76156.58,92146.05
CMP-9884,Bimbo,Facebook Ads,Tráfico,55+,07/02/25,159093,3594,780,17488.4,96975.65
CMP-9705,Telcel,Facebook Ads,Leads,55+,31/05/25,418004,12772,251,76737.83,181001.03
CMP-2733,OnStar,Facebook Ads,Leads,55+,02/06/25,80256,5172,306,31548.21,164869.44
CMP-4246,Bimbo,Facebook Ads,Alcance,35-44,19/01/25,131641,11036,196,46760.48,166713.12
CMP-2357, Banco Azteca  ,TikTok Ads,Leads,35-44,08/02/25,105652,7714,19,14465.71,93473.21
CMP-5962,Cerveza Modelo,TIKTOK ADS,Leads,35-44,05/10/25,413847,1801,587,10731.66,40410.11
CMP-9663,OnStar,Google Ads,Tráfico,35-44,14/09/25,123644,13682,560,77644.51,192028.28
CMP-10255,Liverpool,YouTube Ads,Conversión,18-24,05/02/25,2051,2051,151,56309.55,32178.4
CMP-7680,Banco Azteca,Google Ads,Leads,18-24,28/02/25,156704,722,126,18974.47,79065.64
CMP-5757, Liverpool  ,Instagram Ads,Alcance,45-54,18/01/25,253944,1997,217,67040.48,70288.75
CMP-3890,Liverpool,LinkedIn Ads,Alcance,18-24,27/05/25,81620,10775,665,20102.23,207684.75
CMP-10921,Banco Azteca,,alcance,45-54,21/06/25,119053,553,553,61191.42,115248.23
CMP-6180,Liverpool,Facebook Ads,tráfico,45-54,03/09/25,24386,4294,791,10237.97,195359.09
CMP-5345,Telcel,YouTube Ads,Alcance,55+,26/04/25,202296,12617,395,37117.78,32345.22
CMP-10196,GM Financial,Facebook Ads,Conversión,55+,26/05/25,433093,9630,781,69006.83,134228.75
CMP-7705,Aeroméxico,,Conversión,45-54,04/07/25,381133,5597,452,25285.33,197606.31
CMP-8673,Telcel,TIKTOK ADS,Tráfico,45-54,21/06/25,476651,9089,514,49017.68,184616.83
CMP-9471,Bimbo,Facebook Ads,Alcance,18-24,09/10/25,304382,10669,199,55465.73,199652.2
CMP-10996,Telcel,TikTok Ads,Tráfico,35-44,15/01/25,45857,8943,750,75300.15,218218.56
CMP-2574,Cerveza Modelo,Instagram Ads,Tráfico,55+,05/07/25,180751,13107,744,74649.03,186732.88
CMP-1139,GM Financial,Facebook Ads,Alcance,18-24,08/05/25,61640,1353,165,56185.53,22638.21
CMP-2996,GM Financial,LinkedIn Ads,Conversión,35-44,21/03/25,280369,12380,152,12968.11,169160.42
CMP-8030,Cerveza Modelo,Instagram Ads,Leads,55+,01/03/25,100192,5486,153,19880.57,71923.19
CMP-5023,Telcel,YouTube Ads,tráfico,55+,13/01/25,118384,14461,427,36855.94,181310.92
CMP-9428,Aeroméxico,YouTube Ads,Reconocimiento,,18/06/25,443592,10983,653,69716.08,125746.74
CMP-8608,Banco Azteca,LinkedIn Ads,Conversión,35-44,02/03/25,206256,800,,9524.53,190669.15
CMP-6937,Cerveza Modelo,YOUTUBE ADS,Conversión,45-54,23/10/25,276342,4103,653,28397.47,114719.85
CMP-3174,Aeroméxico,Instagram Ads,Alcance,35-44,29/03/25,314619,4122,74,5722.61,193307.83
CMP-3394,Banco Azteca,YouTube Ads,Alcance,18-24,17/03/25,291546,9196,16,38984.69,10246.65
CMP-3440,Aeroméxico,Google Ads,Leads,35-44,13/03/25,182562,1512,474,10827.77,212854.49
CMP-3268,Aeroméxico,,Leads,35-44,23/04/25,176880,4605,284,6608.13,115919.25
CMP-10506,Telcel,YouTube Ads,Tráfico,,23/04/25,22464,4042,215,78695.91,207751.76
CMP-9077,Liverpool,Instagram Ads,Tráfico,18-24,30/07/25,486492,3570,520,64934.98,92636.18
CMP-5862,Aeroméxico,FACEBOOK ADS,Alcance,18-24,24/09/25,365862,9370,508,47161.36,
CMP-1913,Liverpool,TIKTOK ADS,Conversión,45-54,22/06/25,215832,11640,288,37760.02,86023.29
CMP-5210,GM Financial,YouTube Ads,Reconocimiento,25-34,05/06/25,248556,14595,640,81035.17,75742.11
CMP-7860,Bimbo,LinkedIn Ads,Reconocimiento,55+,04/08/25,377692,10940,176,34151.96,121985.77
CMP-9564,GM Financial,YOUTUBE ADS,Leads,18-24,04/04/25,5801,562,43,77457.59,2433.32
CMP-6403,Liverpool,LinkedIn Ads,Alcance,18-24,19/10/25,358260,11141,456,14732.84,125391.14
CMP-5343,Bimbo,TikTok Ads,Leads,55+,07/06/25,189415,12361,197,3270.08,129497.21
CMP-7419,Cerveza Modelo,LINKEDIN ADS,Leads,25-34,19/06/25,251097,5707,701,30793.07,
CMP-1309,Telcel,Facebook Ads,tráfico,25-34,19/06/25,96702,11418,688,33015.31,54046.23
CMP-7171,Liverpool,Google Ads,Tráfico,55+,05/06/25,35094,9213,274,58424.09,135487.63
CMP-3627,OnStar,LinkedIn Ads,Reconocimiento,35-44,06/06/25,399513,530,530,46605.12,24732.61
CMP-3207, Banco Azteca  ,Facebook Ads,Reconocimiento,35-44,27/03/25,353098,1918,481,83440.71,186432.41
CMP-6961,Telcel,FACEBOOK ADS,Reconocimiento,25-34,12/09/25,298854,8963,28,31254.95,80318.38
CMP-5836,Liverpool,FACEBOOK ADS,Conversión,18-24,31/08/25,268564,6949,23,55106.63,194297.08
CMP-7586,Telcel,Facebook Ads,Reconocimiento,25-34,24/01/25,183827,3763,495,12506.05,157955.54
CMP-10824,Liverpool,LinkedIn Ads,Tráfico,55+,15/07/25,75085,9216,580,55288.51,87703.39
CMP-5544,Liverpool,GOOGLE ADS,Alcance,,25/08/25,447790,6805,146,3468.86,137646.6
CMP-6424,Bimbo,TikTok Ads,Tráfico,25-34,28/07/25,453862,13749,266,16655.71,20430.38
CMP-3786,GM Financial,Facebook Ads,Tráfico,45-54,14/02/25,99364,8421,146,23573.37,
CMP-7623,GM Financial,Facebook Ads,Conversión,18-24,18/02/25,275699,11432,558,17692.94,202777.19
CMP-7925,Bimbo,Instagram Ads,Conversión,55+,09/06/25,367305,8723,229,51255.91,195780.61
CMP-4590,Telcel,LinkedIn Ads,Reconocimiento,35-44,27/06/25,230432,6324,557,5210.36,51926.02
CMP-9177,GM Financial,YouTube Ads,Alcance,45-54,02/05/25,423354,8921,291,18403.41,16840.17
CMP-6712,OnStar,LinkedIn Ads,Reconocimiento,45-54,25/10/25,103441,6170,597,26642.44,14623.62
CMP-1786, Aeroméxico  ,Facebook Ads,Conversión,25-34,04/01/25,492324,3611,706,40868.6,172490.95
CMP-9509,Banco Azteca,Facebook Ads,Leads,45-54,27/08/25,6024,189,189,54911.77,150051.45
CMP-9606,Telcel,GOOGLE ADS,Reconocimiento,55+,04/03/25,3888,3888,180,16933.91,112350.45
CMP-9409,Aeroméxico,YouTube Ads,Leads,35-44,18/05/25,475252,2435,79,29459.91,36140.93
CMP-2721,Liverpool,LinkedIn Ads,Alcance,55+,12/08/25,450645,3217,432,62706.28,157293.73
CMP-8433,Liverpool,Facebook Ads,alcance,25-34,16/06/25,230165,11710,796,46537.26,108980.49
CMP-5102,Telcel,Facebook Ads,Alcance,55+,11/08/25,89118,6928,406,82497.58,125640.22
CMP-7532,Aeroméxico,Google Ads,Reconocimiento,35-44,27/02/25,411191,9212,194,10960.32,46836.61
CMP-6700,Bimbo,Google Ads,Alcance,25-34,04/06/25,22255,10919,143,64230.03,87494.06
CMP-4155,OnStar,Instagram Ads,Reconocimiento,35-44,05/08/25,238768,8993,159,37621.02,74590.9
CMP-7058,Bimbo,Google Ads,Conversión,25-34,12/09/25,120710,9638,724,,70362.8
CMP-7691,GM Financial,TikTok Ads,Leads,35-44,29/01/25,43286,3483,403,15994.27,120497.63
CMP-10199, Liverpool  ,TikTok Ads,reconocimiento,35-44,24/04/25,395720,3197,362,68699.32,219629.51
CMP-1131,GM Financial,TikTok Ads,Leads,18-24,14/02/25,3579,3579,95,65663.98,98948.18
CMP-3037,Bimbo,LinkedIn Ads,Conversión,18-24,13/06/25,183351,8723,529,79333.15,120380.81
CMP-8694,Banco Azteca,Facebook Ads,Conversión,25-34,05/05/25,406521,14549,795,22311.48,187038.76
CMP-9801,Liverpool,FACEBOOK ADS,conversión,55+,27/05/25,87446,2949,108,60433.35,67571.64
CMP-4100,Cerveza Modelo,Facebook Ads,Conversión,25-34,13/02/25,478943,4637,344,32052.19,158876.74
CMP-5061,Bimbo,TIKTOK ADS,Reconocimiento,55+,19/08/25,156521,4407,789,,213745.48
CMP-5095,Cerveza Modelo,TikTok Ads,Leads,,05/05/25,83542,7360,678,78514.65,99309.88
CMP-5145,Bimbo,Facebook Ads,Conversión,55+,18/01/25,174543,10824,508,21452.98,206382.03
CMP-2391,Aeroméxico,Instagram Ads,Reconocimiento,35-44,27/09/25,37995,11542,269,22067.33,14928.71
CMP-2927,Bimbo,Instagram Ads,Tráfico,45-54,11/04/25,182806,2341,241,4470.73,66858.56
CMP-9659,GM Financial,LinkedIn Ads,Conversión,18-24,26/02/25,446907,8730,753,32175.69,47032.22
CMP-2803,GM Financial,Google Ads,Conversión,45-54,01/06/25,344179,10376,615,5467.62,58690.96
CMP-1680,Bimbo,LinkedIn Ads,Alcance,55+,31/05/25,175969,4739,94,67202.35,121613.54
CMP-9146,Cerveza Modelo,TIKTOK ADS,Alcance,45-54,08/01/25,420726,288,288,41366.31,91088.84
CMP-3642,GM Financial,Facebook Ads,Alcance,45-54,29/07/25,291524,12740,181,61987.05,44248.08
CMP-5775,Cerveza Modelo,Google Ads,Reconocimiento,25-34,13/02/25,247559,10578,235,45694.3,63602.61
CMP-8954,Aeroméxico,YouTube Ads,Conversión,25-34,02/09/25,289322,9555,246,24296.76,188181.25
CMP-2499,Liverpool,Facebook Ads,Alcance,45-54,03/06/25,62530,10348,434,4706.54,142382.72
CMP-6399,Cerveza Modelo,Google Ads,Alcance,18-24,11/03/25,482194,12974,206,51945.63,28246.83
CMP-4546,GM Financial,Google Ads,Tráfico,18-24,10/02/25,325228,8512,712,82165.9,197682.83
CMP-2676,Cerveza Modelo,Facebook Ads,Reconocimiento,55+,29/04/25,1427,1427,457,16382.52,174464.97
CMP-2692,GM Financial,Instagram Ads,Reconocimiento,25-34,08/08/25,313495,3885,359,21122.61,104745.66
CMP-5739,OnStar,LinkedIn Ads,Tráfico,18-24,05/06/25,399617,7926,106,34585.43,180074.76
CMP-4697,Banco Azteca,Google Ads,Tráfico,55+,26/06/25,285078,7507,749,22686.61,68882.5
CMP-8860,OnStar,TikTok Ads,Reconocimiento,55+,25/02/25,407385,11408,404,10006.98,101520.04
CMP-1265,GM Financial,Google Ads,Conversión,18-24,11/10/25,261276,5937,703,33141.98,13958.33
CMP-7979, Cerveza Modelo  ,Google Ads,Leads,25-34,27/02/25,488736,7467,486,28891.33,4263.48
CMP-6365,Liverpool,Google Ads,Leads,25-34,25/08/25,39873,6438,776,10330.38,186983.1
CMP-9473, Aeroméxico  ,TikTok Ads,Alcance,45-54,04/01/25,244102,12721,31,46230.88,57736.12
CMP-7032,Cerveza Modelo,Facebook Ads,Tráfico,45-54,19/07/25,131046,8894,580,72487.6,33217.54
CMP-7205,Bimbo,YouTube Ads,Reconocimiento,18-24,15/09/25,58179,3755,391,24729.76,9062.57
CMP-10753,Liverpool,Google Ads,Leads,45-54,13/09/25,248918,4863,296,36702.33,52345.21
CMP-3631,Liverpool,Google Ads,Tráfico,35-44,17/09/25,104884,4835,563,65535.06,97138.06
CMP-8925,Aeroméxico,TIKTOK ADS,Leads,55+,03/05/25,25440,2990,729,53916.18,194203.18
CMP-8198,Bimbo,TikTok Ads,Conversión,55+,07/10/25,77110,11873,182,19666.65,165567.43
CMP-1146,Liverpool,GOOGLE ADS,leads,45-54,21/08/25,6582,5913,181,42473.99,144172.98
CMP-9639,OnStar,Google Ads,Reconocimiento,55+,06/05/25,274139,4533,218,72123.59,95702.19
CMP-4226,Cerveza Modelo,Facebook Ads,Reconocimiento,45-54,23/08/25,478531,11671,122,26948.31,82464.18
CMP-2975,Aeroméxico,TikTok Ads,conversión,35-44,26/05/25,227034,9479,343,36322.56,185434.43
CMP-6997,Bimbo,TikTok Ads,Leads,25-34,09/08/25,40224,4717,275,,162226.57
CMP-10118,Banco Azteca,YouTube Ads,Conversión,55+,11/03/25,245853,144,144,,162444.18
CMP-5933,Aeroméxico,Instagram Ads,Tráfico,35-44,06/08/25,172068,10360,376,31983.28,28866.67
CMP-8329,OnStar,LinkedIn Ads,Tráfico,25-34,08/01/25,48645,4811,126,64347.23,111729.84
CMP-3968,Cerveza Modelo,TikTok Ads,Reconocimiento,55+,30/04/25,284294,6733,271,15971.02,174775.51
CMP-1556,Bimbo,TikTok Ads,Tráfico,35-44,16/02/25,402244,10406,739,37639.35,69032.11
CMP-10502,Banco Azteca,YouTube Ads,Leads,18-24,22/08/25,147417,9992,262,23215.48,131272.4
CMP-8466,GM Financial,YouTube Ads,Tráfico,45-54,13/04/25,309434,12878,789,39694.33,79600.11
CMP-10282,Aeroméxico,Facebook Ads,Alcance,45-54,06/06/25,326484,12544,203,23499.49,134518.77
CMP-2567,Cerveza Modelo,Instagram Ads,Reconocimiento,35-44,07/09/25,457223,5619,673,55825.33,204040.76
CMP-4418,OnStar,FACEBOOK ADS,Alcance,25-34,10/07/25,337562,10203,667,62947.15,206743.18
CMP-7234,Liverpool,Facebook Ads,Alcance,45-54,06/10/25,492550,11192,178,83567.49,45141.36
CMP-4093,Banco Azteca,LinkedIn Ads,Tráfico,18-24,15/08/25,48700,5258,548,28295.97,57404.24
CMP-5112,Cerveza Modelo,Facebook Ads,tráfico,18-24,08/05/25,264402,13132,379,46413.76,181339.39
CMP-4979,OnStar,GOOGLE ADS,Tráfico,45-54,25/09/25,436103,6550,280,64379.84,102272.67
CMP-4875,GM Financial,TikTok Ads,Leads,45-54,04/04/25,273178,4441,493,6724.74,127770.11
CMP-9073,GM Financial,Google Ads,Leads,55+,16/04/25,249505,265,265,27555.97,131000.14
CMP-7063,Telcel,Facebook Ads,Conversión,25-34,26/04/25,360975,8763,71,49526.07,169254.43
CMP-7037,Aeroméxico,LinkedIn Ads,Alcance,18-24,23/05/25,185469,3478,741,52073.49,181862.03
CMP-6169,Liverpool,Facebook Ads,Leads,35-44,02/09/25,368815,10682,58,74124.07,122208.43
CMP-10652,Banco Azteca,Facebook Ads,Tráfico,55+,01/07/25,311151,4590,551,36349.46,140511.45
CMP-3117,Liverpool,TikTok Ads,Conversión,55+,09/07/25,117770,14137,730,84170.03,87499.6
CMP-4676,OnStar,Instagram Ads,Reconocimiento,45-54,19/04/25,289151,4611,206,8604.33,96848.39
CMP-4913,OnStar,Facebook Ads,Alcance,35-44,12/06/25,89492,8286,47,48228.31,26540.98
CMP-6511,Cerveza Modelo,Instagram Ads,Alcance,18-24,17/07/25,240077,3938,52,30080.19,171807.39
CMP-8250,GM Financial,TikTok Ads,Alcance,25-34,20/09/25,361800,3574,154,80756.92,122661.28
CMP-9127,OnStar,YouTube Ads,Alcance,35-44,18/08/25,76305,1617,19,44894.41,102582.81
CMP-1310,Aeroméxico,TikTok Ads,Leads,45-54,04/09/25,50979,3322,66,35903.8,194607.26
CMP-8072,GM Financial,Google Ads,leads,18-24,29/09/25,132306,12208,186,11936.18,184340.08
CMP-10389,Cerveza Modelo,Instagram Ads,Conversión,55+,24/04/25,130460,14145,334,79797.89,75751.2
CMP-4848, Aeroméxico  ,Google Ads,Reconocimiento,35-44,22/10/25,383951,848,773,36651.04,87941.04
CMP-7572,Telcel,Facebook Ads,Leads,45-54,01/07/25,342436,1328,586,34031.53,21650.7
CMP-1859,Telcel,LINKEDIN ADS,Leads,25-34,03/03/25,347764,11646,696,32100.81,12220.5
CMP-10972,Liverpool,Facebook Ads,Reconocimiento,55+,11/02/25,191502,2239,375,32514.73,
CMP-5193,Bimbo,TikTok Ads,Tráfico,55+,13/01/25,336277,14444,737,49844.5,78764.82
CMP-4066,Banco Azteca,Instagram Ads,Tráfico,35-44,24/08/25,109442,13773,154,68420.92,5255.79
CMP-2376,Banco Azteca,YouTube Ads,Conversión,45-54,12/08/25,249137,10602,783,6442.72,122475.4
CMP-6085,Telcel,Google Ads,Leads,35-44,02/04/25,116203,3629,583,,39868.36
CMP-4180,OnStar,TikTok Ads,Tráfico,35-44,17/01/25,286766,8987,3,54185.49,178099.38
CMP-10358,Aeroméxico,LinkedIn Ads,Conversión,25-34,29/08/25,176946,3935,632,58266.42,203322.54
CMP-2931,Liverpool,TikTok Ads,Tráfico,45-54,18/02/25,386538,7688,,81766.44,115547.43
CMP-9445,Liverpool,YouTube Ads,Tráfico,,15/02/25,77120,3752,687,8006.71,103240.93
CMP-2044,Bimbo,YouTube Ads,leads,45-54,07/01/25,274415,8403,457,73245.57,93596.69
CMP-10665,Bimbo,LinkedIn Ads,Reconocimiento,,22/09/25,5472,5472,316,61389.52,132676.92
CMP-7218,Banco Azteca,LINKEDIN ADS,Alcance,55+,23/07/25,109305,9633,54,13883.94,162999.19
CMP-7718,Telcel,LinkedIn Ads,Alcance,25-34,16/03/25,387073,1342,153,24585.73,219371.81
CMP-3765, Banco Azteca  ,YouTube Ads,Leads,18-24,17/10/25,310408,13651,120,46453.66,23023.07
CMP-1858,Banco Azteca,GOOGLE ADS,Conversión,25-34,19/03/25,469705,13413,448,38296.32,127953.57
CMP-3615,Aeroméxico,FACEBOOK ADS,Leads,35-44,08/01/25,458166,12910,64,64971.2,65815.51
CMP-5182, Aeroméxico  ,YouTube Ads,Conversión,45-54,17/03/25,187659,11051,415,54419.45,48205.02
CMP-9459, Cerveza Modelo  ,Instagram Ads,Leads,55+,02/01/25,454304,2331,451,61386,188367.13
CMP-4525,Aeroméxico,YouTube Ads,Conversión,45-54,23/03/25,284028,13673,378,1516.56,14728.69
CMP-9937,GM Financial,Google Ads,Tráfico,55+,15/09/25,142220,4312,545,52782.54,173471.63
CMP-2757,Banco Azteca,LinkedIn Ads,leads,25-34,27/08/25,317325,11363,395,,218473.12
CMP-10722,Cerveza Modelo,FACEBOOK ADS,Conversión,45-54,09/01/25,177605,9900,259,74531.67,68670.77
CMP-5489,Cerveza Modelo,YouTube Ads,tráfico,55+,16/07/25,339964,2550,,26950.44,158646.8
CMP-8184,OnStar,Facebook Ads,Conversión,25-34,25/07/25,327258,9699,444,38386.06,24797.14
CMP-2519,Telcel,YouTube Ads,Alcance,45-54,08/09/25,296970,8183,561,19856.8,169817.2
CMP-2788,Liverpool,TikTok Ads,Reconocimiento,25-34,26/01/25,496392,11717,336,23099.72,195383.29
CMP-4188,Liverpool,Facebook Ads,alcance,35-44,09/03/25,480924,6727,687,44343.06,173599.44
CMP-10089,Aeroméxico,LinkedIn Ads,Conversión,55+,07/09/25,89859,3613,502,60864.28,71836.54
CMP-2328,OnStar,YouTube Ads,Alcance,35-44,25/02/25,336302,1368,35,29951.38,175440.43
CMP-1125,Banco Azteca,TikTok Ads,Tráfico,18-24,06/07/25,125943,10022,772,61870.68,128880.41
CMP-6054,Banco Azteca,LinkedIn Ads,Alcance,45-54,24/06/25,362139,3121,563,83874.19,173239.13
CMP-4720,Bimbo,GOOGLE ADS,Alcance,45-54,14/02/25,228371,4096,286,31119.79,188355.8
CMP-6508,Telcel,TIKTOK ADS,Conversión,55+,25/10/25,490673,12623,73,54769.9,142650.73
CMP-1244,Banco Azteca,YouTube Ads,Reconocimiento,25-34,09/03/25,178221,11268,768,51382.87,46446.38
CMP-6867,OnStar,Google Ads,Tráfico,18-24,29/05/25,258791,12269,433,84655.7,43233.72
CMP-7726,Bimbo,TikTok Ads,Tráfico,,27/02/25,45164,8890,764,14703.62,4232.31
CMP-4059,Banco Azteca,LINKEDIN ADS,Alcance,35-44,25/10/25,451511,10446,261,74079.73,211429.25
CMP-3458,Cerveza Modelo,FACEBOOK ADS,Reconocimiento,18-24,17/04/25,195712,4040,483,40084.39,87258.62
CMP-8729,Telcel,Google Ads,Tráfico,,17/07/25,371442,14968,720,84780.08,73288.49
CMP-9922,Telcel,YouTube Ads,Leads,45-54,23/02/25,475017,5380,18,6900.23,181829.32
CMP-6795,Telcel,Facebook Ads,Conversión,25-34,12/03/25,52896,8026,386,40497.23,152546.27
CMP-4836,OnStar,YOUTUBE ADS,Conversión,,06/04/25,314523,10956,142,11595.87,160259.28
CMP-4622,Banco Azteca,Instagram Ads,Alcance,35-44,07/05/25,485345,2179,376,13911.18,199146.48
CMP-1871,Banco Azteca,Google Ads,Alcance,55+,05/05/25,177050,600,109,3908.36,91131.15
CMP-4419,GM Financial,LINKEDIN ADS,Reconocimiento,18-24,05/08/25,102740,3843,,16942.35,25252.46
CMP-9337,GM Financial,Instagram Ads,Reconocimiento,18-24,12/06/25,66277,3689,426,53068.18,210500.84
CMP-3467,Telcel,Facebook Ads,Leads,35-44,09/05/25,189961,4110,760,54091.29,24118.18
CMP-3082,Aeroméxico,YouTube Ads,Alcance,35-44,28/03/25,242668,13861,14,62438.41,31760.26
CMP-10680,Bimbo,TikTok Ads,Conversión,18-24,26/03/25,219803,4747,558,22028.57,77063.57
CMP-6707,Liverpool,Google Ads,Conversión,18-24,03/06/25,241123,9045,553,54148.01,99296.42
CMP-6791,Banco Azteca,Google Ads,Reconocimiento,45-54,03/05/25,404272,2650,269,51782.93,184903.4
CMP-2593,Aeroméxico,Google Ads,Conversión,35-44,10/02/25,303072,13532,258,75988.82,169862.94
CMP-1189,Banco Azteca,LinkedIn Ads,Tráfico,45-54,08/04/25,352291,1466,311,34435.04,73154.69
CMP-3928,Telcel,Google Ads,Tráfico,35-44,21/05/25,40802,13299,666,35818.45,
CMP-8915,Bimbo,Instagram Ads,Conversión,35-44,28/01/25,175185,12941,62,10803.07,1531.36
CMP-3555,Aeroméxico,LinkedIn Ads,Conversión,18-24,27/05/25,267901,2359,316,57260.5,188574.39
CMP-6375,Liverpool,YouTube Ads,leads,45-54,03/05/25,471579,4405,453,47634.7,78602.96
CMP-5271,Telcel,Google Ads,Reconocimiento,18-24,14/04/25,405980,14813,254,49724.64,126062.52
CMP-3599,Bimbo,TikTok Ads,Alcance,18-24,16/01/25,293303,3459,70,18641.21,119856.07
CMP-7358,Aeroméxico,Google Ads,Alcance,35-44,04/08/25,494374,13565,399,77196.03,136134.75
CMP-5430,Banco Azteca,YouTube Ads,leads,18-24,02/09/25,493902,9413,240,35327.19,90475.63
CMP-10148,Liverpool,LinkedIn Ads,Alcance,25-34,01/05/25,366433,14684,373,78448.45,175191.26
CMP-4249, OnStar  ,YOUTUBE ADS,Tráfico,45-54,18/04/25,269813,4979,108,7301.25,122639.95
CMP-9034,OnStar,TikTok Ads,Tráfico,25-34,29/07/25,54955,6599,1,70858.6,38115.84
CMP-1727, Cerveza Modelo  ,YouTube Ads,Leads,18-24,25/02/25,238487,6652,324,45889.82,104769.25
CMP-4045,Telcel,Instagram Ads,Alcance,18-24,01/08/25,25442,8955,383,37495.71,163542.95
CMP-10742,OnStar,Google Ads,Tráfico,55+,06/08/25,394865,9589,478,81176.75,208965.47
CMP-5682,OnStar,YouTube Ads,Tráfico,45-54,16/04/25,447597,2238,149,53058.52,
CMP-5135,OnStar,TikTok Ads,Leads,45-54,06/08/25,435181,5830,774,42012.38,31701.97
CMP-1054, Bimbo  ,Facebook Ads,Conversión,25-34,13/02/25,273664,11637,795,39841.14,19323.07
CMP-8403,OnStar,Google Ads,Alcance,25-34,10/05/25,221960,1979,415,57468.56,95343.2
CMP-10387,Bimbo,Google Ads,Tráfico,25-34,11/07/25,308973,6997,135,11920.55,164370.58
CMP-8988,Cerveza Modelo,Google Ads,Tráfico,35-44,03/06/25,127912,7824,673,14763.77,141347.86
CMP-1019,Aeroméxico,Instagram Ads,Reconocimiento,45-54,22/01/25,174246,13531,706,24669.29,126715.04
CMP-9164,GM Financial,INSTAGRAM ADS,Conversión,55+,26/02/25,152706,8365,647,53508.99,110560.69
CMP-6356,Bimbo,GOOGLE ADS,Leads,35-44,02/08/25,127807,4700,284,70343.29,164808.51
CMP-4572,Telcel,YouTube Ads,Leads,18-24,11/10/25,396374,1682,311,6410.03,15247.8
CMP-10136,GM Financial,Google Ads,Alcance,25-34,17/04/25,10288,3179,369,78649.55,135843.69
CMP-2728,Bimbo,YouTube Ads,Alcance,25-34,26/03/25,88628,6807,723,18307.3,209919.54
CMP-6945,GM Financial,LinkedIn Ads,Conversión,18-24,27/07/25,465154,7606,473,75358.22,159037.44
CMP-10209,Cerveza Modelo,TIKTOK ADS,Tráfico,18-24,04/01/25,5061,579,146,34274.73,66795.78
CMP-7761,GM Financial,Facebook Ads,Tráfico,25-34,10/05/25,469080,4882,402,27974.3,80477.74
CMP-7127,OnStar,LinkedIn Ads,Leads,55+,11/02/25,180918,3433,639,82758.62,147098.76
CMP-8572,Cerveza Modelo,YouTube Ads,Reconocimiento,25-34,23/01/25,410161,12601,576,,122958.08
CMP-9730,GM Financial,Facebook Ads,tráfico,45-54,12/10/25,45691,13683,29,79745.14,115435.78
CMP-2479,Cerveza Modelo,LinkedIn Ads,Alcance,55+,02/08/25,201609,7020,764,52053.67,91230.21
CMP-6906,GM Financial,Facebook Ads,Conversión,45-54,14/08/25,359225,14802,,54112.39,86409.95
CMP-5883, Cerveza Modelo  ,INSTAGRAM ADS,Reconocimiento,18-24,26/09/25,367537,670,309,53461.78,7799.05
CMP-6108,Banco Azteca,Google Ads,Conversión,25-34,21/04/25,13577,12224,42,11731.69,9941.42
CMP-6991,Telcel,Instagram Ads,Tráfico,55+,17/07/25,98475,10326,183,55502.2,74753.99
CMP-5794,Banco Azteca,TikTok Ads,Conversión,18-24,31/07/25,313647,8003,167,72741.77,196618.63
CMP-4948,Bimbo,FACEBOOK ADS,Tráfico,45-54,15/06/25,339085,3472,635,21291.8,74029.45
CMP-7371,Banco Azteca,LinkedIn Ads,Reconocimiento,18-24,08/05/25,52949,3162,442,80388.18,128101.49
CMP-6055,Aeroméxico,YouTube Ads,Leads,25-34,28/06/25,311779,1299,614,67831.28,
CMP-5631,GM Financial,GOOGLE ADS,Reconocimiento,45-54,22/01/25,213941,6778,341,9373.54,71292.46
CMP-9246,Telcel,Instagram Ads,Alcance,25-34,03/08/25,481312,14388,575,41749.88,
CMP-10553,Aeroméxico,LinkedIn Ads,Alcance,35-44,12/03/25,133707,5406,533,74747.43,
CMP-2059,Banco Azteca,Instagram Ads,Conversión,18-24,14/07/25,499356,10602,116,83015.04,117027.33
CMP-6655,Aeroméxico,FACEBOOK ADS,Reconocimiento,55+,30/03/25,244111,14911,421,62717.75,18095.25
CMP-1411,Banco Azteca,Facebook Ads,Tráfico,35-44,15/09/25,83144,14150,236,63871.97,200807.75
CMP-9710,GM Financial,Google Ads,Tráfico,18-24,01/08/25,237737,6920,782,25455.41,105797.2
CMP-7927,Telcel,Facebook Ads,Alcance,18-24,31/08/25,448532,1813,129,37076.2,83327.17
CMP-3821,Liverpool,LinkedIn Ads,tráfico,25-34,07/09/25,448970,9363,627,65068.65,177138.88
CMP-4132,Bimbo,YOUTUBE ADS,Leads,45-54,06/07/25,369002,12221,738,70727.4,110306.47
CMP-1084,GM Financial,Google Ads,Reconocimiento,55+,19/08/25,484717,14227,798,8983.06,185420.49
CMP-10349,Liverpool,LinkedIn Ads,Tráfico,45-54,06/09/25,160239,8024,193,65290.95,198171.72
CMP-3331,Telcel,TikTok Ads,Tráfico,25-34,01/07/25,429327,12822,543,73650.74,49198.34
CMP-6076,Banco Azteca,FACEBOOK ADS,Alcance,45-54,20/06/25,373980,7467,479,57391.7,100695.63
CMP-6842,Banco Azteca,YouTube Ads,Alcance,18-24,12/05/25,375549,3554,626,42830.57,137891.82
CMP-5022,Telcel,Google Ads,Tráfico,35-44,04/04/25,328473,14066,69,20014.46,119812.9
CMP-9086,Telcel,LinkedIn Ads,conversión,35-44,20/07/25,284398,6247,113,37991.32,163525.32
CMP-9980,GM Financial,TIKTOK ADS,Tráfico,45-54,12/06/25,235372,8500,321,67442.61,54302.57
CMP-1684,OnStar,YouTube Ads,Alcance,55+,03/07/25,221390,11932,320,78213.66,102011.02
CMP-3912,Cerveza Modelo,YouTube Ads,Alcance,18-24,26/02/25,231421,12720,126,2732.12,179529.45
CMP-7465,OnStar,Google Ads,Reconocimiento,55+,12/04/25,333794,12681,723,31197.73,216238.88
CMP-8058,Aeroméxico,TikTok Ads,Tráfico,35-44,19/01/25,147845,10281,796,72151.9,192849.28
CMP-1467,Telcel,Google Ads,Conversión,45-54,26/06/25,496649,3475,758,17865.83,14899.79
CMP-2363,Banco Azteca,Instagram Ads,Tráfico,45-54,22/10/25,227542,14701,765,66960.9,34419.95
CMP-10266,OnStar,Facebook Ads,Conversión,35-44,10/06/25,149112,10307,272,59476.59,97506.74
CMP-3257,Telcel,LINKEDIN ADS,Leads,25-34,30/07/25,404885,8677,642,22214.82,124515.61
CMP-2814,OnStar,YOUTUBE ADS,Reconocimiento,55+,18/02/25,159506,14656,686,46995.45,68737.11
CMP-8418,GM Financial,Facebook Ads,Leads,18-24,27/09/25,453673,7900,725,6216.52,53832.34
CMP-8874,GM Financial,YouTube Ads,Leads,18-24,03/03/25,115863,14658,604,10871.25,198816.7
CMP-8017,Cerveza Modelo,YouTube Ads,alcance,55+,27/06/25,223820,4541,273,49213.2,207015.35
CMP-5263,Banco Azteca,Instagram Ads,Conversión,25-34,11/07/25,217057,12873,27,23090.02,69596.03
CMP-6028,Cerveza Modelo,LinkedIn Ads,Alcance,35-44,16/06/25,262729,8412,692,13681.71,
CMP-5099,Liverpool,Instagram Ads,Reconocimiento,55+,09/10/25,456909,10842,458,53492.6,46770.28
CMP-6962,Telcel,Google Ads,Tráfico,35-44,17/03/25,65404,437,407,12904.11,47855.68
CMP-9109,Liverpool,TIKTOK ADS,Tráfico,45-54,26/06/25,373998,13552,511,71057.62,48017.37
CMP-8560,Bimbo,Google Ads,Reconocimiento,55+,22/08/25,134537,2812,244,52020.58,172995.16
CMP-7782,Aeroméxico,Google Ads,Tráfico,35-44,26/01/25,416731,5076,272,31608.91,132861.59
CMP-6511,Cerveza Modelo,Instagram Ads,Alcance,18-24,17/07/25,240077,3938,52,30080.19,171807.39
CMP-10202,Banco Azteca,FACEBOOK ADS,Conversión,45-54,15/05/25,37514,5048,784,10796.18,158614.04
CMP-6895,GM Financial,Google Ads,Reconocimiento,35-44,01/09/25,425223,12010,658,33623.79,784.25
CMP-7514,GM Financial,LinkedIn Ads,Conversión,18-24,27/07/25,375942,13610,320,37955.37,
CMP-7149,Telcel,TikTok Ads,Reconocimiento,35-44,20/06/25,236689,1079,376,23054.98,147520.19
CMP-3246,OnStar,Google Ads,Leads,18-24,17/08/25,102525,9290,489,62005.12,53281.51
CMP-7040,Banco Azteca,YOUTUBE ADS,Conversión,35-44,09/08/25,49589,8128,238,9456,
CMP-4964,Liverpool,Facebook Ads,Conversión,45-54,20/06/25,64627,5772,644,49284.46,14788.51
CMP-3461, OnStar  ,LinkedIn Ads,Conversión,25-34,03/09/25,52333,14496,791,73805.24,179141.92
CMP-6486,Telcel,YouTube Ads,Conversión,25-34,20/06/25,139344,5685,336,74803.86,120310.46
CMP-10390,Bimbo,Google Ads,Leads,45-54,26/01/25,20376,5836,761,28072.3,70078.9
CMP-6605,GM Financial,Instagram Ads,Reconocimiento,55+,03/02/25,473508,615,58,16749.79,121294.76
CMP-7912,OnStar,YOUTUBE ADS,tráfico,35-44,20/10/25,348201,14650,295,30365.17,55460.44
CMP-3710,Cerveza Modelo,Instagram Ads,Reconocimiento,18-24,31/08/25,311960,4771,369,44243.15,97813.82
CMP-5487,Telcel,FACEBOOK ADS,Leads,35-44,18/08/25,433707,7210,351,50059.93,64018.81
CMP-5130,Telcel,YouTube Ads,Tráfico,35-44,16/06/25,133729,14828,,54037.98,183961.58
CMP-1572,Telcel,Google Ads,Leads,35-44,16/05/25,746,746,586,21748.74,164958.2
CMP-2910,Bimbo,LINKEDIN ADS,Conversión,45-54,29/09/25,224888,2063,240,35117.28,52469.75
CMP-7708,Banco Azteca,Instagram Ads,Reconocimiento,25-34,23/05/25,497701,87,52,34219.93,20588.81
CMP-2923,Banco Azteca,LinkedIn Ads,Alcance,25-34,03/06/25,119588,14339,287,49615.83,25177.84
CMP-8520,Aeroméxico,Instagram Ads,Tráfico,18-24,30/09/25,350718,11595,,25394.6,181710.97
CMP-7843,Banco Azteca,LinkedIn Ads,Leads,45-54,23/08/25,150952,6086,546,36721.5,216295.69
CMP-4095,Bimbo,TIKTOK ADS,Tráfico,18-24,18/02/25,327840,13767,522,78802.01,143679.32
CMP-5789,Banco Azteca,Google Ads,Leads,55+,24/03/25,378516,9128,293,,20199.8
CMP-2800, OnStar  ,TikTok Ads,Leads,18-24,20/10/25,99276,6057,708,58618.91,48443.5
CMP-1262,GM Financial,TikTok Ads,Leads,45-54,04/10/25,439658,12226,477,4344.18,70354.47
CMP-10156,Liverpool,YouTube Ads,Conversión,55+,24/06/25,376832,2970,789,15422.53,198836.2
CMP-2638,Liverpool,Google Ads,Reconocimiento,35-44,12/10/25,486472,6600,,55412.13,125174.22
CMP-7815,Banco Azteca,FACEBOOK ADS,Reconocimiento,55+,26/01/25,48233,6240,180,38830.83,54511.99
CMP-2204,OnStar,YouTube Ads,reconocimiento,18-24,23/03/25,216254,8742,337,52762.01,206128.67
CMP-5163,Cerveza Modelo,Instagram Ads,Leads,25-34,08/08/25,325430,11779,626,41783.03,41694.11
CMP-8317,GM Financial,Google Ads,Alcance,35-44,28/03/25,339329,9485,64,8329.77,103031.33
CMP-5903,Cerveza Modelo,Facebook Ads,Conversión,18-24,04/02/25,98065,10581,220,45850.37,7346.7
CMP-10320,GM Financial,Instagram Ads,Alcance,25-34,07/05/25,421294,2835,3,17795.56,88771.32
CMP-6866,Bimbo,YouTube Ads,Tráfico,35-44,30/08/25,357420,13710,743,5393.41,7488.65
CMP-8506,GM Financial,LINKEDIN ADS,Alcance,55+,03/02/25,323905,2028,75,30589.33,205755.3
CMP-6378,Aeroméxico,LinkedIn Ads,Alcance,45-54,04/03/25,82622,1647,223,58755.73,70621.36
CMP-7173,GM Financial,LinkedIn Ads,Tráfico,25-34,30/04/25,48705,4587,161,68447.11,168269.97
CMP-4469,Bimbo,TikTok Ads,tráfico,25-34,12/02/25,266614,12668,224,17945.55,41161.69
CMP-4292,Aeroméxico,Instagram Ads,Tráfico,55+,04/09/25,451256,7518,331,26543.1,191960.79
CMP-9617,Aeroméxico,LinkedIn Ads,Alcance,25-34,19/06/25,398308,4443,135,45332.94,186679.95
CMP-10669,Telcel,YouTube Ads,Leads,55+,19/08/25,196276,12610,777,33220.97,14853.47
CMP-2441,Banco Azteca,Facebook Ads,Tráfico,25-34,01/03/25,469974,11135,763,5912.41,60015.47
CMP-2082,Banco Azteca,LinkedIn Ads,Alcance,55+,09/02/25,362418,1230,690,80165.28,
CMP-9230,Aeroméxico,TikTok Ads,tráfico,35-44,04/04/25,260394,7760,273,21647.87,
CMP-4575,Telcel,Google Ads,Alcance,55+,17/05/25,167235,7686,273,73129,51561.68
CMP-4809, Telcel  ,LinkedIn Ads,Reconocimiento,35-44,22/01/25,489622,6333,626,81083.18,68302.6
CMP-6846,Banco Azteca,YouTube Ads,Leads,45-54,12/01/25,14450,6399,632,25821.2,101521.36
CMP-1423,Bimbo,LinkedIn Ads,Leads,35-44,13/02/25,111790,11726,430,44411.11,186146.41
CMP-1200,Telcel,YouTube Ads,Tráfico,45-54,27/05/25,339438,4801,780,67855.23,214450.46
CMP-1389,OnStar,TikTok Ads,Tráfico,25-34,06/08/25,98670,12679,226,59275.72,37825.28
CMP-9831,Aeroméxico,Instagram Ads,Leads,25-34,12/03/25,378045,1816,6,61918.45,53534.11
CMP-3736,Banco Azteca,Facebook Ads,Tráfico,45-54,01/08/25,313888,7946,3,31421.12,160208.9
CMP-4775,Bimbo,Instagram Ads,Alcance,55+,29/08/25,377844,13934,330,63679.6,139471.23
CMP-8662,Telcel,LinkedIn Ads,Alcance,55+,16/10/25,177250,1792,485,22501.96,
CMP-9254,Banco Azteca,TikTok Ads,Leads,35-44,03/08/25,414536,5800,12,74890.29,
CMP-6417,Aeroméxico,Google Ads,Alcance,25-34,24/08/25,323159,13932,482,53593.47,
CMP-6099,Banco Azteca,,alcance,25-34,26/09/25,380098,11916,766,24981.63,82865.81
CMP-1099,Telcel,INSTAGRAM ADS,Conversión,25-34,15/08/25,324568,7276,723,,149042.25
CMP-3594,Liverpool,TikTok Ads,Tráfico,18-24,27/03/25,146039,13479,505,35898.05,211264.13
CMP-8192,Cerveza Modelo,TikTok Ads,Reconocimiento,18-24,05/06/25,124826,9927,518,49265.12,185976.56
CMP-8866,Banco Azteca,Facebook Ads,Conversión,55+,09/01/25,102547,5434,349,82439.21,117367.66
CMP-8359,Aeroméxico,TIKTOK ADS,Leads,35-44,27/08/25,305746,1562,303,57103.74,178694.89
CMP-4326,Cerveza Modelo,,Leads,45-54,09/08/25,81394,13337,372,37069.02,53026.35
CMP-1149,Liverpool,Facebook Ads,Leads,35-44,17/05/25,153683,14490,404,58992.44,21844.7
CMP-1009,OnStar,Google Ads,Tráfico,45-54,29/03/25,151562,14605,741,49066.65,152487.25
CMP-10104,OnStar,YouTube Ads,Alcance,35-44,07/01/25,133523,5593,620,54566.72,18127.31
CMP-4366,Aeroméxico,Instagram Ads,Conversión,55+,26/04/25,478517,4318,334,45652.54,99602.26
CMP-1598,Cerveza Modelo,Facebook Ads,Leads,18-24,06/03/25,462000,567,488,3488.1,142304.09
CMP-9971,Telcel,Google Ads,Leads,18-24,03/06/25,419745,9609,580,46356.5,77855.01
CMP-9256, Telcel  ,YouTube Ads,Tráfico,18-24,09/06/25,175536,594,411,47512.7,211440
CMP-2922,Liverpool,Facebook Ads,Conversión,55+,09/07/25,222762,602,602,60238,
CMP-3395,Cerveza Modelo,Instagram Ads,Alcance,25-34,21/10/25,133297,11434,463,31936.2,99834.76
CMP-1320,Aeroméxico,,Alcance,18-24,15/10/25,222161,4909,227,78626.49,170069.14
CMP-10193,Liverpool,LinkedIn Ads,Leads,25-34,08/08/25,257727,879,655,73428.94,93431.58
CMP-9090,Banco Azteca,Instagram Ads,Tráfico,25-34,23/05/25,136874,12225,67,52719.31,126216.56
CMP-3607,Telcel,Facebook Ads,Alcance,25-34,12/09/25,372811,14307,798,23197.12,35187.16
CMP-6858,GM Financial,YouTube Ads,Leads,18-24,10/01/25,180720,2327,205,60661.22,74571.09
CMP-9260,Liverpool,TikTok Ads,Leads,35-44,01/06/25,417474,5190,,55943.61,108936.89
CMP-7416,OnStar,Instagram Ads,Alcance,55+,31/08/25,400599,6461,518,78510.31,130917.23
CMP-10172,Bimbo,YouTube Ads,Reconocimiento,18-24,26/05/25,293891,12387,306,,36749.23
CMP-4030,Liverpool,Google Ads,Leads,35-44,11/06/25,478331,3708,398,68996.09,164031.89
CMP-6797,Banco Azteca,LinkedIn Ads,Alcance,18-24,19/01/25,405179,6026,386,3731.57,105467.98
CMP-5633,Aeroméxico,Facebook Ads,Tráfico,35-44,19/08/25,106132,2556,535,34717.02,107163.92
CMP-8961,Banco Azteca,YouTube Ads,tráfico,55+,27/05/25,371847,5451,364,67757.85,74186.15
CMP-2394,Cerveza Modelo,Facebook Ads,Alcance,35-44,12/10/25,202589,8449,421,68582.89,
CMP-7593, GM Financial  ,FACEBOOK ADS,Leads,35-44,25/08/25,192076,2583,157,21411.28,83723.01
CMP-2132,OnStar,LinkedIn Ads,Conversión,45-54,23/04/25,355786,8143,532,22872.93,197874.93
CMP-1828,OnStar,YouTube Ads,Reconocimiento,35-44,10/01/25,116511,184,16,3091.73,190802.03
CMP-9905,Telcel,Instagram Ads,Leads,35-44,19/02/25,408780,1423,189,51306.09,159793.72
CMP-5773,GM Financial,TikTok Ads,Conversión,45-54,15/10/25,446788,8422,250,,216371.27
CMP-3733,Cerveza Modelo,GOOGLE ADS,Conversión,18-24,22/03/25,442260,535,389,67857.61,29355.59
CMP-3137,Telcel,TikTok Ads,Reconocimiento,45-54,24/04/25,97639,6783,604,67360.15,195047.05
CMP-1814,Aeroméxico,Instagram Ads,Tráfico,55+,13/08/25,166264,4329,27,31873.9,209885.05
CMP-6925,Bimbo,YouTube Ads,Alcance,45-54,29/03/25,127636,11290,564,35757.95,171316.48
CMP-9296,GM Financial,Instagram Ads,Alcance,55+,05/06/25,417043,8460,80,31615.67,97956.93
CMP-7800,Telcel,YouTube Ads,Conversión,35-44,06/07/25,285425,3715,163,38811.58,61272.16
CMP-5342,Banco Azteca,Google Ads,leads,35-44,07/03/25,50399,4453,3,65561.49,97254.27
CMP-4744,Banco Azteca,LinkedIn Ads,Conversión,35-44,04/09/25,323796,672,611,71616.45,100241.35
CMP-7089,Cerveza Modelo,Instagram Ads,Reconocimiento,45-54,26/10/25,238215,12002,447,74410.94,29100.45
CMP-10816,GM Financial,Google Ads,Leads,25-34,19/08/25,86529,8526,20,2182.1,205806.84
CMP-7241, Telcel  ,TikTok Ads,Conversión,45-54,07/07/25,156805,5536,210,84869.08,165309.15
CMP-8870,Liverpool,Facebook Ads,Tráfico,35-44,11/03/25,301090,6204,298,46699.12,74754.51
CMP-2126,Liverpool,TIKTOK ADS,Leads,25-34,29/01/25,237515,5805,691,59130.05,182755.81
CMP-2149,Liverpool,LinkedIn Ads,Conversión,45-54,01/09/25,162782,12650,245,70008.12,205766.23
CMP-2294,Aeroméxico,Instagram Ads,Alcance,25-34,09/06/25,93566,5007,463,15112.76,11681.38
CMP-9172,OnStar,YouTube Ads,Alcance,18-24,21/04/25,214724,2592,486,18291.02,55808.88
CMP-5866, Cerveza Modelo  ,TikTok Ads,Tráfico,55+,21/10/25,393237,12513,556,58982.85,200364.68
CMP-4013,Aeroméxico,,Conversión,45-54,29/08/25,47948,10055,334,20971.06,206740.57
CMP-4555,OnStar,Google Ads,Leads,45-54,14/03/25,411494,9177,0,21109.98,210458.17
CMP-10631,OnStar,Facebook Ads,Tráfico,45-54,29/06/25,225416,11105,256,3717.1,120614.92
CMP-8213,Banco Azteca,LinkedIn Ads,reconocimiento,18-24,26/04/25,107591,5083,243,73312.8,139276.84
CMP-1599,Bimbo,Google Ads,Reconocimiento,18-24,26/05/25,437201,6465,91,33750.43,210239.38
CMP-5887,OnStar,Facebook Ads,Tráfico,55+,26/04/25,9862,1914,89,46766.21,80622.2
CMP-3400,Telcel,INSTAGRAM ADS,Tráfico,25-34,31/08/25,477176,4171,182,64524.71,146899.31
CMP-2635,Banco Azteca,LinkedIn Ads,Leads,25-34,20/10/25,335042,3759,782,44472.57,85487.96
CMP-6177,OnStar,INSTAGRAM ADS,Alcance,25-34,26/06/25,101285,753,201,4303.64,28361.1
CMP-2379,Aeroméxico,Instagram Ads,Reconocimiento,35-44,06/02/25,441245,6607,461,29704.94,198410.69
CMP-10511,OnStar,TIKTOK ADS,Reconocimiento,35-44,12/05/25,480662,14445,319,27489.19,208999.47
CMP-6285,Banco Azteca,Google Ads,Tráfico,25-34,14/10/25,276710,2360,363,3570.77,160753.92
CMP-1451,Aeroméxico,Google Ads,leads,45-54,31/05/25,284832,2020,701,81827.64,79596.69
CMP-5997,OnStar,INSTAGRAM ADS,Leads,35-44,10/06/25,322316,12238,654,41463.6,193464.39
CMP-9683,Aeroméxico,TikTok Ads,Reconocimiento,25-34,15/03/25,171550,11424,724,70287.85,147499.06
CMP-1455,Bimbo,LinkedIn Ads,alcance,55+,25/09/25,236340,7530,147,59672.44,207248.37
CMP-7471,Cerveza Modelo,TikTok Ads,Conversión,25-34,03/05/25,3156,3156,687,2206.09,201033.04
CMP-3911,GM Financial,YOUTUBE ADS,Alcance,25-34,13/10/25,188755,6787,754,73319.45,4204.24
CMP-7618, Bimbo  ,LinkedIn Ads,Alcance,,03/08/25,366467,3602,207,83408.68,97349.88
CMP-4995,Bimbo,Instagram Ads,Reconocimiento,55+,13/05/25,444691,3633,706,81091.36,175181.8
CMP-7057,Liverpool,TIKTOK ADS,Alcance,45-54,17/09/25,450807,3776,523,73064.25,183917.27
CMP-3533,Aeroméxico,,Reconocimiento,25-34,23/05/25,93598,551,436,65638.78,31501.13
CMP-6758,GM Financial,YouTube Ads,Reconocimiento,45-54,19/03/25,338519,3025,501,,188150.46
CMP-5645,GM Financial,GOOGLE ADS,Tráfico,35-44,14/06/25,101972,11068,77,,190853.6
CMP-9923,Aeroméxico,,Alcance,18-24,18/05/25,265237,2528,601,66821.22,215748
CMP-3855,Cerveza Modelo,YouTube Ads,Leads,45-54,29/05/25,197774,13413,638,67347.26,193899.36
CMP-5784,Banco Azteca,Instagram Ads,conversión,55+,25/07/25,12252,8441,161,11906.86,120594.5
CMP-6526,GM Financial,TikTok Ads,Alcance,45-54,11/02/25,432556,8369,316,5818.37,131294.34
CMP-9343,Telcel,Google Ads,Tráfico,18-24,13/08/25,48975,8034,614,73154.47,100404.15
CMP-9942,OnStar,TikTok Ads,Alcance,25-34,16/05/25,94346,2640,309,50872.26,169964.23
CMP-10420,Banco Azteca,Google Ads,Conversión,18-24,07/03/25,481956,8197,775,46750.46,104128.77
CMP-2021,Cerveza Modelo,TikTok Ads,Tráfico,25-34,15/10/25,417536,11771,,74677.77,100324.44
CMP-10170, Liverpool  ,YouTube Ads,Leads,25-34,13/09/25,34399,12262,427,22811.16,71327.09
CMP-4385,Aeroméxico,TikTok Ads,Reconocimiento,45-54,30/01/25,313249,1623,286,67761.09,212008
CMP-3353,Cerveza Modelo,YouTube Ads,Conversión,55+,18/07/25,434010,3120,628,59569.55,119791.22
CMP-4148,OnStar,Instagram Ads,Alcance,35-44,12/02/25,84579,6617,723,55314.94,31764.78
CMP-3282,Telcel,YOUTUBE ADS,Leads,35-44,17/07/25,32285,1900,737,2234.67,106122.93
CMP-5944,Bimbo,TikTok Ads,Alcance,18-24,03/05/25,498755,1158,414,49947.07,87301.68
CMP-7183,OnStar,Instagram Ads,Leads,35-44,15/08/25,58204,8906,220,18066.43,51251.95
CMP-6544,Cerveza Modelo,YOUTUBE ADS,Reconocimiento,45-54,07/08/25,336689,582,256,72424.51,139302.81
CMP-3264,OnStar,LinkedIn Ads,Leads,55+,19/01/25,200757,8055,1,13510.18,15795.27
CMP-6860,Aeroméxico,Facebook Ads,Tráfico,18-24,22/04/25,35871,13205,330,84826.72,33965.7
CMP-10735,GM Financial,TikTok Ads,Tráfico,45-54,17/01/25,167598,1538,632,5712.84,109100.15
CMP-2627,GM Financial,YouTube Ads,Alcance,55+,14/06/25,462707,4109,342,14732.63,138937.29
CMP-8825,Liverpool,LINKEDIN ADS,Tráfico,18-24,11/07/25,449090,14485,251,34130.89,89625.42
CMP-3924,GM Financial,LinkedIn Ads,Leads,18-24,25/01/25,326386,9934,514,53258.26,130779.8
CMP-8743,Telcel,Google Ads,Conversión,45-54,02/01/25,74082,9009,667,54152.5,88060.09
CMP-3261,OnStar,Facebook Ads,conversión,35-44,30/01/25,133422,295,197,72829.4,106419.64
CMP-5046,Bimbo,Facebook Ads,Conversión,55+,29/03/25,260417,8722,346,51732.85,152875.37
CMP-2628,Bimbo,Instagram Ads,alcance,45-54,30/04/25,379023,10759,,68508.8,106985.05
CMP-8476,OnStar,TikTok Ads,Tráfico,55+,06/09/25,77819,8043,383,73577.64,205368.82
CMP-7711,Liverpool,GOOGLE ADS,Leads,45-54,06/06/25,64542,1405,715,32059.01,147858.18
CMP-7092, Aeroméxico  ,LinkedIn Ads,Leads,55+,26/06/25,220955,697,351,15584.63,31321.05
CMP-7428,Liverpool,Google Ads,Conversión,45-54,08/04/25,26466,9431,184,75252.68,11391.75
CMP-4547, Aeroméxico  ,TikTok Ads,Tráfico,55+,28/05/25,6884,6884,385,789.13,120368.71
CMP-10839,GM Financial,YouTube Ads,Alcance,25-34,09/09/25,24429,824,208,,217771.97
CMP-8109,Liverpool,YouTube Ads,Conversión,45-54,20/08/25,380329,2476,54,41381.66,180256.92
CMP-5917,Aeroméxico,Instagram Ads,Reconocimiento,55+,03/09/25,439969,2171,,79531.56,87711.26
CMP-2948,Aeroméxico,TikTok Ads,tráfico,45-54,03/10/25,186488,1559,586,48098.93,180640.97
CMP-6830,Bimbo,YOUTUBE ADS,Leads,35-44,18/06/25,486702,8925,513,20422.39,104326.07
CMP-4951,Aeroméxico,Facebook Ads,Leads,25-34,26/07/25,96418,3708,84,75064.63,162.52
CMP-2382, OnStar  ,LinkedIn Ads,Leads,45-54,30/08/25,4937,4937,705,57117.18,125492.16
CMP-1404,Bimbo,Facebook Ads,Conversión,45-54,27/05/25,216812,1580,481,9069.87,50493.68
CMP-10914, Bimbo  ,,Tráfico,55+,29/01/25,226367,5710,717,50985.58,89669.47
CMP-10978,Bimbo,LinkedIn Ads,Reconocimiento,,16/07/25,319435,12407,131,4991.36,118037.28
CMP-2482,Banco Azteca,Facebook Ads,Reconocimiento,35-44,10/02/25,154118,5641,105,73512.14,164763.89
CMP-3254, GM Financial  ,LinkedIn Ads,Alcance,35-44,08/06/25,201823,8505,570,39776.2,194248.63
CMP-10276,Banco Azteca,TikTok Ads,Reconocimiento,35-44,01/07/25,224920,7040,663,73661.96,177250.69
CMP-9088,Liverpool,TikTok Ads,Alcance,45-54,22/05/25,158892,8500,245,32038.69,168081.13
CMP-9425,OnStar,Instagram Ads,leads,18-24,23/10/25,418557,10956,194,15582.37,69402.93
CMP-3084,OnStar,LinkedIn Ads,Reconocimiento,18-24,08/01/25,372861,11199,353,52850.96,202248.09
CMP-2027,Aeroméxico,TikTok Ads,Alcance,45-54,06/09/25,368701,3388,287,29707.45,109852.96
CMP-6115,Telcel,,Leads,18-24,14/01/25,76063,14121,168,20573.03,
CMP-7798, Banco Azteca  ,Facebook Ads,Alcance,,05/10/25,140758,14995,24,35991.36,53110.55
CMP-10201,Bimbo,Facebook Ads,Conversión,55+,05/03/25,71470,12226,613,69714.92,153326.75
CMP-7724,Aeroméxico,YouTube Ads,Tráfico,35-44,12/09/25,177145,11421,333,5590.65,132793.46
CMP-5842,GM Financial,Instagram Ads,Reconocimiento,35-44,07/07/25,289861,7157,317,51195.32,72056.66
CMP-6580,Aeroméxico,YouTube Ads,Alcance,25-34,07/04/25,21017,6616,520,69577.46,187016.77
CMP-7293,Liverpool,Instagram Ads,Alcance,35-44,25/10/25,186119,8907,456,43533.87,88315.41
CMP-6785,GM Financial,YouTube Ads,Tráfico,35-44,14/05/25,65991,13796,625,70197.46,151221.78
CMP-7466,OnStar,TikTok Ads,Reconocimiento,,15/02/25,300046,11528,194,70042.06,100530.19
CMP-7098,Liverpool,Google Ads,Alcance,35-44,24/04/25,163339,8601,263,6299.15,180510.82
CMP-2374,GM Financial,YouTube Ads,Conversión,25-34,15/03/25,294525,9180,186,12712.71,158111.02
CMP-6705,GM Financial,Instagram Ads,Alcance,35-44,05/08/25,162933,8887,,73423.57,148054.59
CMP-9269,Banco Azteca,,Reconocimiento,45-54,14/03/25,499210,1506,83,42029.81,161759
CMP-1552,Bimbo,GOOGLE ADS,Alcance,18-24,13/06/25,14822,8672,704,43493.55,78528.56
CMP-5105,Bimbo,YouTube Ads,Leads,25-34,10/05/25,472583,7517,113,33043.05,155880.39
CMP-2153,Banco Azteca,Instagram Ads,Tráfico,18-24,20/07/25,274485,2350,653,4735.76,
CMP-1251,OnStar,Facebook Ads,Tráfico,25-34,25/06/25,390942,14492,36,10370.92,96943.51
CMP-8061,Aeroméxico,LinkedIn Ads,Leads,55+,11/04/25,476820,6917,341,42594.71,187526.78
CMP-8471,GM Financial,TikTok Ads,Tráfico,25-34,26/04/25,153882,7537,625,55436.61,120948.11
CMP-2807,Banco Azteca,LinkedIn Ads,Reconocimiento,18-24,16/06/25,257480,10500,520,81016.79,28615.22
CMP-10144,Liverpool,LinkedIn Ads,Leads,45-54,17/03/25,250743,8042,283,71324.56,205777.41
CMP-6668,Bimbo,Google Ads,Leads,55+,25/05/25,92337,10020,87,31125.36,138984.1
CMP-5999,Telcel,Google Ads,Conversión,55+,09/07/25,474120,6823,,24067.29,22537.73
CMP-9966,Banco Azteca,Instagram Ads,tráfico,55+,15/10/25,77498,2614,384,6827.09,107804.33
CMP-10110,Telcel,YouTube Ads,Tráfico,25-34,21/01/25,208689,9881,293,19580.35,179333.57
CMP-7051,Aeroméxico,YouTube Ads,Reconocimiento,45-54,02/03/25,420128,13493,267,60231.13,126954.8
CMP-6202,OnStar,Facebook Ads,Alcance,35-44,01/01/25,314380,4444,125,,139145.81
CMP-5225,OnStar,TikTok Ads,Reconocimiento,35-44,29/05/25,480904,641,252,28292.96,170905.75
CMP-2365,GM Financial,Instagram Ads,Tráfico,45-54,13/01/25,96922,8139,244,28403.36,21357.41
CMP-3826,Cerveza Modelo,Google Ads,conversión,45-54,07/10/25,264207,2782,52,9549.41,114171.48
CMP-9426,Cerveza Modelo,,alcance,18-24,06/01/25,232358,2008,425,52558.87,193188.6
CMP-9518,Bimbo,Facebook Ads,Leads,18-24,25/02/25,18243,10051,235,60349.83,104405.56
CMP-10157,Bimbo,Google Ads,Tráfico,35-44,01/01/25,113373,2751,430,15166.86,205260.18
CMP-8287,Aeroméxico,Google Ads,Leads,45-54,10/08/25,327824,8545,,28933.92,58215.16
CMP-6926,Aeroméxico,Google Ads,Reconocimiento,18-24,13/03/25,275381,10285,408,61144.95,102913.09
CMP-4610,Telcel,Facebook Ads,Leads,18-24,13/08/25,173256,8155,209,29337.93,124658.37
CMP-8474,GM Financial,Facebook Ads,Tráfico,45-54,18/08/25,324287,14482,26,82251.4,50978.2
CMP-9069,Bimbo,Google Ads,Leads,25-34,17/03/25,334296,5311,554,71412.95,163327.19
CMP-8452,Bimbo,TikTok Ads,Leads,18-24,25/05/25,150734,7132,112,11784.3,139463.38
CMP-6756,Bimbo,FACEBOOK ADS,Reconocimiento,18-24,13/02/25,96373,14531,582,40904.99,64146.32
CMP-8765,Banco Azteca,YouTube Ads,Conversión,45-54,22/07/25,63077,3599,1,61391.1,185136.48
CMP-10538,OnStar,LINKEDIN ADS,Reconocimiento,35-44,29/04/25,195661,4744,737,67835.55,31133.21
CMP-7271,Banco Azteca,Instagram Ads,Alcance,55+,07/06/25,87681,14471,246,36825.11,133948.09
CMP-4266,Telcel,TikTok Ads,Alcance,18-24,29/03/25,6023,6023,679,,143834.12
CMP-10808,Cerveza Modelo,Facebook Ads,Conversión,18-24,08/09/25,363618,3900,670,42171.43,164446.89
CMP-8230,Telcel,YouTube Ads,Conversión,45-54,24/06/25,100168,7148,325,24802.69,
CMP-3692,OnStar,Facebook Ads,Tráfico,25-34,13/04/25,477760,2746,413,77627.61,170373.19
CMP-6553,Banco Azteca,TikTok Ads,Alcance,35-44,15/03/25,39367,4074,,64366.94,16199.15
CMP-10701,Cerveza Modelo,TIKTOK ADS,Alcance,25-34,14/09/25,239151,398,177,84150.7,203209.1
CMP-6317,Telcel,LinkedIn Ads,alcance,25-34,28/06/25,652,652,361,29121.96,98758.11
CMP-6035,GM Financial,Facebook Ads,Conversión,55+,03/08/25,424111,9433,612,64771.29,6785.76
CMP-3390,Banco Azteca,Instagram Ads,Conversión,25-34,24/05/25,89855,12366,566,14722.28,44593.69
CMP-6757,Bimbo,YouTube Ads,Leads,35-44,26/09/25,449614,7910,23,46199.08,150789.25
CMP-8045,OnStar,LinkedIn Ads,Reconocimiento,18-24,03/10/25,342923,2302,658,14473.51,170058.62
CMP-10247, OnStar  ,Instagram Ads,Tráfico,18-24,18/02/25,271345,7428,782,25557.45,115647.95
CMP-6083,Banco Azteca,TikTok Ads,alcance,18-24,11/10/25,257775,3101,116,34170.51,19459.37
CMP-3252,Aeroméxico,YouTube Ads,Reconocimiento,25-34,07/06/25,149655,14306,17,55626.25,14032.87
CMP-2288,Liverpool,INSTAGRAM ADS,Reconocimiento,55+,02/03/25,424756,3754,794,15958.89,114774.93
CMP-2953,OnStar,,Alcance,18-24,10/09/25,48096,11356,281,35415.13,86717.7
CMP-3372,Telcel,TIKTOK ADS,Reconocimiento,55+,02/03/25,478610,8482,447,1563.54,70158.14
CMP-3543,GM Financial,LinkedIn Ads,Reconocimiento,25-34,25/04/25,130851,2940,493,84405.77,195883.06
CMP-5122,OnStar,YouTube Ads,Conversión,45-54,14/08/25,495200,11246,712,54323.54,33463.27
CMP-8243,Bimbo,TikTok Ads,Conversión,45-54,18/08/25,312478,11189,752,49745.04,113960.85
CMP-6401,Telcel,Instagram Ads,Conversión,18-24,28/09/25,175194,5960,600,68722.46,169822.41
CMP-7462,Banco Azteca,YouTube Ads,Conversión,25-34,21/01/25,245112,6969,278,40047.6,179463.43
CMP-10040,Liverpool,Google Ads,Alcance,35-44,02/09/25,63086,1920,,42039.46,35925.09
CMP-9527,Telcel,TIKTOK ADS,Reconocimiento,45-54,22/08/25,183773,1372,344,50267.5,101092.62
CMP-5714,Banco Azteca,,Conversión,45-54,10/02/25,439122,10054,666,18549.86,218437.62
CMP-5395,GM Financial,YOUTUBE ADS,Conversión,35-44,04/09/25,166301,10185,390,,212062.26
CMP-9419,Bimbo,YouTube Ads,Leads,45-54,29/06/25,246636,2700,281,8876.47,148879.82
CMP-3761,Telcel,Instagram Ads,Tráfico,18-24,09/06/25,469124,13744,214,22618.53,151257.63